# 1st dimension: Re = np.logspace(np.log10(1.4e6), np.log10(1.05e7), 20); 2nd dimension: alpha = np.arange(-5., 5.5, .5)
nan,-2.519958317279815674e-01,-1.985923349857330322e-01,-1.433927565813064575e-01,-7.257296144962310791e-02,-5.011328961700201035e-03,4.911444336175918579e-02,nan,1.556147933006286621e-01,2.103613466024398804e-01,2.652027010917663574e-01,nan,nan,nan,nan,nan,nan,6.365907192230224609e-01,6.899912357330322266e-01,7.429223656654357910e-01,7.954994440078735352e-01
nan,-2.493006289005279541e-01,-1.958362460136413574e-01,-1.278427988290786743e-01,-6.226490065455436707e-02,-7.210673298686742783e-03,4.691001400351524353e-02,1.003076881170272827e-01,1.548569053411483765e-01,2.099327892065048218e-01,2.650657594203948975e-01,nan,nan,nan,nan,nan,nan,nan,nan,nan,nan
nan,-2.504176497459411621e-01,-1.977641880512237549e-01,-1.313626021146774292e-01,-6.386393308639526367e-02,-7.407204713672399521e-03,4.508625715970993042e-02,9.924656152725219727e-02,1.542555093765258789e-01,2.096031010150909424e-01,2.649291455745697021e-01,nan,nan,nan,nan,nan,nan,nan,nan,nan,nan
-3.038265407085418701e-01,-2.498858422040939331e-01,-1.965030878782272339e-01,-1.272061020135879517e-01,-6.201005727052688599e-02,nan,4.377220571041107178e-02,9.847918897867202759e-02,1.537947505712509155e-01,2.093262672424316406e-01,2.647893428802490234e-01,3.197361826896667480e-01,nan,nan,4.815940558910369873e-01,5.369779467582702637e-01,5.921897292137145996e-01,nan,7.020202875137329102e-01,7.565795779228210449e-01,8.108806610107421875e-01
nan,-2.494685798883438110e-01,nan,-1.228179931640625000e-01,-6.390556693077087402e-02,-1.171482820063829422e-02,4.267984256148338318e-02,9.784560650587081909e-02,1.533996015787124634e-01,2.090913653373718262e-01,2.646299600601196289e-01,3.198523521423339844e-01,nan,nan,nan,nan,5.925365686416625977e-01,6.475983262062072754e-01,7.024536728858947754e-01,7.570328712463378906e-01,8.113794326782226562e-01
nan,-2.491287589073181152e-01,-1.859565377235412598e-01,-1.198960542678833008e-01,-6.660287082195281982e-02,-1.306880265474319458e-02,4.191457852721214294e-02,9.737270325422286987e-02,1.531163901090621948e-01,2.088710814714431763e-01,2.644762098789215088e-01,3.198650479316711426e-01,3.720970153808593750e-01,nan,nan,nan,nan,6.479485630989074707e-01,7.028516530990600586e-01,7.575389146804809570e-01,8.119912743568420410e-01
nan,-2.488709837198257446e-01,-1.819446682929992676e-01,-1.200234666466712952e-01,-6.866589188575744629e-02,-1.423698570579290390e-02,4.128913953900337219e-02,9.697660803794860840e-02,1.528447717428207397e-01,2.086829990148544312e-01,2.643494009971618652e-01,nan,nan,nan,nan,nan,nan,nan,nan,nan,nan
-2.992644608020782471e-01,nan,-1.779015213251113892e-01,-1.228548437356948853e-01,-7.001470774412155151e-02,nan,4.080534353852272034e-02,9.668749570846557617e-02,1.526351571083068848e-01,2.084971517324447632e-01,2.642196118831634521e-01,3.158145546913146973e-01,3.706031143665313721e-01,nan,nan,nan,nan,nan,nan,7.474970221519470215e-01,8.007661700248718262e-01
nan,nan,-1.760992109775543213e-01,-1.248312667012214661e-01,-7.073929905891418457e-02,nan,4.043309390544891357e-02,9.641537070274353027e-02,1.524121314287185669e-01,2.083301246166229248e-01,2.640955150127410889e-01,nan,nan,nan,nan,nan,nan,nan,nan,nan,nan
-3.017598092555999756e-01,-2.366709262132644653e-01,-1.788678616285324097e-01,-1.267936676740646362e-01,-7.178321480751037598e-02,nan,4.012978821992874146e-02,9.621211886405944824e-02,1.522180885076522827e-01,2.081773281097412109e-01,2.639917135238647461e-01,3.197965025901794434e-01,3.754727542400360107e-01,4.307555258274078369e-01,nan,nan,nan,nan,nan,nan,nan
-2.990431487560272217e-01,-2.334079593420028687e-01,-1.816357225179672241e-01,-1.277680546045303345e-01,-7.231798022985458374e-02,-1.633548364043235779e-02,3.988727927207946777e-02,9.599244594573974609e-02,1.520455628633499146e-01,2.080209255218505859e-01,2.639166712760925293e-01,3.197729885578155518e-01,3.755642473697662354e-01,4.311790168285369873e-01,nan,nan,nan,nan,nan,nan,nan
-2.945083379745483398e-01,-2.347547858953475952e-01,-1.833764016628265381e-01,-1.284901946783065796e-01,-7.272788882255554199e-02,-1.659625582396984100e-02,3.967450559139251709e-02,9.580867737531661987e-02,1.518747061491012573e-01,2.078747153282165527e-01,2.638233900070190430e-01,3.197799921035766602e-01,3.756435215473175049e-01,nan,nan,nan,nan,nan,nan,nan,nan
-2.914476692676544189e-01,-2.380638122558593750e-01,-1.845380216836929321e-01,-1.290469616651535034e-01,-7.306046783924102783e-02,-1.681064814329147339e-02,3.948111459612846375e-02,9.562921524047851562e-02,nan,2.077506780624389648e-01,2.637739479541778564e-01,3.197751939296722412e-01,3.757187128067016602e-01,4.315803647041320801e-01,4.871105849742889404e-01,nan,nan,nan,nan,nan,nan
-2.908192574977874756e-01,-2.399608492851257324e-01,-1.854043304920196533e-01,-1.295044124126434326e-01,-7.333554327487945557e-02,-1.701264083385467529e-02,3.928752243518829346e-02,9.545284509658813477e-02,1.515870094299316406e-01,2.076596170663833618e-01,nan,3.197736144065856934e-01,3.758013248443603516e-01,4.317359924316406250e-01,nan,nan,nan,nan,nan,nan,nan
-2.943586707115173340e-01,-2.410837411880493164e-01,-1.859298944473266602e-01,-1.298713237047195435e-01,-7.357936352491378784e-02,-1.719618588685989380e-02,3.911510109901428223e-02,9.529444575309753418e-02,1.514593213796615601e-01,2.075676023960113525e-01,2.637037932872772217e-01,3.197969198226928711e-01,3.758828341960906982e-01,4.318619072437286377e-01,4.877448976039886475e-01,nan,nan,nan,nan,nan,nan
-2.964404523372650146e-01,-2.418125718832015991e-01,-1.863126456737518311e-01,-1.301829367876052856e-01,-7.380548119544982910e-02,-1.739745400846004486e-02,3.894390165805816650e-02,9.516168385744094849e-02,1.513397544622421265e-01,nan,2.637073397636413574e-01,3.198321759700775146e-01,3.759534955024719238e-01,4.320053756237030029e-01,4.879230260848999023e-01,5.436272025108337402e-01,nan,nan,nan,nan,8.170265555381774902e-01
-2.975956201553344727e-01,-2.423318624496459961e-01,-1.865917444229125977e-01,-1.304818391799926758e-01,-7.400907576084136963e-02,-1.760170608758926392e-02,3.878796473145484924e-02,9.503555297851562500e-02,1.512365490198135376e-01,2.074514627456665039e-01,2.637102007865905762e-01,3.198705613613128662e-01,3.760391771793365479e-01,4.321416020393371582e-01,4.880559146404266357e-01,5.438916087150573730e-01,nan,nan,7.072337865829467773e-01,7.625557184219360352e-01,8.174254298210144043e-01
-2.983151972293853760e-01,-2.427194565534591675e-01,-1.868095844984054565e-01,-1.307656317949295044e-01,-7.423187047243118286e-02,-1.777206175029277802e-02,3.865336626768112183e-02,9.491740912199020386e-02,1.511658877134323120e-01,2.074297219514846802e-01,2.637100815773010254e-01,3.199122548103332520e-01,3.761193752288818359e-01,4.322360754013061523e-01,4.882458150386810303e-01,5.441288948059082031e-01,5.992352366447448730e-01,nan,nan,nan,8.178922533988952637e-01
-2.988289892673492432e-01,-2.430101037025451660e-01,-1.869970411062240601e-01,-1.308763772249221802e-01,nan,nan,3.852792829275131226e-02,9.483371675014495850e-02,1.510958969593048096e-01,2.074023187160491943e-01,2.637216150760650635e-01,3.199606835842132568e-01,3.761891722679138184e-01,4.323811531066894531e-01,4.883591830730438232e-01,5.442783236503601074e-01,6.000216603279113770e-01,nan,nan,nan,nan
-2.992250919342041016e-01,-2.432422637939453125e-01,-1.871375739574432373e-01,nan,-7.462428510189056396e-02,nan,3.841292485594749451e-02,9.475903958082199097e-02,1.510625332593917847e-01,2.073815017938613892e-01,2.637418806552886963e-01,3.200227320194244385e-01,3.762479722499847412e-01,4.324725568294525146e-01,4.885331988334655762e-01,5.444455742835998535e-01,nan,nan,nan,nan,nan
