# 1st dimension: Re = np.logspace(np.log10(1.4e6), np.log10(1.05e7), 20); 2nd dimension: alpha = np.arange(-5., 5.5, .5)
-3.204906284809112549e-01,-2.696472704410552979e-01,-2.146684527397155762e-01,-1.614577174186706543e-01,-1.057104989886283875e-01,-5.045672878623008728e-02,5.104975309222936630e-03,nan,1.106333881616592407e-01,1.489482372999191284e-01,2.022060602903366089e-01,2.537392377853393555e-01,3.229518830776214600e-01,3.840340077877044678e-01,4.685559272766113281e-01,5.308637619018554688e-01,6.012118458747863770e-01,6.680509448051452637e-01,7.330265641212463379e-01,7.958438992500305176e-01,8.558685183525085449e-01
-3.243339061737060547e-01,-2.732176780700683594e-01,-2.179933935403823853e-01,-1.639185696840286255e-01,-1.079591512680053711e-01,-5.222047865390777588e-02,3.949766047298908234e-03,5.871049687266349792e-02,1.108944490551948547e-01,1.542044281959533691e-01,2.002661973237991333e-01,2.546443641185760498e-01,3.165093660354614258e-01,3.727021515369415283e-01,4.540999531745910645e-01,5.287695527076721191e-01,5.879727602005004883e-01,6.556279659271240234e-01,7.213096618652343750e-01,7.855399847030639648e-01,8.485152125358581543e-01
-3.281290829181671143e-01,-2.764178514480590820e-01,-2.208807915449142456e-01,-1.661368608474731445e-01,-1.099404990673065186e-01,-5.368575453758239746e-02,3.005885053426027298e-03,5.821196362376213074e-02,1.109193563461303711e-01,nan,1.990100890398025513e-01,2.538470923900604248e-01,3.114590644836425781e-01,3.713646233081817627e-01,4.389018118381500244e-01,5.191403627395629883e-01,5.819811224937438965e-01,6.431158185005187988e-01,7.088845968246459961e-01,7.736899852752685547e-01,8.375561237335205078e-01
-3.318539857864379883e-01,-2.793105542659759521e-01,-2.234234362840652466e-01,-1.680272966623306274e-01,-1.117074862122535706e-01,nan,1.910719205625355244e-03,5.773110687732696533e-02,1.108514443039894104e-01,1.617152541875839233e-01,2.004011869430541992e-01,2.534469068050384521e-01,3.083727359771728516e-01,3.695099949836730957e-01,4.277937710285186768e-01,5.074867606163024902e-01,5.760166645050048828e-01,6.306874752044677734e-01,6.963850259780883789e-01,7.612586021423339844e-01,8.253595232963562012e-01
-3.354302644729614258e-01,-2.819094061851501465e-01,-2.256670743227005005e-01,-1.696486026048660278e-01,-1.130400821566581726e-01,-5.589970573782920837e-02,7.863230421207845211e-04,5.715790763497352600e-02,1.107512712478637695e-01,1.630821675062179565e-01,2.032004147768020630e-01,2.540999054908752441e-01,nan,3.672057986259460449e-01,4.230747222900390625e-01,4.944272041320800781e-01,5.667839050292968750e-01,6.296809911727905273e-01,6.839152574539184570e-01,7.488575577735900879e-01,8.126403689384460449e-01
-3.385567963123321533e-01,-2.841659188270568848e-01,-2.277489900588989258e-01,-1.706989556550979614e-01,-1.142811998724937439e-01,-5.716105550527572632e-02,-2.695105213206261396e-04,5.653822049498558044e-02,1.104515343904495239e-01,1.640259176492691040e-01,2.060391753911972046e-01,2.555598020553588867e-01,3.089458942413330078e-01,3.654963970184326172e-01,4.235516786575317383e-01,4.840611219406127930e-01,5.561102628707885742e-01,6.220310926437377930e-01,6.781021952629089355e-01,7.363530993461608887e-01,8.000501394271850586e-01
-3.408257663249969482e-01,-2.860611677169799805e-01,-2.294013649225234985e-01,-1.714243292808532715e-01,-1.154506504535675049e-01,-5.837329477071762085e-02,-1.236066338606178761e-03,5.566779896616935730e-02,1.101621836423873901e-01,1.646535098552703857e-01,2.097188830375671387e-01,2.584849894046783447e-01,3.096864223480224609e-01,3.653586804866790771e-01,4.230121672153472900e-01,4.791925251483917236e-01,5.465402007102966309e-01,6.124551892280578613e-01,6.732212305068969727e-01,7.238159179687500000e-01,7.872436642646789551e-01
-3.425160944461822510e-01,-2.874571681022644043e-01,-2.309575080871582031e-01,-1.730883568525314331e-01,-1.165645420551300049e-01,-5.951768159866333008e-02,-2.203317591920495033e-03,5.479253455996513367e-02,1.099918410181999207e-01,1.649298667907714844e-01,2.134505212306976318e-01,2.619012892246246338e-01,3.106558322906494141e-01,nan,4.225639104843139648e-01,4.790283441543579102e-01,5.385296344757080078e-01,6.034546494483947754e-01,6.646941900253295898e-01,7.174557447433471680e-01,7.742879986763000488e-01
-3.437495231628417969e-01,-2.886222004890441895e-01,-2.324258983135223389e-01,-1.746411174535751343e-01,-1.175931692123413086e-01,-6.060251221060752869e-02,-3.211389062926173210e-03,5.407874658703804016e-02,1.097270995378494263e-01,1.648982614278793335e-01,2.162417471408843994e-01,2.641642391681671143e-01,nan,3.681715428829193115e-01,4.236727952957153320e-01,4.795398116111755371e-01,5.349239110946655273e-01,5.961930155754089355e-01,6.570118665695190430e-01,7.132755517959594727e-01,7.636047601699829102e-01
-3.447595834732055664e-01,-2.896404862403869629e-01,-2.338100820779800415e-01,-1.760839372873306274e-01,-1.184990033507347107e-01,-6.163311377167701721e-02,-4.155395552515983582e-03,5.332972481846809387e-02,1.094340085983276367e-01,1.648211926221847534e-01,2.181779891252517700e-01,2.665843367576599121e-01,3.134800493717193604e-01,3.689680695533752441e-01,4.257212877273559570e-01,4.801992475986480713e-01,5.359019041061401367e-01,5.910791754722595215e-01,6.502031087875366211e-01,7.075369954109191895e-01,7.598143815994262695e-01
-3.405992984771728516e-01,-2.864609360694885254e-01,-2.351045161485671997e-01,-1.774246841669082642e-01,nan,-6.263131648302078247e-02,-4.963471554219722748e-03,5.263631790876388550e-02,1.091039627790451050e-01,1.646495610475540161e-01,2.189722061157226562e-01,nan,nan,nan,nan,nan,nan,nan,nan,nan,nan
-3.463519215583801270e-01,nan,-2.362999469041824341e-01,-1.786742508411407471e-01,-1.208554655313491821e-01,-6.341563910245895386e-02,-5.747040733695030212e-03,5.200887098908424377e-02,1.088089123368263245e-01,1.644380539655685425e-01,2.195534706115722656e-01,2.721025645732879639e-01,3.199735581874847412e-01,3.730375468730926514e-01,4.292016327381134033e-01,4.845770597457885742e-01,5.376110672950744629e-01,5.929402112960815430e-01,6.443588733673095703e-01,6.988528966903686523e-01,7.525044083595275879e-01
-3.470330536365509033e-01,nan,-2.374184876680374146e-01,-1.798387467861175537e-01,-1.219552084803581238e-01,nan,-6.504010874778032303e-03,5.130260437726974487e-02,1.084862053394317627e-01,1.642426848411560059e-01,2.200779765844345093e-01,2.740357816219329834e-01,3.224548995494842529e-01,3.749054670333862305e-01,4.300147294998168945e-01,4.874261915683746338e-01,5.401844978332519531e-01,5.936117172241210938e-01,6.468266248703002930e-01,6.985784173011779785e-01,7.503022551536560059e-01
nan,nan,-2.384571582078933716e-01,-1.809209436178207397e-01,nan,nan,-7.248744368553161621e-03,5.057575926184654236e-02,1.081450060009956360e-01,1.639571636915206909e-01,2.203412503004074097e-01,2.751127779483795166e-01,3.245721757411956787e-01,3.784041702747344971e-01,4.311448633670806885e-01,4.896517395973205566e-01,5.431642532348632812e-01,5.953065752983093262e-01,6.498706340789794922e-01,7.015899419784545898e-01,7.514300346374511719e-01
nan,nan,-2.394654750823974609e-01,-1.818789690732955933e-01,nan,-6.583064794540405273e-02,-7.994539104402065277e-03,4.990794882178306580e-02,1.076235696673393250e-01,1.636736541986465454e-01,2.205151170492172241e-01,2.755321264266967773e-01,3.276354372501373291e-01,3.805449903011322021e-01,4.340552687644958496e-01,4.901224970817565918e-01,5.463039278984069824e-01,5.979284048080444336e-01,6.510949730873107910e-01,7.064092755317687988e-01,7.556161880493164062e-01
nan,nan,-2.397413402795791626e-01,-1.827920228242874146e-01,nan,nan,-8.734694682061672211e-03,4.933047667145729065e-02,1.070950105786323547e-01,1.634665578603744507e-01,2.204529345035552979e-01,2.757574021816253662e-01,3.301754295825958252e-01,3.816001713275909424e-01,4.362381994724273682e-01,4.909125268459320068e-01,nan,6.010410785675048828e-01,6.531901359558105469e-01,7.074395418167114258e-01,7.618034482002258301e-01
nan,nan,nan,-1.836691945791244507e-01,-1.256725937128067017e-01,-6.750914454460144043e-02,-9.462616406381130219e-03,4.872263222932815552e-02,1.065486893057823181e-01,1.632402688264846802e-01,2.203632146120071411e-01,2.761400341987609863e-01,nan,3.825875222682952881e-01,4.390315711498260498e-01,4.929180443286895752e-01,5.500569343566894531e-01,6.043706536293029785e-01,6.560705304145812988e-01,7.091011404991149902e-01,7.630164623260498047e-01
nan,nan,-2.419953793287277222e-01,-1.845148801803588867e-01,nan,-6.828383356332778931e-02,-1.015846990048885345e-02,4.806004092097282410e-02,1.059634238481521606e-01,1.629499942064285278e-01,2.200699597597122192e-01,2.764079868793487549e-01,3.327727913856506348e-01,3.838087022304534912e-01,4.402093291282653809e-01,4.947696924209594727e-01,5.506163835525512695e-01,6.074674725532531738e-01,6.592805981636047363e-01,7.113379240036010742e-01,7.648785114288330078e-01
nan,-3.003005385398864746e-01,-2.429741173982620239e-01,-1.853299438953399658e-01,-1.273003816604614258e-01,-6.902281194925308228e-02,-1.083978638052940369e-02,4.738828539848327637e-02,1.053484529256820679e-01,1.627054363489151001e-01,2.197960764169692993e-01,2.766669988632202148e-01,3.329446613788604736e-01,3.853658735752105713e-01,4.409358203411102295e-01,4.972534477710723877e-01,5.520682334899902344e-01,6.089451909065246582e-01,6.626017093658447266e-01,7.140341401100158691e-01,7.672203183174133301e-01
-3.582254052162170410e-01,-3.014567196369171143e-01,-2.438946813344955444e-01,-1.861032545566558838e-01,-1.280546486377716064e-01,-6.973795592784881592e-02,-1.151441317051649094e-02,4.678948968648910522e-02,1.047599017620086670e-01,1.624188423156738281e-01,2.194814234972000122e-01,2.768264114856719971e-01,3.330892324447631836e-01,3.868082165718078613e-01,4.420019090175628662e-01,4.984112083911895752e-01,5.539999604225158691e-01,6.095014810562133789e-01,6.656538248062133789e-01,7.170886397361755371e-01,7.699984908103942871e-01
