# 1st dimension: Re = np.logspace(np.log10(1.4e6), np.log10(1.05e7), 20); 2nd dimension: alpha = np.arange(-5., 5.5, .5)
nan,nan,nan,-1.727093309164047241e-01,-1.144343167543411255e-01,-5.596059933304786682e-02,2.934201620519161224e-03,6.174257770180702209e-02,1.203328222036361694e-01,1.794413477182388306e-01,2.375784665346145630e-01,2.956731319427490234e-01,3.517998158931732178e-01,4.082969129085540771e-01,4.623717069625854492e-01,5.122674703598022461e-01,5.639927387237548828e-01,6.168089509010314941e-01,6.692088246345520020e-01,7.203153967857360840e-01,7.729751467704772949e-01
nan,nan,-2.314190119504928589e-01,-1.734986901283264160e-01,-1.151234284043312073e-01,-5.625395476818084717e-02,2.532127080485224724e-03,6.126886978745460510e-02,1.202972680330276489e-01,1.791815757751464844e-01,2.371232807636260986e-01,2.954755425453186035e-01,3.519234061241149902e-01,4.086270332336425781e-01,4.617962837219238281e-01,5.124441385269165039e-01,5.660681724548339844e-01,6.191218495368957520e-01,6.726900339126586914e-01,nan,7.763398885726928711e-01
nan,-2.886647880077362061e-01,-2.323472946882247925e-01,nan,-1.154646500945091248e-01,-5.659065395593643188e-02,2.105678897351026535e-03,6.095452234148979187e-02,1.202233508229255676e-01,1.786920577287673950e-01,2.370278239250183105e-01,2.954877614974975586e-01,3.523676991462707520e-01,4.085476696491241455e-01,4.611355662345886230e-01,5.129459500312805176e-01,5.672416687011718750e-01,6.207712292671203613e-01,6.760600209236145020e-01,7.288551330566406250e-01,7.809393405914306641e-01
nan,-2.906663715839385986e-01,-2.331675440073013306e-01,-1.747971624135971069e-01,-1.158167272806167603e-01,-5.698618292808532715e-02,1.702305045910179615e-03,6.085221096873283386e-02,1.200240328907966614e-01,1.786286085844039917e-01,2.367524504661560059e-01,2.953159511089324951e-01,3.525156974792480469e-01,4.080808758735656738e-01,4.602623879909515381e-01,5.133786201477050781e-01,5.685308575630187988e-01,6.228193044662475586e-01,6.780747771263122559e-01,7.320994734764099121e-01,7.860432863235473633e-01
nan,-2.918364703655242920e-01,-2.338835448026657104e-01,-1.751546263694763184e-01,-1.162170693278312683e-01,-5.741348862648010254e-02,1.503410632722079754e-03,6.071919947862625122e-02,1.197087839245796204e-01,1.782575398683547974e-01,2.366506755352020264e-01,2.952075898647308350e-01,3.528720736503601074e-01,4.072432219982147217e-01,4.597859084606170654e-01,5.139148235321044922e-01,5.701218247413635254e-01,6.250870227813720703e-01,6.797307729721069336e-01,7.354231476783752441e-01,7.892141938209533691e-01
-3.497421145439147949e-01,-2.927196919918060303e-01,-2.343778759241104126e-01,-1.755256950855255127e-01,-1.166610568761825562e-01,-5.780865624547004700e-02,1.386413699947297573e-03,6.054285913705825806e-02,1.193855479359626770e-01,1.780247986316680908e-01,2.365712672472000122e-01,2.949319481849670410e-01,3.523936271667480469e-01,4.061802029609680176e-01,nan,5.149648189544677734e-01,5.709489583969116211e-01,6.265369057655334473e-01,6.816676259040832520e-01,7.377465963363647461e-01,7.918961644172668457e-01
-3.512595593929290771e-01,-2.934433817863464355e-01,-2.347788810729980469e-01,nan,-1.171068623661994934e-01,-5.800490453839302063e-02,1.224948326125741005e-03,6.032188609242439270e-02,1.193462461233139038e-01,1.776578277349472046e-01,2.362913489341735840e-01,2.947980761528015137e-01,3.513526916503906250e-01,4.052163660526275635e-01,4.599522650241851807e-01,5.153961181640625000e-01,5.717996954917907715e-01,6.277320981025695801e-01,6.837079524993896484e-01,7.395561337471008301e-01,7.946648597717285156e-01
-3.522150516510009766e-01,-2.939323186874389648e-01,-2.351876944303512573e-01,-1.763681173324584961e-01,-1.174905672669410706e-01,-5.820152163505554199e-02,1.016747672110795975e-03,6.007236987352371216e-02,1.191214248538017273e-01,1.775476336479187012e-01,2.360215485095977783e-01,2.944258749485015869e-01,3.501673936843872070e-01,4.048504233360290527e-01,4.601669907569885254e-01,5.163183808326721191e-01,5.729683041572570801e-01,6.289929747581481934e-01,6.853808164596557617e-01,7.413455247879028320e-01,7.967549562454223633e-01
-3.529443740844726562e-01,-2.943840026855468750e-01,-2.356156706809997559e-01,-1.767935752868652344e-01,-1.177016124129295349e-01,-5.842998623847961426e-02,7.705112802796065807e-04,5.991216748952865601e-02,1.187907531857490540e-01,1.772620379924774170e-01,2.357215434312820435e-01,2.939577698707580566e-01,3.491099476814270020e-01,nan,4.606181085109710693e-01,5.170837044715881348e-01,5.740185379981994629e-01,6.302343606948852539e-01,6.866602301597595215e-01,7.430588006973266602e-01,7.983190417289733887e-01
-3.534806668758392334e-01,-2.948325574398040771e-01,-2.360610067844390869e-01,-1.771579086780548096e-01,-1.179304867982864380e-01,-5.868715047836303711e-02,5.259946919977664948e-04,5.983604863286018372e-02,1.185754910111427307e-01,1.771231293678283691e-01,2.352605611085891724e-01,2.931092679500579834e-01,3.480230569839477539e-01,4.043411612510681152e-01,4.608655869960784912e-01,5.177032947540283203e-01,5.747370719909667969e-01,6.313384771347045898e-01,6.879386901855468750e-01,7.444428205490112305e-01,8.000337481498718262e-01
-3.539829254150390625e-01,-2.952856123447418213e-01,-2.364816814661026001e-01,-1.774050444364547729e-01,nan,-5.896330624818801880e-02,3.188117407262325287e-04,5.967424064874649048e-02,1.182662546634674072e-01,1.767434626817703247e-01,2.346880882978439331e-01,2.922462522983551025e-01,nan,4.043159186840057373e-01,4.613851606845855713e-01,5.184742808341979980e-01,5.753247141838073730e-01,6.325718760490417480e-01,6.891901493072509766e-01,7.455088496208190918e-01,8.018019199371337891e-01
-3.544699847698211670e-01,-2.957455217838287354e-01,-2.368399798870086670e-01,-1.776658743619918823e-01,-1.184517517685890198e-01,-5.921316891908645630e-02,2.105796738760545850e-04,5.937832221388816833e-02,1.178995072841644287e-01,1.763674020767211914e-01,2.339823544025421143e-01,2.912375628948211670e-01,3.471552431583404541e-01,4.044884443283081055e-01,4.619812965393066406e-01,5.192587375640869141e-01,5.760502815246582031e-01,6.335662603378295898e-01,6.902856230735778809e-01,7.466438412666320801e-01,8.033456802368164062e-01
-3.549511432647705078e-01,-2.961691915988922119e-01,-2.371206730604171753e-01,-1.779423058032989502e-01,-1.187319830060005188e-01,-5.941136181354522705e-02,6.756039510946720839e-05,5.920590832829475403e-02,1.177246198058128357e-01,1.758706271648406982e-01,2.330743670463562012e-01,2.901479899883270264e-01,3.469372689723968506e-01,4.044981896877288818e-01,4.622067213058471680e-01,5.199045538902282715e-01,5.768017172813415527e-01,6.344119310379028320e-01,6.911337375640869141e-01,7.478556632995605469e-01,8.046106696128845215e-01
-3.554272055625915527e-01,-2.965309917926788330e-01,-2.374110370874404907e-01,-1.782346516847610474e-01,-1.189779937267303467e-01,-5.954796075820922852e-02,-1.389223762089386582e-04,5.886423960328102112e-02,1.173735484480857849e-01,1.751850545406341553e-01,2.324073314666748047e-01,2.895801067352294922e-01,3.468480706214904785e-01,4.047395288944244385e-01,4.625797569751739502e-01,5.202482342720031738e-01,5.775895714759826660e-01,6.351966857910156250e-01,6.920601129531860352e-01,7.490501999855041504e-01,8.058975934982299805e-01
-3.558557331562042236e-01,-2.968412041664123535e-01,-2.377116978168487549e-01,-1.785243749618530273e-01,nan,nan,-3.991846460849046707e-04,5.861638486385345459e-02,1.169407218694686890e-01,1.744546145200729370e-01,2.313481271266937256e-01,2.892252206802368164e-01,3.470126390457153320e-01,4.049707651138305664e-01,4.630343616008758545e-01,5.206835865974426270e-01,5.782958269119262695e-01,6.358537673950195312e-01,6.930049657821655273e-01,7.501108050346374512e-01,8.071980476379394531e-01
-3.562262952327728271e-01,-2.971562147140502930e-01,-2.380258142948150635e-01,-1.787724643945693970e-01,-1.193403899669647217e-01,-5.987558513879776001e-02,-5.564077873714268208e-04,5.821884050965309143e-02,1.163735240697860718e-01,nan,2.307948768138885498e-01,2.890325784683227539e-01,3.469652533531188965e-01,4.050847291946411133e-01,4.634234607219696045e-01,5.212355256080627441e-01,5.788877606391906738e-01,6.364907026290893555e-01,6.938436031341552734e-01,7.511196136474609375e-01,8.084264397621154785e-01
-3.565648794174194336e-01,-2.974819839000701904e-01,-2.383217215538024902e-01,-1.789759397506713867e-01,-1.195139810442924500e-01,-6.008625775575637817e-02,-6.953853298909962177e-04,5.777005106210708618e-02,1.156804412603378296e-01,1.728503555059432983e-01,2.305874228477478027e-01,2.888792157173156738e-01,3.471851646900177002e-01,4.053894877433776855e-01,4.635430872440338135e-01,5.216731429100036621e-01,5.794743895530700684e-01,6.371665596961975098e-01,6.947214603424072266e-01,7.521598339080810547e-01,8.095093369483947754e-01
-3.569045066833496094e-01,-2.978163957595825195e-01,-2.385755032300949097e-01,-1.791634708642959595e-01,-1.197097897529602051e-01,-6.030649691820144653e-02,-1.003573997877538204e-03,5.727764219045639038e-02,1.148603186011314392e-01,1.723192781209945679e-01,nan,2.889836430549621582e-01,3.473179936408996582e-01,4.057564735412597656e-01,4.637771546840667725e-01,5.220820903778076172e-01,5.800533294677734375e-01,6.378216743469238281e-01,6.955833435058593750e-01,7.531476616859436035e-01,8.105106949806213379e-01
-3.572558164596557617e-01,-2.981198728084564209e-01,-2.387912273406982422e-01,-1.793578416109085083e-01,-1.199361085891723633e-01,-6.045186892151832581e-02,-1.199659658595919609e-03,5.669425427913665771e-02,1.140063926577568054e-01,nan,2.304024398326873779e-01,2.889744043350219727e-01,3.474355340003967285e-01,nan,4.641618728637695312e-01,5.224238634109497070e-01,5.806357264518737793e-01,6.384820342063903809e-01,6.963694095611572266e-01,7.540304064750671387e-01,8.115108013153076172e-01
-3.576054275035858154e-01,-2.983810901641845703e-01,-2.390001714229583740e-01,-1.795756965875625610e-01,-1.201450526714324951e-01,-6.060471013188362122e-02,-1.574895810335874557e-03,5.601347237825393677e-02,nan,1.718555241823196411e-01,2.304864227771759033e-01,2.891748249530792236e-01,3.477039039134979248e-01,4.061340391635894775e-01,4.645328223705291748e-01,nan,5.811445116996765137e-01,6.391689777374267578e-01,6.971631050109863281e-01,7.549049258232116699e-01,8.124797344207763672e-01
