# 1st dimension: Re = np.logspace(np.log10(1.4e6), np.log10(1.05e7), 20); 2nd dimension: alpha = np.arange(-5., 5.5, .5)
-1.468741893768310547e-01,nan,nan,nan,nan,nan,nan,nan,2.467456609010696411e-01,2.960056364536285400e-01,3.503410816192626953e-01,4.048707485198974609e-01,4.580880105495452881e-01,5.099200606346130371e-01,5.609578490257263184e-01,6.095387339591979980e-01,6.498404145240783691e-01,7.027379870414733887e-01,7.821366786956787109e-01,8.729121685028076172e-01,9.526659846305847168e-01
nan,nan,nan,nan,nan,nan,nan,nan,2.427486032247543335e-01,2.959050238132476807e-01,3.507979512214660645e-01,nan,nan,nan,nan,nan,nan,nan,nan,nan,nan
-1.494830995798110962e-01,-1.004093438386917114e-01,-5.075225606560707092e-02,-1.213115826249122620e-02,4.038099199533462524e-02,9.066583961248397827e-02,1.418071985244750977e-01,1.912058144807815552e-01,2.418557107448577881e-01,2.963269054889678955e-01,3.511886894702911377e-01,4.053875803947448730e-01,4.556474089622497559e-01,5.063906908035278320e-01,5.589482784271240234e-01,6.112177968025207520e-01,6.569789052009582520e-01,7.056544423103332520e-01,7.597446441650390625e-01,8.344579339027404785e-01,9.334951043128967285e-01
-1.549496203660964966e-01,-1.016041561961174011e-01,-5.128953605890274048e-02,-1.921542716445401311e-04,3.905506432056427002e-02,8.829444646835327148e-02,1.402526199817657471e-01,1.885394304990768433e-01,2.422014623880386353e-01,2.967025339603424072e-01,3.513086438179016113e-01,4.029883444309234619e-01,4.540216028690338135e-01,5.070706009864807129e-01,5.610759854316711426e-01,6.127690076828002930e-01,6.631630659103393555e-01,7.083837389945983887e-01,7.538559436798095703e-01,8.237175941467285156e-01,nan
nan,nan,nan,nan,3.665757924318313599e-02,8.756007254123687744e-02,1.358972787857055664e-01,1.882968842983245850e-01,2.426018863916397095e-01,2.968490421772003174e-01,3.497288525104522705e-01,nan,nan,nan,nan,nan,nan,nan,nan,nan,nan
nan,nan,nan,nan,nan,nan,nan,nan,nan,nan,3.466685414314270020e-01,4.002338647842407227e-01,4.522463977336883545e-01,5.081418752670288086e-01,5.615696310997009277e-01,6.126378178596496582e-01,6.649155616760253906e-01,7.117522358894348145e-01,7.593250274658203125e-01,8.090066909790039062e-01,8.844852447509765625e-01
nan,nan,nan,nan,nan,nan,nan,nan,2.425560653209686279e-01,2.926930189132690430e-01,3.457476496696472168e-01,3.999817967414855957e-01,4.490778744220733643e-01,5.058234333992004395e-01,nan,6.119144558906555176e-01,6.634517312049865723e-01,7.157983183860778809e-01,7.629368901252746582e-01,nan,8.751915693283081055e-01
nan,nan,nan,nan,nan,nan,nan,nan,nan,nan,nan,3.974126279354095459e-01,4.481877386569976807e-01,5.043256878852844238e-01,5.594978332519531250e-01,6.126532554626464844e-01,6.635653972625732422e-01,7.180699706077575684e-01,nan,nan,8.677354454994201660e-01
nan,nan,nan,nan,nan,nan,nan,nan,nan,2.908258140087127686e-01,3.449116945266723633e-01,3.946051597595214844e-01,4.485045969486236572e-01,5.042501688003540039e-01,5.595805048942565918e-01,6.144297122955322266e-01,6.676087379455566406e-01,7.203340530395507812e-01,7.700836062431335449e-01,8.194801211357116699e-01,8.687134385108947754e-01
nan,nan,nan,nan,nan,nan,nan,nan,nan,2.901681661605834961e-01,3.418696522712707520e-01,3.941408395767211914e-01,4.490018188953399658e-01,5.047667026519775391e-01,5.601800084114074707e-01,6.153488159179687500e-01,6.691229939460754395e-01,nan,7.745581865310668945e-01,8.222270607948303223e-01,8.724189996719360352e-01
nan,nan,nan,nan,nan,nan,nan,1.809149235486984253e-01,nan,2.879126965999603271e-01,3.400393426418304443e-01,3.944467008113861084e-01,nan,5.054252147674560547e-01,5.609474778175354004e-01,6.162673830986022949e-01,6.715538501739501953e-01,nan,7.769328951835632324e-01,8.241014480590820312e-01,nan
nan,nan,nan,nan,nan,nan,1.241291388869285583e-01,1.775130033493041992e-01,2.295136898756027222e-01,2.815132141113281250e-01,3.347550034523010254e-01,3.888368904590606689e-01,4.432363808155059814e-01,4.985766410827636719e-01,5.533329844474792480e-01,6.079833507537841797e-01,6.626119613647460938e-01,7.158312201499938965e-01,7.680779099464416504e-01,8.192425966262817383e-01,8.678666949272155762e-01
nan,nan,nan,nan,nan,nan,1.251424401998519897e-01,1.781397908926010132e-01,2.311858683824539185e-01,2.851925194263458252e-01,3.400813043117523193e-01,nan,nan,nan,nan,nan,nan,nan,nan,8.337016105651855469e-01,nan
nan,nan,nan,nan,nan,7.011597603559494019e-02,1.232487484812736511e-01,1.762676388025283813e-01,2.303680330514907837e-01,2.852789759635925293e-01,nan,nan,4.509915709495544434e-01,5.074494481086730957e-01,5.631486177444458008e-01,nan,nan,nan,7.841377258300781250e-01,nan,nan
nan,nan,nan,nan,nan,6.846403330564498901e-02,1.213021799921989441e-01,1.752445250749588013e-01,2.302955538034439087e-01,nan,nan,3.883520960807800293e-01,4.406197369098663330e-01,5.080123543739318848e-01,5.638121962547302246e-01,6.196860671043395996e-01,6.753927469253540039e-01,7.309790849685668945e-01,7.853319048881530762e-01,nan,8.795522451400756836e-01
-1.967695504426956177e-01,nan,nan,nan,1.388715021312236786e-02,6.634081155061721802e-02,1.200326234102249146e-01,1.750720292329788208e-01,2.303559333086013794e-01,nan,3.314053118228912354e-01,3.838640153408050537e-01,4.382083117961883545e-01,nan,nan,6.204155087471008301e-01,6.762305498123168945e-01,7.318751811981201172e-01,7.875432968139648438e-01,nan,8.782874345779418945e-01
-1.994124054908752441e-01,nan,nan,-4.120192304253578186e-02,1.140486076474189758e-02,6.475830823183059692e-02,1.196766644716262817e-01,1.751198172569274902e-01,nan,2.752975821495056152e-01,3.284998238086700439e-01,nan,nan,5.090483427047729492e-01,nan,nan,nan,nan,nan,8.420022130012512207e-01,8.782193660736083984e-01
-2.012616842985153198e-01,-1.460825353860855103e-01,-9.637315571308135986e-02,-4.351959004998207092e-02,9.443313814699649811e-03,6.419894844293594360e-02,1.196825280785560608e-01,nan,2.233295440673828125e-01,2.736015021800994873e-01,3.287740945816040039e-01,3.839879333972930908e-01,4.357545673847198486e-01,4.969176352024078369e-01,5.564709305763244629e-01,nan,nan,nan,7.789382934570312500e-01,nan,8.785808086395263672e-01
nan,-1.470071971416473389e-01,-9.842056781053543091e-02,-4.589822143316268921e-02,8.655321784317493439e-03,6.411642581224441528e-02,nan,1.750742197036743164e-01,2.187763601541519165e-01,nan,3.261886835098266602e-01,3.802746832370758057e-01,4.343607127666473389e-01,4.956492185592651367e-01,5.524477362632751465e-01,6.131818294525146484e-01,nan,nan,7.756704092025756836e-01,8.318933248519897461e-01,8.805443048477172852e-01
-2.031501978635787964e-01,-1.485672742128372192e-01,-1.012684330344200134e-01,-4.696700721979141235e-02,8.456474170088768005e-03,6.405146420001983643e-02,nan,1.638470739126205444e-01,nan,2.710102498531341553e-01,3.249887824058532715e-01,3.796263933181762695e-01,4.345070123672485352e-01,4.959458112716674805e-01,5.519163608551025391e-01,6.094165444374084473e-01,6.677743792533874512e-01,7.237088680267333984e-01,7.745200991630554199e-01,8.298532962799072266e-01,8.823933601379394531e-01
