# 1st dimension: Re = np.logspace(np.log10(1.4e6), np.log10(1.05e7), 20); 2nd dimension: alpha = np.arange(-5., 5.5, .5)
-1.216579228639602661e-01,-6.861948221921920776e-02,-1.519831642508506775e-02,3.532860428094863892e-02,8.855957537889480591e-02,1.417726427316665649e-01,1.914966702461242676e-01,2.436630874872207642e-01,2.960551977157592773e-01,3.442619740962982178e-01,3.935281634330749512e-01,4.376564323902130127e-01,4.747667014598846436e-01,5.819334983825683594e-01,6.474434733390808105e-01,7.193537950515747070e-01,7.869259715080261230e-01,8.507718443870544434e-01,8.901922702789306641e-01,nan,9.727971553802490234e-01
-1.229748800396919250e-01,-6.887833029031753540e-02,-1.607245579361915588e-02,3.437114506959915161e-02,8.865401893854141235e-02,1.407729983329772949e-01,1.914469599723815918e-01,2.444913983345031738e-01,2.953765094280242920e-01,3.447558283805847168e-01,3.949023187160491943e-01,4.395846724510192871e-01,4.782191514968872070e-01,5.629565715789794922e-01,nan,7.105439305305480957e-01,7.764473557472229004e-01,nan,8.934727311134338379e-01,9.343752264976501465e-01,9.762685894966125488e-01
-1.233297660946846008e-01,-6.903431564569473267e-02,-1.771834306418895721e-02,3.449429571628570557e-02,8.835816383361816406e-02,1.388517767190933228e-01,1.921490728855133057e-01,2.446552067995071411e-01,2.943343818187713623e-01,3.460057079792022705e-01,3.959216773509979248e-01,4.408051371574401855e-01,4.830078780651092529e-01,5.447456240653991699e-01,6.375507712364196777e-01,7.024344205856323242e-01,7.676599621772766113e-01,8.344085812568664551e-01,8.954061269760131836e-01,9.375321865081787109e-01,9.808545708656311035e-01
-1.236289218068122864e-01,-6.972009688615798950e-02,-1.976124383509159088e-02,3.450246527791023254e-02,8.715078979730606079e-02,1.380719542503356934e-01,1.926024556159973145e-01,2.443487048149108887e-01,2.936180830001831055e-01,3.468717038631439209e-01,3.953431546688079834e-01,4.433096051216125488e-01,4.871699213981628418e-01,5.260071158409118652e-01,6.345158219337463379e-01,6.950815320014953613e-01,7.594351172447204590e-01,8.235819339752197266e-01,8.981661200523376465e-01,9.403483867645263672e-01,9.848853349685668945e-01
-1.238789334893226624e-01,-7.109432667493820190e-02,-2.013548649847507477e-02,3.413283824920654297e-02,8.517687022686004639e-02,1.384830325841903687e-01,1.925247311592102051e-01,2.430538535118103027e-01,2.945693731307983398e-01,3.470018208026885986e-01,3.955037891864776611e-01,4.459670484066009521e-01,4.897634387016296387e-01,5.280012488365173340e-01,6.264351606369018555e-01,6.876168251037597656e-01,7.530377507209777832e-01,8.145550489425659180e-01,nan,9.445037841796875000e-01,9.881023764610290527e-01
-1.242702081799507141e-01,-7.341375201940536499e-02,-2.016890235245227814e-02,3.290816023945808411e-02,8.398249745368957520e-02,1.387912631034851074e-01,1.917246133089065552e-01,2.425383776426315308e-01,2.953239679336547852e-01,3.461485803127288818e-01,3.963897824287414551e-01,4.471084773540496826e-01,4.916196167469024658e-01,5.330638885498046875e-01,6.009114384651184082e-01,6.807138919830322266e-01,7.467702627182006836e-01,8.079955577850341797e-01,8.765504360198974609e-01,9.486646056175231934e-01,9.911828041076660156e-01
-1.251733601093292236e-01,-7.484766095876693726e-02,-2.051337249577045441e-02,3.099434450268745422e-02,8.424720913171768188e-02,1.387866288423538208e-01,1.903451085090637207e-01,2.429508864879608154e-01,2.955300509929656982e-01,3.452128469944000244e-01,3.977656066417694092e-01,4.476940929889678955e-01,4.939429461956024170e-01,nan,5.763489007949829102e-01,6.807339787483215332e-01,7.394433021545410156e-01,8.015430569648742676e-01,8.659448623657226562e-01,9.489848613739013672e-01,9.954646229743957520e-01
-1.269467473030090332e-01,-7.491097599267959595e-02,-2.178477495908737183e-02,2.965261414647102356e-02,8.451311290264129639e-02,1.379285901784896851e-01,1.895584762096405029e-01,2.435647249221801758e-01,2.946274578571319580e-01,3.455241322517395020e-01,3.989136517047882080e-01,4.469636678695678711e-01,4.965240955352783203e-01,5.399516224861145020e-01,5.794091224670410156e-01,6.766791939735412598e-01,7.331833243370056152e-01,7.962539792060852051e-01,8.583095669746398926e-01,nan,9.999702572822570801e-01
-1.288840174674987793e-01,-7.522491365671157837e-02,-2.370524033904075623e-02,2.958490140736103058e-02,8.441656082868576050e-02,1.363673955202102661e-01,1.896751523017883301e-01,2.439558207988739014e-01,2.934817373752593994e-01,3.463694155216217041e-01,3.986436426639556885e-01,4.479223191738128662e-01,4.989185035228729248e-01,5.418426990509033203e-01,5.839807987213134766e-01,6.653831601142883301e-01,nan,7.913623452186584473e-01,8.539305329322814941e-01,9.223780632019042969e-01,1.003656625747680664e+00
nan,-7.637268304824829102e-02,-2.490750886499881744e-02,2.964192815124988556e-02,8.332376182079315186e-02,1.354081481695175171e-01,1.900542378425598145e-01,2.429294586181640625e-01,2.936618924140930176e-01,3.473089337348937988e-01,3.977264761924743652e-01,4.492604732513427734e-01,4.991327524185180664e-01,5.447183251380920410e-01,5.869397521018981934e-01,6.365495920181274414e-01,7.235230207443237305e-01,7.864923477172851562e-01,8.492705225944519043e-01,9.120934009552001953e-01,nan
-1.297868937253952026e-01,-7.861004769802093506e-02,-2.513899840414524078e-02,2.933021821081638336e-02,8.167783915996551514e-02,1.353493630886077881e-01,1.901998072862625122e-01,2.413120567798614502e-01,2.943257689476013184e-01,3.471097350120544434e-01,3.973709344863891602e-01,4.504300057888031006e-01,4.986909329891204834e-01,5.475149154663085938e-01,5.895733237266540527e-01,6.282923817634582520e-01,7.218205928802490234e-01,7.817496061325073242e-01,8.444235324859619141e-01,9.055992364883422852e-01,9.826143980026245117e-01
-1.305908560752868652e-01,-7.991938292980194092e-02,-2.519874833524227142e-02,2.795958332717418671e-02,8.080239593982696533e-02,1.356847286224365234e-01,1.893293559551239014e-01,2.411340475082397461e-01,2.950929999351501465e-01,3.458462655544281006e-01,3.983062207698822021e-01,4.505705237388610840e-01,4.995343089103698730e-01,5.479497313499450684e-01,5.928888320922851562e-01,6.323320269584655762e-01,7.102384567260742188e-01,nan,8.397325873374938965e-01,9.020252823829650879e-01,nan
-1.329900622367858887e-01,-8.004224300384521484e-02,-2.564489282667636871e-02,2.646308951079845428e-02,8.072552829980850220e-02,1.358905136585235596e-01,1.875844001770019531e-01,2.417200952768325806e-01,2.950302958488464355e-01,3.454712927341461182e-01,3.990662693977355957e-01,4.492071270942687988e-01,5.009623765945434570e-01,5.479405522346496582e-01,5.961288809776306152e-01,6.366060972213745117e-01,6.806220412254333496e-01,7.744715809822082520e-01,8.357771039009094238e-01,8.981912136077880859e-01,9.595122933387756348e-01
-1.349448859691619873e-01,-8.007282018661499023e-02,-2.744025550782680511e-02,2.584276720881462097e-02,8.090537041425704956e-02,1.352170705795288086e-01,1.870218515396118164e-01,2.420545220375061035e-01,2.935228943824768066e-01,3.458644151687622070e-01,3.993278443813323975e-01,4.491595923900604248e-01,5.017210841178894043e-01,5.493606328964233398e-01,5.972972512245178223e-01,6.388106942176818848e-01,6.752650141716003418e-01,7.707365155220031738e-01,8.324223160743713379e-01,8.941175937652587891e-01,9.539607167243957520e-01
-1.353298276662826538e-01,-8.051649481058120728e-02,-2.917587012052536011e-02,2.586910687386989594e-02,8.090497553348541260e-02,1.333333551883697510e-01,1.872794032096862793e-01,2.416085153818130493e-01,2.930493056774139404e-01,3.468536436557769775e-01,3.979606330394744873e-01,4.498675763607025146e-01,5.001652240753173828e-01,5.507821440696716309e-01,5.972374081611633301e-01,6.421446204185485840e-01,6.805823445320129395e-01,7.483199238777160645e-01,8.273038268089294434e-01,8.905942440032958984e-01,9.510824680328369141e-01
-1.353599429130554199e-01,-8.249521255493164062e-02,-2.970107831060886383e-02,2.593686245381832123e-02,7.991196960210800171e-02,1.325388252735137939e-01,1.874503195285797119e-01,2.398142367601394653e-01,2.932329475879669189e-01,3.470202088356018066e-01,3.971924185752868652e-01,4.507839977741241455e-01,4.999679327011108398e-01,5.519385933876037598e-01,5.994553565979003906e-01,6.445840001106262207e-01,6.869916319847106934e-01,nan,8.239842057228088379e-01,8.873194456100463867e-01,9.477733969688415527e-01
-1.358653157949447632e-01,-8.432073891162872314e-02,-2.951475232839584351e-02,2.570407651364803314e-02,7.810392230749130249e-02,1.325874924659729004e-01,1.867308616638183594e-01,2.390764355659484863e-01,2.938860952854156494e-01,3.456036746501922607e-01,3.978040814399719238e-01,4.496588110923767090e-01,5.004910230636596680e-01,5.510848760604858398e-01,5.993089079856872559e-01,6.460331678390502930e-01,6.917464137077331543e-01,7.331734895706176758e-01,8.096150755882263184e-01,8.812191486358642578e-01,9.447946548461914062e-01
-1.378907859325408936e-01,-8.493348956108093262e-02,-2.940022945404052734e-02,2.412424795329570770e-02,7.745982706546783447e-02,1.325830668210983276e-01,1.847802102565765381e-01,2.392540872097015381e-01,2.941699028015136719e-01,3.447213172912597656e-01,3.984173834323883057e-01,4.484642446041107178e-01,5.012019276618957520e-01,5.513035655021667480e-01,6.003251075744628906e-01,6.481833457946777344e-01,6.951204538345336914e-01,7.392751574516296387e-01,7.804185152053833008e-01,8.747318983078002930e-01,9.421482682228088379e-01
-1.394053548574447632e-01,-8.496902137994766235e-02,-2.996671013534069061e-02,2.247481606900691986e-02,7.753901183605194092e-02,1.311901807785034180e-01,1.841157674789428711e-01,2.396503835916519165e-01,2.924099564552307129e-01,3.447295427322387695e-01,3.981558978557586670e-01,4.486429989337921143e-01,4.996589720249176025e-01,5.520631074905395508e-01,6.010802984237670898e-01,6.505789160728454590e-01,6.985055208206176758e-01,7.437996864318847656e-01,7.866159677505493164e-01,8.513067960739135742e-01,9.360237717628479004e-01
-1.399315595626831055e-01,-8.509813249111175537e-02,-3.196363523602485657e-02,2.186456136405467987e-02,7.747096568346023560e-02,1.293702125549316406e-01,1.843206584453582764e-01,2.394826263189315796e-01,2.911693453788757324e-01,3.454213142395019531e-01,3.963002264499664307e-01,nan,4.992525577545166016e-01,5.515041351318359375e-01,nan,nan,7.017039060592651367e-01,7.467958331108093262e-01,7.934234738349914551e-01,8.344203829765319824e-01,9.217027425765991211e-01
