# 1st dimension: Re = np.logspace(np.log10(1.4e6), np.log10(1.05e7), 20); 2nd dimension: alpha = np.arange(-5., 5.5, .5)
nan,nan,-9.993633627891540527e-02,nan,1.103017106652259827e-02,6.599058210849761963e-02,1.173025667667388916e-01,1.682582199573516846e-01,2.169903218746185303e-01,nan,3.204860389232635498e-01,3.641164600849151611e-01,4.135969579219818115e-01,4.594158232212066650e-01,5.067952275276184082e-01,nan,5.771648883819580078e-01,nan,6.885372400283813477e-01,7.188495397567749023e-01,7.545972466468811035e-01
nan,nan,nan,nan,nan,6.016812101006507874e-02,1.102302595973014832e-01,1.600038111209869385e-01,nan,nan,nan,nan,nan,nan,nan,nan,nan,nan,nan,nan,nan
nan,nan,nan,nan,nan,nan,nan,nan,nan,nan,3.134152889251708984e-01,nan,nan,nan,nan,nan,nan,nan,nan,nan,nan
nan,nan,nan,nan,nan,nan,nan,nan,nan,3.511110544204711914e-01,3.115789890289306641e-01,nan,nan,nan,nan,nan,nan,nan,nan,nan,nan
nan,nan,nan,-5.842699110507965088e-02,nan,nan,nan,nan,nan,nan,3.105832338333129883e-01,4.214771389961242676e-01,4.660641551017761230e-01,5.141690373420715332e-01,5.536246895790100098e-01,5.978116393089294434e-01,6.448829770088195801e-01,nan,nan,nan,nan
nan,nan,nan,-5.872037261724472046e-02,-1.033850200474262238e-02,nan,nan,nan,nan,nan,3.086726963520050049e-01,3.617006838321685791e-01,4.115850627422332764e-01,4.565949141979217529e-01,5.011184811592102051e-01,5.374814867973327637e-01,5.847622156143188477e-01,nan,nan,nan,nan
nan,nan,nan,-5.908634513616561890e-02,-1.092975120991468430e-02,nan,nan,nan,nan,nan,3.064484596252441406e-01,nan,4.039620161056518555e-01,4.515188336372375488e-01,4.966345131397247314e-01,5.340312123298645020e-01,5.804330706596374512e-01,6.298601627349853516e-01,nan,nan,nan
nan,nan,nan,-5.944032967090606689e-02,-1.120530720800161362e-02,4.538432881236076355e-02,nan,nan,nan,nan,3.055105805397033691e-01,3.616387248039245605e-01,4.087272584438323975e-01,4.562076330184936523e-01,5.004707574844360352e-01,5.380985140800476074e-01,5.843685865402221680e-01,6.335561275482177734e-01,nan,nan,nan
nan,nan,nan,-5.977062135934829712e-02,-1.148477662354707718e-02,4.384447634220123291e-02,nan,nan,nan,nan,3.051635622978210449e-01,3.614735901355743408e-01,4.079970121383666992e-01,4.544340372085571289e-01,4.985356926918029785e-01,5.387013554573059082e-01,5.854696631431579590e-01,6.344586014747619629e-01,nan,nan,nan
nan,nan,nan,-6.007105857133865356e-02,nan,4.117199033498764038e-02,nan,nan,nan,nan,3.049982190132141113e-01,3.608161211013793945e-01,4.081121087074279785e-01,4.534243643283843994e-01,4.978953003883361816e-01,5.393708348274230957e-01,5.864160656929016113e-01,6.353684067726135254e-01,nan,nan,nan
nan,nan,-1.106520444154739380e-01,-6.039762124419212341e-02,-1.095505338162183762e-02,3.935669362545013428e-02,nan,nan,nan,nan,3.047999441623687744e-01,3.595688641071319580e-01,4.082194864749908447e-01,4.532747566699981689e-01,4.974080622196197510e-01,5.400657057762145996e-01,5.872065424919128418e-01,6.362786293029785156e-01,nan,nan,nan
nan,nan,-1.108870282769203186e-01,-6.072849035263061523e-02,-1.110537257045507431e-02,3.836422413587570190e-02,nan,nan,nan,2.504627108573913574e-01,3.043724596500396729e-01,nan,nan,4.533925652503967285e-01,4.963107705116271973e-01,5.407373905181884766e-01,5.880033969879150391e-01,6.371443867683410645e-01,nan,nan,nan
nan,nan,-1.112409010529518127e-01,-6.106068938970565796e-02,-1.116961240768432617e-02,3.769162297248840332e-02,nan,nan,nan,2.491382509469985962e-01,3.018644452095031738e-01,3.582924306392669678e-01,4.084348678588867188e-01,4.526947438716888428e-01,4.961212575435638428e-01,5.414142608642578125e-01,5.887436270713806152e-01,6.379916667938232422e-01,nan,nan,nan
nan,nan,-1.116221621632575989e-01,-6.138873472809791565e-02,-1.130349840968847275e-02,3.715975210070610046e-02,nan,nan,nan,nan,3.004465699195861816e-01,5.351502299308776855e-01,5.821508765220642090e-01,6.291173100471496582e-01,6.784604787826538086e-01,7.290489077568054199e-01,nan,nan,nan,nan,nan
nan,nan,-1.120124161243438721e-01,-6.170776113867759705e-02,-1.152558904141187668e-02,3.670654818415641785e-02,nan,nan,nan,2.450192868709564209e-01,3.004924058914184570e-01,3.580820262432098389e-01,4.063121974468231201e-01,4.501267075538635254e-01,4.942892193794250488e-01,5.427643060684204102e-01,5.901826024055480957e-01,6.396617889404296875e-01,nan,nan,nan
nan,nan,-1.124088764190673828e-01,-6.203626841306686401e-02,-1.177435740828514099e-02,3.630995750427246094e-02,nan,nan,nan,nan,3.001292943954467773e-01,3.581806719303131104e-01,4.052537381649017334e-01,4.501231610774993896e-01,4.941292107105255127e-01,nan,5.908965468406677246e-01,6.404831409454345703e-01,nan,nan,nan
nan,nan,-1.128058806061744690e-01,-6.237795576453208923e-02,-1.201747357845306396e-02,3.604860231280326843e-02,nan,nan,nan,2.430346608161926270e-01,2.976643443107604980e-01,3.582839965820312500e-01,4.047849774360656738e-01,4.500464797019958496e-01,4.942655265331268311e-01,nan,5.916085839271545410e-01,6.412876248359680176e-01,nan,nan,nan
nan,nan,-1.132051423192024231e-01,-6.272432953119277954e-02,-1.227139774709939957e-02,3.594045341014862061e-02,8.987063169479370117e-02,nan,nan,2.425316274166107178e-01,2.969747781753540039e-01,nan,4.047103524208068848e-01,4.495369493961334229e-01,4.946755766868591309e-01,5.446717143058776855e-01,5.923184156417846680e-01,6.420770883560180664e-01,nan,nan,nan
nan,nan,-1.136074289679527283e-01,-6.306820362806320190e-02,-1.252590678632259369e-02,3.572302311658859253e-02,8.695074915885925293e-02,nan,nan,nan,2.968663275241851807e-01,nan,nan,nan,nan,nan,nan,nan,nan,nan,nan
nan,nan,-1.140073686838150024e-01,-6.340757757425308228e-02,-1.278532389551401138e-02,3.551523014903068542e-02,8.654072880744934082e-02,nan,nan,2.398232370615005493e-01,2.961906194686889648e-01,3.583773076534271240e-01,4.046434462070465088e-01,4.492039382457733154e-01,4.956647157669067383e-01,nan,5.937442779541015625e-01,6.437602043151855469e-01,nan,nan,nan
