# 1st dimension: Re = np.logspace(np.log10(1.4e6), np.log10(1.05e7), 20); 2nd dimension: alpha = np.arange(-5., 5.5, .5)
nan,nan,-1.376731991767883301e-01,nan,-2.603693678975105286e-02,2.825753949582576752e-02,8.268050849437713623e-02,1.368963420391082764e-01,1.923302263021469116e-01,2.480720579624176025e-01,3.041315078735351562e-01,nan,nan,nan,nan,nan,nan,nan,nan,nan,nan
nan,nan,-1.410029828548431396e-01,-8.630064874887466431e-02,-2.607373148202896118e-02,nan,8.300291001796722412e-02,1.380572468042373657e-01,1.938533037900924683e-01,nan,3.053450584411621094e-01,-5.148981511592864990e-02,-5.227024480700492859e-02,nan,nan,nan,nan,nan,nan,nan,nan
nan,nan,-1.407560259103775024e-01,-8.599435538053512573e-02,-2.567852102220058441e-02,2.882924117147922516e-02,8.348823338747024536e-02,1.390620470046997070e-01,1.953984498977661133e-01,nan,3.061798214912414551e-01,3.601264357566833496e-01,4.157390594482421875e-01,4.715822339057922363e-01,5.279452800750732422e-01,5.836277008056640625e-01,6.370691657066345215e-01,6.867678761482238770e-01,7.275577783584594727e-01,7.783046960830688477e-01,8.291965126991271973e-01
nan,nan,-1.404727846384048462e-01,-8.187731355428695679e-02,-2.600013092160224915e-02,2.907689474523067474e-02,8.465541154146194458e-02,1.404021978378295898e-01,1.967690587043762207e-01,2.525257766246795654e-01,3.073082268238067627e-01,nan,nan,nan,nan,nan,nan,nan,nan,nan,nan
nan,nan,-1.402013450860977173e-01,-8.603134006261825562e-02,-2.621259540319442749e-02,2.936672233045101166e-02,8.549857884645462036e-02,1.416127681732177734e-01,1.976940631866455078e-01,2.538425624370574951e-01,3.084808886051177979e-01,3.613011837005615234e-01,4.173580110073089600e-01,4.745441377162933350e-01,5.311822891235351562e-01,5.864973664283752441e-01,6.404559612274169922e-01,6.942723989486694336e-01,7.161514759063720703e-01,7.667086124420166016e-01,8.351165652275085449e-01
nan,nan,-1.404579430818557739e-01,-8.601262420415878296e-02,-2.632460556924343109e-02,nan,8.646219968795776367e-02,1.423894762992858887e-01,1.987627893686294556e-01,2.548275589942932129e-01,3.096325397491455078e-01,3.619992733001708984e-01,4.185625016689300537e-01,4.757501482963562012e-01,5.323439836502075195e-01,5.871443748474121094e-01,6.419999599456787109e-01,6.967646479606628418e-01,7.147262096405029297e-01,nan,8.310394287109375000e-01
nan,nan,-1.399538666009902954e-01,-8.577559143304824829e-02,-2.618974819779396057e-02,3.072502464056015015e-02,8.725288510322570801e-02,1.433758735656738281e-01,1.996518671512603760e-01,2.555222809314727783e-01,3.107865154743194580e-01,3.633269667625427246e-01,4.195033907890319824e-01,4.770405888557434082e-01,5.333470106124877930e-01,5.882545113563537598e-01,6.439567208290100098e-01,6.988816857337951660e-01,nan,7.568618655204772949e-01,8.268045186996459961e-01
-2.513493001461029053e-01,-1.956897974014282227e-01,-1.401234269142150879e-01,-8.577808737754821777e-02,-2.598524652421474457e-02,3.105134889483451843e-02,8.769199252128601074e-02,1.442912369966506958e-01,2.000561505556106567e-01,2.560486495494842529e-01,3.119242191314697266e-01,3.645680248737335205e-01,4.204971790313720703e-01,4.780571460723876953e-01,5.336337685585021973e-01,5.890775322914123535e-01,6.454796791076660156e-01,7.005574107170104980e-01,7.150679230690002441e-01,7.544370293617248535e-01,8.213857412338256836e-01
-2.520559728145599365e-01,nan,-1.402594149112701416e-01,-8.539639413356781006e-02,-2.581492252647876740e-02,3.134677931666374207e-02,nan,1.446619033813476562e-01,nan,2.567360699176788330e-01,3.132521808147430420e-01,3.660722970962524414e-01,4.217108488082885742e-01,4.785439372062683105e-01,5.340851545333862305e-01,5.905363559722900391e-01,6.466702222824096680e-01,7.010461688041687012e-01,7.151311039924621582e-01,7.588632702827453613e-01,8.153434991836547852e-01
-2.527658343315124512e-01,-1.966616809368133545e-01,-1.402325481176376343e-01,-8.482370525598526001e-02,-2.566614374518394470e-02,3.157600015401840210e-02,8.854109793901443481e-02,1.447214484214782715e-01,2.011641561985015869e-01,2.575394809246063232e-01,3.144232034683227539e-01,3.671211600303649902e-01,4.227477908134460449e-01,4.786190390586853027e-01,5.349426269531250000e-01,5.919150710105895996e-01,6.475747823715209961e-01,7.020097374916076660e-01,7.160308957099914551e-01,7.636280655860900879e-01,8.124570846557617188e-01
-2.533350586891174316e-01,-1.969822198152542114e-01,-1.401191949844360352e-01,-8.448098599910736084e-02,-2.555517852306365967e-02,3.169904649257659912e-02,8.844720572233200073e-02,1.446451246738433838e-01,2.015578001737594604e-01,nan,3.153654932975769043e-01,3.686724901199340820e-01,4.233921468257904053e-01,4.788104593753814697e-01,5.359638333320617676e-01,5.927605032920837402e-01,6.477010846138000488e-01,7.030249238014221191e-01,7.179533839225769043e-01,7.672947049140930176e-01,8.141068816184997559e-01
-2.537728250026702881e-01,-1.971194744110107422e-01,-1.400744020938873291e-01,-8.433816581964492798e-02,-2.551122382283210754e-02,3.168767318129539490e-02,8.823753893375396729e-02,1.450410932302474976e-01,2.018294632434844971e-01,2.593663632869720459e-01,3.164123594760894775e-01,3.700585961341857910e-01,4.241425395011901855e-01,4.794325828552246094e-01,5.367791652679443359e-01,5.934189558029174805e-01,6.484506130218505859e-01,7.029634714126586914e-01,7.191293239593505859e-01,7.704129815101623535e-01,8.198561072349548340e-01
-2.541112601757049561e-01,-1.972009241580963135e-01,-1.400738954544067383e-01,-8.416192233562469482e-02,-2.550083585083484650e-02,3.145641461014747620e-02,8.810856938362121582e-02,1.451674401760101318e-01,2.022533565759658813e-01,2.599912285804748535e-01,3.173840343952178955e-01,3.711199760437011719e-01,4.241726398468017578e-01,4.802529215812683105e-01,5.375505685806274414e-01,5.935574173927307129e-01,6.493735909461975098e-01,7.023340463638305664e-01,7.206227779388427734e-01,7.730466127395629883e-01,8.241004347801208496e-01
-2.542885541915893555e-01,-1.972931772470474243e-01,-1.401129961013793945e-01,-8.329901099205017090e-02,-2.561313472688198090e-02,3.109821863472461700e-02,8.809039741754531860e-02,1.453264653682708740e-01,2.030070722103118896e-01,2.604170739650726318e-01,3.179697394371032715e-01,3.716310560703277588e-01,4.251941442489624023e-01,4.809978306293487549e-01,5.382450819015502930e-01,5.936200022697448730e-01,6.502763628959655762e-01,nan,7.223395109176635742e-01,7.751790881156921387e-01,8.270511627197265625e-01
-2.544478476047515869e-01,-1.973992437124252319e-01,-1.401875168085098267e-01,-8.318293839693069458e-02,-2.594625763595104218e-02,3.087240457534790039e-02,8.812179416418075562e-02,1.456349939107894897e-01,2.033595740795135498e-01,2.607660889625549316e-01,3.183494508266448975e-01,3.719810247421264648e-01,4.264616072177886963e-01,4.816732406616210938e-01,5.383074283599853516e-01,5.940670967102050781e-01,6.512571573257446289e-01,7.011532783508300781e-01,7.241312265396118164e-01,7.774657607078552246e-01,8.295926451683044434e-01
-2.546111643314361572e-01,-1.975200921297073364e-01,-1.402883678674697876e-01,-8.326800167560577393e-02,-2.638863027095794678e-02,3.076940216124057770e-02,8.821392804384231567e-02,1.459246277809143066e-01,2.036722600460052490e-01,2.613964080810546875e-01,3.183164894580841064e-01,3.722895383834838867e-01,nan,4.825779795646667480e-01,5.380716919898986816e-01,5.949950218200683594e-01,6.511656641960144043e-01,6.997761130332946777e-01,7.255623340606689453e-01,7.792108058929443359e-01,8.320966362953186035e-01
-2.547656297683715820e-01,-1.976636648178100586e-01,-1.404380500316619873e-01,-8.362043648958206177e-02,-2.667334862053394318e-02,3.072810731828212738e-02,8.840227872133255005e-02,1.461797654628753662e-01,2.039469629526138306e-01,2.615767419338226318e-01,3.179074525833129883e-01,3.728329539299011230e-01,4.291208684444427490e-01,4.827854335308074951e-01,5.382537245750427246e-01,nan,6.502494215965270996e-01,6.977079510688781738e-01,7.273160815238952637e-01,7.812094688415527344e-01,8.343115448951721191e-01
-2.549025714397430420e-01,-1.978299915790557861e-01,-1.407243311405181885e-01,-8.408234268426895142e-02,-2.682750113308429718e-02,3.075401857495307922e-02,8.856556564569473267e-02,1.463951319456100464e-01,2.041693627834320068e-01,2.614470720291137695e-01,3.179861307144165039e-01,3.736542463302612305e-01,4.300037920475006104e-01,4.823209047317504883e-01,5.387951135635375977e-01,5.965111255645751953e-01,6.506338715553283691e-01,6.956483721733093262e-01,7.288600802421569824e-01,7.827611565589904785e-01,8.362213373184204102e-01
-2.550374567508697510e-01,-1.980345547199249268e-01,-1.412384212017059326e-01,-8.438751101493835449e-02,-2.690680511295795441e-02,3.084658831357955933e-02,8.870483934879302979e-02,1.465668678283691406e-01,2.042867541313171387e-01,2.610551416873931885e-01,3.180246353149414062e-01,nan,4.302066266536712646e-01,4.826455712318420410e-01,nan,5.961374640464782715e-01,6.488540768623352051e-01,6.938624382019042969e-01,7.302624583244323730e-01,7.844380736351013184e-01,8.382412791252136230e-01
-2.551983892917633057e-01,-1.983843892812728882e-01,-1.417744904756546021e-01,-8.458258956670761108e-02,-2.691713720560073853e-02,3.092269226908683777e-02,8.881822973489761353e-02,1.466910392045974731e-01,2.040470689535140991e-01,2.607973515987396240e-01,3.183018267154693604e-01,3.747951686382293701e-01,4.301172792911529541e-01,4.835490286350250244e-01,5.400123596191406250e-01,5.954626202583312988e-01,6.486582756042480469e-01,6.922397613525390625e-01,7.319211959838867188e-01,7.861748933792114258e-01,nan
