# 1st dimension: Re = np.logspace(np.log10(1.4e6), np.log10(1.05e7), 20); 2nd dimension: alpha = np.arange(-5., 5.5, .5)
-1.428722590208053589e-01,-9.935110062360763550e-02,-5.963310599327087402e-02,-8.581695146858692169e-03,4.136362299323081970e-02,9.161719679832458496e-02,1.407182663679122925e-01,1.920931637287139893e-01,2.454261332750320435e-01,2.963624894618988037e-01,3.435525000095367432e-01,3.649111390113830566e-01,4.154158532619476318e-01,4.680730402469635010e-01,5.187273025512695312e-01,5.726208090782165527e-01,6.282595396041870117e-01,6.830017566680908203e-01,7.370865941047668457e-01,7.905974984169006348e-01,8.431715965270996094e-01
-1.471507549285888672e-01,-1.073595136404037476e-01,-6.115688756108283997e-02,-1.058182306587696075e-02,3.905260562896728516e-02,8.996921032667160034e-02,1.424473971128463745e-01,1.923762708902359009e-01,2.453613430261611938e-01,2.967838346958160400e-01,3.462743759155273438e-01,3.678331673145294189e-01,4.196734726428985596e-01,4.728140532970428467e-01,5.257169008255004883e-01,5.802899599075317383e-01,6.355817914009094238e-01,6.901482343673706055e-01,7.443350553512573242e-01,7.979493737220764160e-01,8.513255715370178223e-01
-1.644482314586639404e-01,-1.143486723303794861e-01,-6.371803581714630127e-02,-1.360339298844337463e-02,3.676053881645202637e-02,8.886718750000000000e-02,1.413977742195129395e-01,1.928174495697021484e-01,2.452422082424163818e-01,2.973020374774932861e-01,3.484777510166168213e-01,3.709405660629272461e-01,4.237581193447113037e-01,4.773685932159423828e-01,5.295564532279968262e-01,5.846914649009704590e-01,6.403096318244934082e-01,6.955118179321289062e-01,7.503901124000549316e-01,8.047114610671997070e-01,8.603010773658752441e-01
-1.611493825912475586e-01,-1.119322404265403748e-01,-6.323456019163131714e-02,-1.557104662060737610e-02,3.507883474230766296e-02,8.797861635684967041e-02,1.407932788133621216e-01,1.935283839702606201e-01,2.452659010887145996e-01,2.978564798831939697e-01,3.505333364009857178e-01,3.746220767498016357e-01,4.276333153247833252e-01,4.815120995044708252e-01,5.334212183952331543e-01,5.878869295120239258e-01,6.434928178787231445e-01,6.988950371742248535e-01,7.541126608848571777e-01,nan,nan
-1.311799883842468262e-01,-9.084351360797882080e-02,-4.958800226449966431e-02,-1.259835623204708099e-02,3.463752940297126770e-02,8.726498484611511230e-02,1.402997225522994995e-01,1.931602954864501953e-01,2.454546093940734863e-01,2.989667057991027832e-01,3.523019850254058838e-01,3.838008642196655273e-01,4.306726753711700439e-01,4.851584434509277344e-01,5.369525551795959473e-01,5.911354422569274902e-01,6.468065977096557617e-01,7.024319171905517578e-01,nan,8.158900737762451172e-01,8.725062012672424316e-01
-1.675479114055633545e-01,-1.167708262801170349e-01,-6.627294421195983887e-02,-1.475629862397909164e-02,3.719275444746017456e-02,8.680635690689086914e-02,1.397529393434524536e-01,1.928077042102813721e-01,2.458485215902328491e-01,3.001693785190582275e-01,3.540056347846984863e-01,3.923581242561340332e-01,4.329736828804016113e-01,4.881796538829803467e-01,5.401667356491088867e-01,5.943126678466796875e-01,6.501549482345581055e-01,nan,nan,8.208587169647216797e-01,8.774346709251403809e-01
-1.706102341413497925e-01,-1.197967603802680969e-01,-6.892307847738265991e-02,-1.693130657076835632e-02,3.610568121075630188e-02,8.686913549900054932e-02,1.392082273960113525e-01,1.927209347486495972e-01,2.467724829912185669e-01,3.012970685958862305e-01,3.552886247634887695e-01,3.985388875007629395e-01,4.349807500839233398e-01,4.903466701507568359e-01,5.431476235389709473e-01,5.974026322364807129e-01,nan,7.113091945648193359e-01,7.684323787689208984e-01,8.254612684249877930e-01,8.821157217025756836e-01
-1.743406206369400024e-01,-1.231497749686241150e-01,-7.130755484104156494e-02,-1.856868527829647064e-02,3.453200682997703552e-02,8.784582465887069702e-02,1.389171630144119263e-01,1.928174346685409546e-01,2.477733641862869263e-01,3.023552298545837402e-01,3.564679920673370361e-01,nan,4.366599619388580322e-01,4.920127391815185547e-01,5.459760427474975586e-01,nan,nan,nan,7.727245092391967773e-01,8.297126889228820801e-01,8.864966034889221191e-01
-1.774561256170272827e-01,-1.261309981346130371e-01,-7.328975945711135864e-02,-1.994500122964382172e-02,3.330077230930328369e-02,8.642788231372833252e-02,1.389669030904769897e-01,1.932433545589447021e-01,2.486630976200103760e-01,3.033417463302612305e-01,3.576518893241882324e-01,4.089043140411376953e-01,4.387159347534179688e-01,4.936440587043762207e-01,5.486774444580078125e-01,nan,6.619335412979125977e-01,7.193179726600646973e-01,7.766497731208801270e-01,8.336560130119323730e-01,8.905597329139709473e-01
-1.756691187620162964e-01,-1.275208294391632080e-01,-7.481013238430023193e-02,-2.116331458091735840e-02,3.213500976562500000e-02,8.550582081079483032e-02,1.394052058458328247e-01,1.938134729862213135e-01,2.493814080953598022e-01,3.042426109313964844e-01,3.585885465145111084e-01,4.106544256210327148e-01,4.408291876316070557e-01,4.953060150146484375e-01,5.516234040260314941e-01,6.079564094543457031e-01,6.653885841369628906e-01,7.228704690933227539e-01,7.802565097808837891e-01,8.373285531997680664e-01,8.942923545837402344e-01
-1.781158298254013062e-01,-1.249927952885627747e-01,-7.533145695924758911e-02,-2.225005812942981720e-02,3.103729337453842163e-02,8.495167642831802368e-02,1.397912204265594482e-01,1.943988502025604248e-01,2.499681711196899414e-01,3.050008118152618408e-01,3.591046929359436035e-01,4.116212129592895508e-01,4.479421377182006836e-01,4.970067143440246582e-01,5.541986227035522461e-01,6.111679077148437500e-01,6.685901284217834473e-01,7.261775732040405273e-01,7.835969924926757812e-01,8.407552242279052734e-01,8.976320028305053711e-01
-1.810890287160873413e-01,-1.275932639837265015e-01,-7.375952601432800293e-02,-2.307954616844654083e-02,3.020087815821170807e-02,8.463281393051147461e-02,1.398898959159851074e-01,1.949896067380905151e-01,2.504919469356536865e-01,3.055243790149688721e-01,3.593734502792358398e-01,4.128182232379913330e-01,4.541021287441253662e-01,4.991609156131744385e-01,5.565287470817565918e-01,6.138605475425720215e-01,6.715152263641357422e-01,7.292582392692565918e-01,7.867204546928405762e-01,8.439341783523559570e-01,9.004511237144470215e-01
-1.833357512950897217e-01,-1.295713335275650024e-01,-7.572846114635467529e-02,-2.279675565659999847e-02,2.970130369067192078e-02,8.446773141622543335e-02,1.400501728057861328e-01,1.955265998840332031e-01,2.509179115295410156e-01,3.057522475719451904e-01,3.597307801246643066e-01,4.136570394039154053e-01,4.590609073638916016e-01,5.013856291770935059e-01,5.587440133094787598e-01,6.161884665489196777e-01,6.740104556083679199e-01,7.319569587707519531e-01,7.895860075950622559e-01,8.468073010444641113e-01,9.025248289108276367e-01
-1.850767284631729126e-01,-1.311674863100051880e-01,-7.750488817691802979e-02,-2.379606477916240692e-02,2.956098876893520355e-02,8.452945947647094727e-02,1.402354836463928223e-01,1.960243284702301025e-01,2.511740922927856445e-01,3.057671785354614258e-01,3.603267669677734375e-01,4.147764146327972412e-01,4.631301462650299072e-01,5.041890144348144531e-01,5.608150959014892578e-01,6.183261871337890625e-01,6.762173175811767578e-01,7.342311143875122070e-01,7.920007705688476562e-01,8.490861058235168457e-01,9.040983915328979492e-01
-1.865574419498443604e-01,-1.326012462377548218e-01,-7.908831536769866943e-02,-2.485504187643527985e-02,3.015221096575260162e-02,8.464156091213226318e-02,1.404094398021697998e-01,1.962862312793731689e-01,2.511925101280212402e-01,3.058613836765289307e-01,3.609607517719268799e-01,4.157169759273529053e-01,4.669815301895141602e-01,5.059917569160461426e-01,5.627552270889282227e-01,6.203841567039489746e-01,6.782410144805908203e-01,7.362784147262573242e-01,7.940282225608825684e-01,8.504205942153930664e-01,9.057262539863586426e-01
-1.878805011510848999e-01,-1.340838074684143066e-01,-8.033519238233566284e-02,-2.562932483851909637e-02,2.976476214826107025e-02,8.480717241764068604e-02,1.405442506074905396e-01,1.962653249502182007e-01,2.511067688465118408e-01,3.061568737030029297e-01,3.615614771842956543e-01,4.167221188545227051e-01,4.705749154090881348e-01,5.114246606826782227e-01,5.646786093711853027e-01,6.223546862602233887e-01,6.801826357841491699e-01,7.381922006607055664e-01,7.957200407981872559e-01,8.512104749679565430e-01,9.073979854583740234e-01
-1.891860961914062500e-01,-1.355210095643997192e-01,-8.123014122247695923e-02,-2.617580816149711609e-02,2.951249480247497559e-02,8.503451943397521973e-02,1.406029760837554932e-01,1.959996670484542847e-01,2.511221468448638916e-01,3.065980374813079834e-01,3.621758520603179932e-01,4.178125858306884766e-01,4.726591110229492188e-01,5.165104866027832031e-01,5.671653151512145996e-01,6.242202520370483398e-01,6.820267438888549805e-01,7.399540543556213379e-01,7.968149185180664062e-01,8.523131608963012695e-01,9.090779423713684082e-01
-1.906181573867797852e-01,-1.367031633853912354e-01,-8.191622048616409302e-02,-2.652825228869915009e-02,2.932540141046047211e-02,8.533193171024322510e-02,1.404609382152557373e-01,1.956845372915267944e-01,2.513120770454406738e-01,3.071319758892059326e-01,3.628880083560943604e-01,4.189855456352233887e-01,4.741577208042144775e-01,5.202250480651855469e-01,5.689928531646728516e-01,6.259704232215881348e-01,6.837947964668273926e-01,7.414324879646301270e-01,7.974829077720642090e-01,8.538081049919128418e-01,9.109541773796081543e-01
-1.919577419757843018e-01,-1.375672519207000732e-01,-8.244388550519943237e-02,-2.677135728299617767e-02,2.917530387639999390e-02,8.515438437461853027e-02,1.401354521512985229e-01,1.955140233039855957e-01,2.515864968299865723e-01,3.077006042003631592e-01,3.637098670005798340e-01,4.200031459331512451e-01,4.757555425167083740e-01,5.242624282836914062e-01,5.718137621879577637e-01,6.275837421417236328e-01,6.854352951049804688e-01,7.423737645149230957e-01,7.983720898628234863e-01,8.554395437240600586e-01,nan
-1.929289102554321289e-01,-1.381951272487640381e-01,-8.280633389949798584e-02,-2.697858400642871857e-02,2.902856841683387756e-02,8.469131588935852051e-02,1.398135423660278320e-01,1.955415010452270508e-01,2.519044280052185059e-01,3.082571625709533691e-01,3.645529150962829590e-01,4.208734929561614990e-01,4.768318533897399902e-01,5.271223187446594238e-01,5.772386193275451660e-01,6.292195916175842285e-01,6.866719722747802734e-01,7.430027127265930176e-01,7.996225953102111816e-01,8.571506738662719727e-01,9.149237275123596191e-01
