# 1st dimension: Re = np.logspace(np.log10(1.4e6), np.log10(1.05e7), 20); 2nd dimension: alpha = np.arange(-5., 5.5, .5)
-5.709454417228698730e-01,-5.167115330696105957e-01,-4.625591933727264404e-01,-4.067482650279998779e-01,-3.502983152866363525e-01,-2.931816875934600830e-01,-2.354918718338012695e-01,-1.764164268970489502e-01,-1.183877736330032349e-01,-5.962476506829261780e-02,1.020814215735299513e-05,5.965122580528259277e-02,1.184624210000038147e-01,1.764270514249801636e-01,2.355153858661651611e-01,2.932041883468627930e-01,3.503222465515136719e-01,4.067727625370025635e-01,4.625867903232574463e-01,5.167367458343505859e-01,5.709117054939270020e-01
-5.713081359863281250e-01,-5.164561271667480469e-01,-4.623440802097320557e-01,-4.069357514381408691e-01,-3.504905104637145996e-01,-2.934797704219818115e-01,-2.355890870094299316e-01,-1.768641769886016846e-01,-1.185073330998420715e-01,-5.960898473858833313e-02,1.133663317887112498e-05,5.964035540819168091e-02,1.185864284634590149e-01,1.768734455108642578e-01,2.356098890304565430e-01,2.935026288032531738e-01,3.505147099494934082e-01,4.069624245166778564e-01,4.623772203922271729e-01,5.164796113967895508e-01,5.713059306144714355e-01
-5.719208717346191406e-01,-5.169876813888549805e-01,-4.617214202880859375e-01,-4.062514603137969971e-01,-3.502684235572814941e-01,-2.934274971485137939e-01,-2.353762686252593994e-01,-1.773601025342941284e-01,-1.184024587273597717e-01,-5.949117988348007202e-02,1.250470904778921977e-05,5.952678993344306946e-02,1.184249296784400940e-01,1.773792952299118042e-01,2.353912591934204102e-01,2.934496700763702393e-01,3.502936363220214844e-01,4.062816798686981201e-01,4.617471396923065186e-01,5.170131921768188477e-01,5.718486309051513672e-01
-5.714293122291564941e-01,-5.169090032577514648e-01,-4.618648290634155273e-01,-4.060997664928436279e-01,-3.497273921966552734e-01,-2.927872240543365479e-01,-2.354193180799484253e-01,-1.776762604713439941e-01,-1.182066500186920166e-01,-5.926549062132835388e-02,1.554483787913341075e-05,5.929179862141609192e-02,1.182294785976409912e-01,1.777154207229614258e-01,2.354294061660766602e-01,2.928095161914825439e-01,3.497521877288818359e-01,4.061256051063537598e-01,4.618930816650390625e-01,5.169104933738708496e-01,5.713342428207397461e-01
-5.713347196578979492e-01,-5.165378451347351074e-01,-4.610360562801361084e-01,-4.060755670070648193e-01,-3.499794006347656250e-01,-2.929380536079406738e-01,-2.357976287603378296e-01,-1.776371896266937256e-01,-1.182928383350372314e-01,-5.896306410431861877e-02,2.371964728808961809e-05,5.898195505142211914e-02,1.183165311813354492e-01,1.776597201824188232e-01,2.358075976371765137e-01,2.929607033729553223e-01,3.500032722949981689e-01,4.061061739921569824e-01,4.610647261142730713e-01,5.165174007415771484e-01,5.713605880737304688e-01
-5.712154507637023926e-01,-5.169578790664672852e-01,-4.611099660396575928e-01,-4.055241644382476807e-01,-3.499443233013153076e-01,-2.925971448421478271e-01,-2.358234524726867676e-01,-1.770927309989929199e-01,-1.183149367570877075e-01,-5.872833356261253357e-02,3.826514512184076011e-05,5.874514579772949219e-02,1.183387860655784607e-01,1.771130561828613281e-01,2.358357161283493042e-01,2.926161587238311768e-01,3.499703109264373779e-01,4.055550992488861084e-01,4.611377418041229248e-01,5.169386863708496094e-01,5.712900161743164062e-01
-5.705087184906005859e-01,-5.172051787376403809e-01,-4.612044394016265869e-01,-4.056821167469024658e-01,-3.494197726249694824e-01,-2.922778725624084473e-01,-2.350424230098724365e-01,-1.768066436052322388e-01,-1.182497665286064148e-01,-5.876727774739265442e-02,4.318339779274538159e-05,5.879063159227371216e-02,1.182690039277076721e-01,1.768273711204528809e-01,2.350658625364303589e-01,2.922942638397216797e-01,3.494456410408020020e-01,4.057077765464782715e-01,4.612293839454650879e-01,5.170922279357910156e-01,5.705571770668029785e-01
-5.709637403488159180e-01,-5.168554186820983887e-01,-4.608036279678344727e-01,-4.056799113750457764e-01,-3.496065735816955566e-01,-2.924330830574035645e-01,-2.348095774650573730e-01,-1.767581403255462646e-01,-1.179807558655738831e-01,-5.895297601819038391e-02,2.622230931592639536e-05,5.898450314998626709e-02,1.179854720830917358e-01,1.767813414335250854e-01,2.348318994045257568e-01,2.924591600894927979e-01,3.496322035789489746e-01,4.057088792324066162e-01,4.607892334461212158e-01,5.167595148086547852e-01,5.709969997406005859e-01
-5.708923935890197754e-01,-5.168528556823730469e-01,-4.610390663146972656e-01,-4.049794971942901611e-01,-3.491275608539581299e-01,-2.919532060623168945e-01,-2.341350317001342773e-01,-1.762671768665313721e-01,-1.176077947020530701e-01,-5.918719992041587830e-02,1.216063628817209974e-05,5.923271179199218750e-02,1.175962164998054504e-01,1.762910634279251099e-01,2.341561019420623779e-01,2.919811308383941650e-01,3.491578400135040283e-01,4.050083458423614502e-01,4.610392451286315918e-01,5.168728232383728027e-01,5.709192156791687012e-01
-5.706943273544311523e-01,-5.170763731002807617e-01,-4.614662230014801025e-01,-4.051426351070404053e-01,-3.485532402992248535e-01,-2.913177013397216797e-01,-2.335167229175567627e-01,-1.756645441055297852e-01,-1.176225915551185608e-01,-5.921907722949981689e-02,1.199605867441277951e-05,5.926231294870376587e-02,1.176106929779052734e-01,1.756801456212997437e-01,2.335397452116012573e-01,2.913447022438049316e-01,3.485798537731170654e-01,4.051776230335235596e-01,4.613901078701019287e-01,5.171501040458679199e-01,5.707204341888427734e-01
-5.712876915931701660e-01,-5.163036584854125977e-01,-4.612514376640319824e-01,-4.044137001037597656e-01,-3.484711349010467529e-01,-2.913323342800140381e-01,-2.333524227142333984e-01,-1.756501346826553345e-01,-1.178122535347938538e-01,-5.888685956597328186e-02,1.156683993031037971e-05,5.891027301549911499e-02,1.178246662020683289e-01,1.756402105093002319e-01,2.333803921937942505e-01,2.913579344749450684e-01,3.485019505023956299e-01,4.044174551963806152e-01,4.611171483993530273e-01,5.163574218750000000e-01,5.713139176368713379e-01
-5.718060135841369629e-01,-5.165928006172180176e-01,-4.610139727592468262e-01,-4.041510224342346191e-01,-3.476539850234985352e-01,-2.910110354423522949e-01,-2.326107770204544067e-01,-1.752029359340667725e-01,-1.174265146255493164e-01,-5.866332352161407471e-02,9.678383321443106979e-06,5.869156867265701294e-02,1.174582242965698242e-01,1.751432418823242188e-01,2.326464653015136719e-01,2.910411059856414795e-01,3.476889133453369141e-01,4.041577875614166260e-01,4.609974026679992676e-01,5.166249871253967285e-01,5.718331933021545410e-01
-5.717027783393859863e-01,-5.161650180816650391e-01,-4.612537324428558350e-01,-4.043417870998382568e-01,-3.474740982055664062e-01,-2.903420925140380859e-01,-2.324171662330627441e-01,-1.749499589204788208e-01,-1.170560270547866821e-01,-5.867408215999603271e-02,4.777856247528688982e-06,5.870098993182182312e-02,1.170901134610176086e-01,1.748674511909484863e-01,2.324441969394683838e-01,2.903735041618347168e-01,3.475026786327362061e-01,4.042829275131225586e-01,4.612803757190704346e-01,5.161897540092468262e-01,5.717305541038513184e-01
-5.718253254890441895e-01,-5.159963369369506836e-01,-4.614083468914031982e-01,-4.039752185344696045e-01,-3.473293781280517578e-01,-2.903175652027130127e-01,-2.325221598148345947e-01,-1.749721914529800415e-01,-1.167534962296485901e-01,-5.858713388442993164e-02,8.866067219059914351e-06,5.860964581370353699e-02,1.167821362614631653e-01,1.749580353498458862e-01,2.325012385845184326e-01,2.903574407100677490e-01,3.473805487155914307e-01,4.038380086421966553e-01,4.614751636981964111e-01,5.160220861434936523e-01,5.718516111373901367e-01
-5.723670125007629395e-01,-5.163914561271667480e-01,-4.606874287128448486e-01,-4.035831987857818604e-01,-3.464755713939666748e-01,-2.900530397891998291e-01,-2.321816533803939819e-01,-1.741767674684524536e-01,-1.160244122147560120e-01,-5.813991278409957886e-02,1.093550417863298208e-05,5.816036090254783630e-02,1.160559207201004028e-01,1.741963624954223633e-01,2.320909500122070312e-01,2.901147902011871338e-01,3.464792072772979736e-01,4.035582840442657471e-01,4.607584476470947266e-01,5.164173245429992676e-01,5.723928213119506836e-01
-5.728743672370910645e-01,-5.167222619056701660e-01,-4.605861008167266846e-01,-4.037441015243530273e-01,-3.464807868003845215e-01,-2.894071936607360840e-01,-2.320911437273025513e-01,-1.740400195121765137e-01,-1.159642487764358521e-01,-5.834877490997314453e-02,1.023740787786664441e-05,5.836977064609527588e-02,1.160052716732025146e-01,1.740660518407821655e-01,2.320364415645599365e-01,2.894832491874694824e-01,3.464708030223846436e-01,4.037674069404602051e-01,4.606198370456695557e-01,5.167489647865295410e-01,5.728998780250549316e-01
-5.729581713676452637e-01,-5.164845585823059082e-01,-4.602988362312316895e-01,-4.039333164691925049e-01,-3.459991812705993652e-01,-2.896951436996459961e-01,-2.322534471750259399e-01,-1.735267639160156250e-01,-1.159668415784835815e-01,-5.797769874334335327e-02,9.096296707866713405e-06,5.800271034240722656e-02,1.160260736942291260e-01,1.735586374998092651e-01,2.322437316179275513e-01,2.897073626518249512e-01,3.459005355834960938e-01,4.039865136146545410e-01,4.603224098682403564e-01,5.165120959281921387e-01,5.729833245277404785e-01
-5.728160142898559570e-01,-5.163851976394653320e-01,-4.596692323684692383e-01,-4.035881459712982178e-01,-3.456797301769256592e-01,-2.892464995384216309e-01,-2.318365871906280518e-01,-1.730765700340270996e-01,-1.156533285975456238e-01,-5.746494978666305542e-02,1.162283024314092472e-05,5.748617649078369141e-02,1.156769990921020508e-01,1.731147170066833496e-01,2.318637669086456299e-01,2.892169356346130371e-01,3.457668423652648926e-01,4.036760926246643066e-01,4.596924483776092529e-01,5.164111852645874023e-01,5.728408098220825195e-01
-5.730918645858764648e-01,-5.167147517204284668e-01,-4.599173963069915771e-01,-4.034134745597839355e-01,-3.461229801177978516e-01,-2.890217304229736328e-01,-2.313863635063171387e-01,-1.732904464006423950e-01,-1.157005801796913147e-01,-5.803423374891281128e-02,1.049204365699552000e-05,5.805005505681037903e-02,1.157250776886940002e-01,1.733792722225189209e-01,2.314167320728302002e-01,2.889941930770874023e-01,3.462546467781066895e-01,4.034807085990905762e-01,4.599389135837554932e-01,5.167394280433654785e-01,5.731166601181030273e-01
-5.736064314842224121e-01,-5.171329379081726074e-01,-4.597270488739013672e-01,-4.036905467510223389e-01,-3.464905917644500732e-01,nan,-2.314373552799224854e-01,-1.735608726739883423e-01,-1.149412170052528381e-01,-5.758594721555709839e-02,1.181315838039154187e-05,5.760930851101875305e-02,1.149664595723152161e-01,1.736384630203247070e-01,2.314717769622802734e-01,2.888149619102478027e-01,nan,4.038140177726745605e-01,4.597492814064025879e-01,5.171559453010559082e-01,5.736311674118041992e-01
