# 1st dimension: Re = np.logspace(np.log10(1.4e6), np.log10(1.05e7), 20); 2nd dimension: alpha = np.arange(-5., 5.5, .5)
-6.496921181678771973e-02,-8.380580693483352661e-03,4.449375718832015991e-02,1.007869765162467957e-01,1.556089073419570923e-01,2.119590491056442261e-01,2.679294943809509277e-01,3.232501745223999023e-01,3.803859949111938477e-01,4.369139373302459717e-01,4.919407069683074951e-01,5.487626194953918457e-01,6.052076220512390137e-01,6.601830124855041504e-01,7.150177955627441406e-01,7.718483209609985352e-01,8.277869224548339844e-01,8.818501234054565430e-01,9.352616667747497559e-01,9.904350638389587402e-01,1.045883059501647949e+00
-6.362817436456680298e-02,-7.632028311491012573e-03,4.627541825175285339e-02,1.017802804708480835e-01,1.563453376293182373e-01,2.132280617952346802e-01,2.684849202632904053e-01,3.248326778411865234e-01,3.820446431636810303e-01,4.378056526184082031e-01,4.935518205165863037e-01,5.508409738540649414e-01,6.067419648170471191e-01,6.616131067276000977e-01,7.177919745445251465e-01,7.744881510734558105e-01,8.298043012619018555e-01,8.836606740951538086e-01,9.377284646034240723e-01,9.939309358596801758e-01,1.049054265022277832e+00
-6.228185817599296570e-02,nan,4.798224195837974548e-02,1.024177968502044678e-01,1.578447818756103516e-01,2.141807973384857178e-01,2.693696618080139160e-01,3.265670239925384521e-01,3.834013640880584717e-01,4.387228786945343018e-01,4.956126213073730469e-01,5.526287555694580078e-01,6.080082058906555176e-01,6.632487773895263672e-01,7.203514575958251953e-01,7.768340110778808594e-01,8.313841223716735840e-01,8.855799436569213867e-01,9.410838484764099121e-01,9.970782995223999023e-01,1.051850438117980957e+00
-6.136421486735343933e-02,-5.215201992541551590e-03,4.953257739543914795e-02,1.029366180300712585e-01,1.591561734676361084e-01,2.148648053407669067e-01,2.708773910999298096e-01,3.280233740806579590e-01,3.843637406826019287e-01,4.399526417255401611e-01,4.974655210971832275e-01,5.540247559547424316e-01,6.093815565109252930e-01,6.656022071838378906e-01,7.226932048797607422e-01,7.787568569183349609e-01,8.329737186431884766e-01,8.877222537994384766e-01,9.442267417907714844e-01,9.999314546585083008e-01,1.054158210754394531e+00
-6.101091951131820679e-02,-3.778634825721383095e-03,5.060933157801628113e-02,1.046979054808616638e-01,1.605464518070220947e-01,2.157502919435501099e-01,2.725446522235870361e-01,3.291887044906616211e-01,3.852127790451049805e-01,4.418741464614868164e-01,4.990873634815216064e-01,5.550681948661804199e-01,6.109450459480285645e-01,6.679536700248718262e-01,7.248093485832214355e-01,7.802019119262695312e-01,8.348030447959899902e-01,8.906472325325012207e-01,9.470940828323364258e-01,1.002438306808471680e+00,1.055981040000915527e+00
-6.014699861407279968e-02,-2.365485532209277153e-03,5.158112570643424988e-02,1.067053601145744324e-01,1.613082885742187500e-01,2.168202251195907593e-01,2.739706039428710938e-01,3.299846053123474121e-01,3.862888813018798828e-01,4.437054395675659180e-01,5.003725886344909668e-01,5.561882853507995605e-01,6.128707528114318848e-01,6.701551079750061035e-01,7.266122102737426758e-01,7.814731597900390625e-01,8.367731571197509766e-01,8.934286832809448242e-01,9.496626257896423340e-01,1.004505038261413574e+00,1.057815790176391602e+00
-5.841051042079925537e-02,-2.073415787890553474e-03,5.275078862905502319e-02,1.082580015063285828e-01,1.624761372804641724e-01,2.182986587285995483e-01,2.751621007919311523e-01,3.306386172771453857e-01,3.877228200435638428e-01,4.452757537364959717e-01,5.013242363929748535e-01,5.575513839721679688e-01,6.149404644966125488e-01,6.721543669700622559e-01,7.280040979385375977e-01,7.829928994178771973e-01,8.392734527587890625e-01,8.960415720939636230e-01,9.518831372261047363e-01,1.006161570549011230e+00,1.059867262840270996e+00
-5.768537893891334534e-02,-2.091816859319806099e-03,5.382737889885902405e-02,nan,1.638893336057662964e-01,2.200705111026763916e-01,2.760979533195495605e-01,3.315755724906921387e-01,3.892950415611267090e-01,4.464788734912872314e-01,5.023303627967834473e-01,5.591574907302856445e-01,6.168563365936279297e-01,6.738399267196655273e-01,7.291324138641357422e-01,7.847307920455932617e-01,8.417137861251831055e-01,8.984360694885253906e-01,9.536994099617004395e-01,1.007799744606018066e+00,1.062284708023071289e+00
-5.739826709032058716e-02,-1.699819345958530903e-03,5.511540547013282776e-02,1.101255565881729126e-01,1.656823605298995972e-01,2.214602082967758179e-01,2.768845558166503906e-01,3.327925503253936768e-01,3.906628489494323730e-01,4.472770690917968750e-01,5.036356449127197266e-01,5.610221028327941895e-01,6.186057925224304199e-01,6.751304864883422852e-01,7.304764986038208008e-01,7.868358492851257324e-01,8.440172672271728516e-01,9.004999995231628418e-01,9.551155567169189453e-01,1.009634256362915039e+00,1.065072417259216309e+00
-5.747937411069869995e-02,-7.869435939937829971e-04,5.531268939375877380e-02,1.109476536512374878e-01,1.673808991909027100e-01,2.227876931428909302e-01,2.777795195579528809e-01,3.343603312969207764e-01,3.916739225387573242e-01,4.480242431163787842e-01,5.051170587539672852e-01,5.627972483634948730e-01,6.201121807098388672e-01,6.761018633842468262e-01,7.320446968078613281e-01,7.890264391899108887e-01,8.461704850196838379e-01,9.020547866821289062e-01,9.565423727035522461e-01,1.011545062065124512e+00,1.067499399185180664e+00
-5.723598599433898926e-02,-7.294613169506192207e-05,5.546025559306144714e-02,1.124425530433654785e-01,1.690146625041961670e-01,2.237159162759780884e-01,2.788479924201965332e-01,3.358147740364074707e-01,3.922769427299499512e-01,4.490658640861511230e-01,5.068228244781494141e-01,5.644619464874267578e-01,6.212433576583862305e-01,6.771630644798278809e-01,7.338171601295471191e-01,7.911345362663269043e-01,8.481038212776184082e-01,9.031350612640380859e-01,9.582224488258361816e-01,1.013961672782897949e+00,1.069056510925292969e+00
-5.651256069540977478e-02,8.131505637720692903e-06,5.601041018962860107e-02,1.135009303689002991e-01,1.699114143848419189e-01,2.248370647430419922e-01,2.804756164550781250e-01,3.369060158729553223e-01,3.929082453250885010e-01,4.503045976161956787e-01,5.084211230278015137e-01,5.659313201904296875e-01,6.220912337303161621e-01,6.784589290618896484e-01,7.357800006866455078e-01,7.931570410728454590e-01,8.496225476264953613e-01,9.042857885360717773e-01,9.599352478981018066e-01,1.016148328781127930e+00,1.068801403045654297e+00
-5.580279231071472168e-02,-1.589834137121215463e-04,5.689930915832519531e-02,1.143691018223762512e-01,1.701694577932357788e-01,2.261512726545333862e-01,2.820641100406646729e-01,3.373609185218811035e-01,3.939043879508972168e-01,4.517596662044525146e-01,5.098745822906494141e-01,5.669895410537719727e-01,6.230552196502685547e-01,6.799238324165344238e-01,nan,7.950220704078674316e-01,8.504683971405029297e-01,9.056650996208190918e-01,9.619808197021484375e-01,1.017590284347534180e+00,1.069505929946899414e+00
-5.568945407867431641e-02,2.332884905626997352e-04,5.783651769161224365e-02,1.147695481777191162e-01,1.710289418697357178e-01,2.278146892786026001e-01,2.834802269935607910e-01,3.377408981323242188e-01,3.951424360275268555e-01,4.531902074813842773e-01,5.111289024353027344e-01,5.677168965339660645e-01,6.242818236351013184e-01,6.816422343254089355e-01,7.394053936004638672e-01,7.965707182884216309e-01,8.511926531791687012e-01,9.071532487869262695e-01,9.639194607734680176e-01,1.017220616340637207e+00,1.071430444717407227e+00
-5.611516535282135010e-02,9.625905076973140240e-04,5.858911573886871338e-02,1.148600280284881592e-01,1.717938482761383057e-01,2.292250841856002808e-01,nan,3.385273814201354980e-01,3.965617418289184570e-01,4.545492827892303467e-01,5.119749307632446289e-01,5.685085058212280273e-01,6.256523728370666504e-01,nan,nan,7.973693013191223145e-01,8.522717356681823730e-01,9.090173840522766113e-01,9.651054739952087402e-01,1.017787575721740723e+00,1.073155045509338379e+00
-5.595714971423149109e-02,1.752593670971691608e-03,5.885740742087364197e-02,1.152275651693344116e-01,1.727847158908843994e-01,2.302178144454956055e-01,2.848021090030670166e-01,3.395000100135803223e-01,3.979157209396362305e-01,4.557836055755615234e-01,5.125173926353454590e-01,5.695598125457763672e-01,6.271815896034240723e-01,6.849809885025024414e-01,7.425271868705749512e-01,7.974513173103332520e-01,8.537281751632690430e-01,9.107351303100585938e-01,9.642067551612854004e-01,1.019437789916992188e+00,1.077143669128417969e+00
-5.535098537802696228e-02,2.373618539422750473e-03,5.877349525690078735e-02,1.158787310123443604e-01,1.737891435623168945e-01,2.304577380418777466e-01,2.858774065971374512e-01,nan,3.991520404815673828e-01,4.566063582897186279e-01,5.131733417510986328e-01,5.707117319107055664e-01,nan,6.865704655647277832e-01,7.433894276618957520e-01,7.981532812118530273e-01,nan,9.113909602165222168e-01,9.648154377937316895e-01,1.021060466766357422e+00,1.078798413276672363e+00
-5.467818677425384521e-02,2.465676516294479370e-03,5.901877209544181824e-02,1.167363300919532776e-01,1.746503412723541260e-01,2.306413054466247559e-01,2.868369817733764648e-01,3.418348729610443115e-01,4.001817703247070312e-01,4.571074843406677246e-01,5.141496062278747559e-01,nan,6.301859617233276367e-01,6.879904866218566895e-01,7.433648109436035156e-01,nan,8.567226529121398926e-01,9.105062484741210938e-01,9.664745330810546875e-01,1.019552111625671387e+00,1.073364615440368652e+00
-5.418434739112854004e-02,2.262342022731900215e-03,5.955433845520019531e-02,1.176164820790290833e-01,1.749118119478225708e-01,2.310741692781448364e-01,2.883532047271728516e-01,3.429646790027618408e-01,nan,4.577038586139678955e-01,5.153133869171142578e-01,5.733894109725952148e-01,6.315504312515258789e-01,6.888655424118041992e-01,7.438318729400634766e-01,8.009044528007507324e-01,8.559924364089965820e-01,9.113530516624450684e-01,9.679306745529174805e-01,1.019503712654113770e+00,1.070963144302368164e+00
-5.429176241159439087e-02,2.443206496536731720e-03,6.029129400849342346e-02,1.183740869164466858e-01,1.746179759502410889e-01,2.318377047777175903e-01,2.896185815334320068e-01,3.440643250942230225e-01,nan,4.585699141025543213e-01,5.165635347366333008e-01,nan,6.327615380287170410e-01,6.891754865646362305e-01,7.450542449951171875e-01,8.005909323692321777e-01,nan,nan,9.661253690719604492e-01,1.019952774047851562e+00,1.071599125862121582e+00
