# 1st dimension: Re = np.logspace(np.log10(1.4e6), np.log10(1.05e7), 20); 2nd dimension: alpha = np.arange(-5., 5.5, .5)
4.047715663909912109e-02,9.621395915746688843e-02,1.525890231132507324e-01,2.088640034198760986e-01,2.653280794620513916e-01,3.226951956748962402e-01,3.807081282138824463e-01,4.391233623027801514e-01,4.976925849914550781e-01,5.563696622848510742e-01,6.152876019477844238e-01,6.734102368354797363e-01,nan,7.886092662811279297e-01,8.448247909545898438e-01,9.016755223274230957e-01,9.586836695671081543e-01,1.016311764717102051e+00,1.071481108665466309e+00,1.122409701347351074e+00,1.173825860023498535e+00
4.052512347698211670e-02,9.689281135797500610e-02,1.529269516468048096e-01,2.101292312145233154e-01,2.675012052059173584e-01,3.247454166412353516e-01,3.829267919063568115e-01,4.413538575172424316e-01,5.000905394554138184e-01,5.587255954742431641e-01,6.180030703544616699e-01,6.763649582862854004e-01,7.343872189521789551e-01,7.911176085472106934e-01,8.475513458251953125e-01,9.052142500877380371e-01,9.624819159507751465e-01,1.020223021507263184e+00,1.074108839035034180e+00,1.127126812934875488e+00,1.173800110816955566e+00
4.087850823998451233e-02,9.746792167425155640e-02,1.543462425470352173e-01,2.117583602666854858e-01,2.691818773746490479e-01,3.265856802463531494e-01,3.847949206829071045e-01,4.433021843433380127e-01,5.023274421691894531e-01,5.609639286994934082e-01,6.202604174613952637e-01,6.788242459297180176e-01,7.363153696060180664e-01,nan,8.505559563636779785e-01,9.085431694984436035e-01,9.661074876785278320e-01,1.023014068603515625e+00,1.075585484504699707e+00,1.130356073379516602e+00,1.177622556686401367e+00
4.140200093388557434e-02,9.858345240354537964e-02,1.556527614593505859e-01,2.131184190511703491e-01,2.707032263278961182e-01,3.283738195896148682e-01,3.866402804851531982e-01,4.451651871204376221e-01,5.042183399200439453e-01,5.631674528121948242e-01,6.221044063568115234e-01,6.804886460304260254e-01,7.379497289657592773e-01,7.957451939582824707e-01,8.535841107368469238e-01,9.116985201835632324e-01,9.694204926490783691e-01,1.025131106376647949e+00,1.078714132308959961e+00,1.129856944084167480e+00,1.178540349006652832e+00
4.236625507473945618e-02,9.956053644418716431e-02,1.568931192159652710e-01,2.144068926572799683e-01,2.722149789333343506e-01,3.299057483673095703e-01,3.882591128349304199e-01,4.469573497772216797e-01,5.060334205627441406e-01,5.649852156639099121e-01,6.234850287437438965e-01,6.815809607505798340e-01,7.397488951683044434e-01,7.982282638549804688e-01,8.566834926605224609e-01,9.147101640701293945e-01,9.721802473068237305e-01,1.025811791419982910e+00,1.081552982330322266e+00,1.130854606628417969e+00,1.177429199218750000e+00
4.324223846197128296e-02,1.004781946539878845e-01,1.580386906862258911e-01,2.157141715288162231e-01,2.736493051052093506e-01,3.315297663211822510e-01,3.899073600769042969e-01,4.486170709133148193e-01,5.075136423110961914e-01,5.664069652557373047e-01,6.243892908096313477e-01,6.827401518821716309e-01,7.416182756423950195e-01,8.007407188415527344e-01,8.595428466796875000e-01,9.175081253051757812e-01,9.741197824478149414e-01,1.027941942214965820e+00,1.082740902900695801e+00,1.131297588348388672e+00,1.178619265556335449e+00
4.407221451401710510e-02,1.013975888490676880e-01,1.591072529554367065e-01,2.170373201370239258e-01,2.749445438385009766e-01,3.330251574516296387e-01,3.914582729339599609e-01,4.500929117202758789e-01,5.086646676063537598e-01,5.672317147254943848e-01,6.254655718803405762e-01,6.841574311256408691e-01,7.437740564346313477e-01,8.030922412872314453e-01,8.620548844337463379e-01,9.199783205986022949e-01,9.748652577400207520e-01,1.030628442764282227e+00,1.081393480300903320e+00,1.129398107528686523e+00,1.175121903419494629e+00
4.493490979075431824e-02,1.023490428924560547e-01,1.601514071226119995e-01,2.182632386684417725e-01,2.762310206890106201e-01,3.344122767448425293e-01,3.927767872810363770e-01,4.512224793434143066e-01,nan,5.679564476013183594e-01,6.266624331474304199e-01,6.861135363578796387e-01,7.457969784736633301e-01,8.052658438682556152e-01,8.643780946731567383e-01,9.215518236160278320e-01,9.759706258773803711e-01,1.032237648963928223e+00,1.083036661148071289e+00,1.131096005439758301e+00,1.175930500030517578e+00
4.566485062241554260e-02,1.033325493335723877e-01,1.611909866333007812e-01,2.194162309169769287e-01,2.775715887546539307e-01,3.357559740543365479e-01,3.938695192337036133e-01,4.519275128841400146e-01,5.100291371345520020e-01,5.688434243202209473e-01,6.284066438674926758e-01,6.880660057067871094e-01,7.477806806564331055e-01,8.073269128799438477e-01,8.662440776824951172e-01,9.218636155128479004e-01,nan,1.031343817710876465e+00,1.080668807029724121e+00,1.129953265190124512e+00,1.173064351081848145e+00
4.643237218260765076e-02,1.043267622590065002e-01,1.622292101383209229e-01,2.205660790205001831e-01,2.788307964801788330e-01,3.367778956890106201e-01,3.945278227329254150e-01,4.524995684623718262e-01,5.108800530433654785e-01,5.701607465744018555e-01,6.301850676536560059e-01,6.900100708007812500e-01,7.497080564498901367e-01,8.091623187065124512e-01,8.672841191291809082e-01,9.227604269981384277e-01,9.802806973457336426e-01,1.032101035118103027e+00,1.081011891365051270e+00,1.129230022430419922e+00,1.173905611038208008e+00
4.721110686659812927e-02,1.053263321518898010e-01,1.632660776376724243e-01,2.216842919588088989e-01,2.797485291957855225e-01,3.373885452747344971e-01,3.950311839580535889e-01,4.532760083675384521e-01,5.119208097457885742e-01,5.718321800231933594e-01,6.319049000740051270e-01,6.917940974235534668e-01,7.515377402305603027e-01,8.107443451881408691e-01,8.671349287033081055e-01,9.246485233306884766e-01,9.790109395980834961e-01,1.032272577285766602e+00,1.079972267150878906e+00,1.129468917846679688e+00,1.173740506172180176e+00
4.799577966332435608e-02,1.063167601823806763e-01,1.643024832010269165e-01,2.226188480854034424e-01,2.803498506546020508e-01,3.378755152225494385e-01,3.957295417785644531e-01,4.541466534137725830e-01,5.136078000068664551e-01,5.734621882438659668e-01,6.335456371307373047e-01,6.935592293739318848e-01,7.531806230545043945e-01,8.116986155509948730e-01,8.676025867462158203e-01,9.261341691017150879e-01,9.790924191474914551e-01,1.029972672462463379e+00,1.078733801841735840e+00,1.126426815986633301e+00,1.172029733657836914e+00
4.878224804997444153e-02,1.072356700897216797e-01,1.652256250381469727e-01,2.232952713966369629e-01,2.808150649070739746e-01,3.384326100349426270e-01,3.965002596378326416e-01,4.556606709957122803e-01,5.152124166488647461e-01,5.750420689582824707e-01,6.350989937782287598e-01,6.950945258140563965e-01,7.544991970062255859e-01,8.115522265434265137e-01,8.692350983619689941e-01,9.256418347358703613e-01,9.797281622886657715e-01,1.029423117637634277e+00,1.079987883567810059e+00,1.127231001853942871e+00,1.174106717109680176e+00
4.956898838281631470e-02,1.080411821603775024e-01,1.659475415945053101e-01,2.236403971910476685e-01,2.813036143779754639e-01,3.390476703643798828e-01,3.977826535701751709e-01,4.572151601314544678e-01,5.167758464813232422e-01,5.765476822853088379e-01,6.365540623664855957e-01,6.964839696884155273e-01,7.550261616706848145e-01,8.118684887886047363e-01,8.706247806549072266e-01,9.243583679199218750e-01,9.770156145095825195e-01,1.026665568351745605e+00,1.077577948570251465e+00,1.123862147331237793e+00,1.173520565032958984e+00
5.033252015709877014e-02,1.086579412221908569e-01,1.663654744625091553e-01,2.238969355821609497e-01,2.817520499229431152e-01,3.400366604328155518e-01,3.992686569690704346e-01,4.586502015590667725e-01,5.182442665100097656e-01,5.779929161071777344e-01,6.379416584968566895e-01,6.974433660507202148e-01,7.548827528953552246e-01,8.132526874542236328e-01,8.705453276634216309e-01,9.247841238975524902e-01,9.771909117698669434e-01,1.027083754539489746e+00,1.077702283859252930e+00,1.124770045280456543e+00,1.171467781066894531e+00
5.098911747336387634e-02,1.090331375598907471e-01,1.665272712707519531e-01,2.242392748594284058e-01,2.823854088783264160e-01,3.413930535316467285e-01,4.006175994873046875e-01,4.600173830986022949e-01,5.196626186370849609e-01,5.793690681457519531e-01,6.391324996948242188e-01,6.973431706428527832e-01,7.551898956298828125e-01,8.142393231391906738e-01,8.690407872200012207e-01,9.219271540641784668e-01,9.739270806312561035e-01,1.024448513984680176e+00,1.076162099838256836e+00,1.124465227127075195e+00,1.173020124435424805e+00
5.147105082869529724e-02,1.091498583555221558e-01,1.667903661727905273e-01,2.246566265821456909e-01,2.835367023944854736e-01,3.426842689514160156e-01,4.018665552139282227e-01,4.613657593727111816e-01,5.209662318229675293e-01,5.806305408477783203e-01,6.399405002593994141e-01,6.970751881599426270e-01,7.563735246658325195e-01,8.131992816925048828e-01,8.696725368499755859e-01,9.224207997322082520e-01,9.738497138023376465e-01,1.024747848510742188e+00,1.074026584625244141e+00,1.122495770454406738e+00,1.170261263847351074e+00
5.164023116230964661e-02,1.092364415526390076e-01,1.671703010797500610e-01,2.254603654146194458e-01,2.846579551696777344e-01,3.438341617584228516e-01,4.030642211437225342e-01,4.625938534736633301e-01,5.222333073616027832e-01,5.817531943321228027e-01,nan,6.977831125259399414e-01,7.570960521697998047e-01,8.123605251312255859e-01,8.665244579315185547e-01,9.199398756027221680e-01,9.705568552017211914e-01,1.024660706520080566e+00,1.074131488800048828e+00,1.123741865158081055e+00,1.169876098632812500e+00
5.157684162259101868e-02,1.094718202948570251e-01,1.676565855741500854e-01,2.264431416988372803e-01,2.857379019260406494e-01,3.449129760265350342e-01,4.042508006095886230e-01,4.637090563774108887e-01,5.233432054519653320e-01,5.823617577552795410e-01,6.392399072647094727e-01,nan,7.551146149635314941e-01,8.129543662071228027e-01,8.662165403366088867e-01,9.195135831832885742e-01,9.706538915634155273e-01,1.022039055824279785e+00,1.070835828781127930e+00,1.124033808708190918e+00,1.170807123184204102e+00
5.164140090346336365e-02,1.097987964749336243e-01,1.685140728950500488e-01,2.274274528026580811e-01,2.867485880851745605e-01,3.460004031658172607e-01,4.053274691104888916e-01,4.647652208805084229e-01,5.243189334869384766e-01,5.814695358276367188e-01,6.400941610336303711e-01,6.994385719299316406e-01,7.547987699508666992e-01,8.099640011787414551e-01,8.631056547164916992e-01,9.172046780586242676e-01,9.693898558616638184e-01,1.022700667381286621e+00,1.071851968765258789e+00,1.121595740318298340e+00,1.167616128921508789e+00
