# 1st dimension: Re = np.logspace(np.log10(1.4e6), np.log10(1.05e7), 20); 2nd dimension: alpha = np.arange(-5., 5.5, .5)
4.712882265448570251e-02,1.029245778918266296e-01,1.599194407463073730e-01,2.169065624475479126e-01,2.720524966716766357e-01,3.270808458328247070e-01,3.828464746475219727e-01,4.374408423900604248e-01,4.931418001651763916e-01,5.471543669700622559e-01,6.019253134727478027e-01,6.539579033851623535e-01,7.083235979080200195e-01,7.599198818206787109e-01,8.091926574707031250e-01,8.557736873626708984e-01,9.019551873207092285e-01,9.521560072898864746e-01,1.000291466712951660e+00,1.032084584236145020e+00,nan
4.941440373659133911e-02,1.043919250369071960e-01,1.616242378950119019e-01,2.175486683845520020e-01,2.731786966323852539e-01,3.280512690544128418e-01,3.836840689182281494e-01,4.381724596023559570e-01,4.939484894275665283e-01,5.473558306694030762e-01,6.024436354637145996e-01,6.554491519927978516e-01,7.076274156570434570e-01,7.612407803535461426e-01,8.115199804306030273e-01,8.598239421844482422e-01,nan,9.534081816673278809e-01,1.001677036285400391e+00,1.030895233154296875e+00,1.064014434814453125e+00
4.989801719784736633e-02,1.059426888823509216e-01,1.628786325454711914e-01,2.184717059135437012e-01,2.736506760120391846e-01,3.289659619331359863e-01,3.837687671184539795e-01,4.392543435096740723e-01,4.939040839672088623e-01,5.485727190971374512e-01,6.017594933509826660e-01,6.564279794692993164e-01,7.085243463516235352e-01,7.607659697532653809e-01,8.124753236770629883e-01,8.621289134025573730e-01,9.075329899787902832e-01,9.548177123069763184e-01,1.001483082771301270e+00,1.030512571334838867e+00,1.064942002296447754e+00
nan,1.069482192397117615e-01,1.634746342897415161e-01,2.192266583442687988e-01,2.745123207569122314e-01,3.297190666198730469e-01,3.837641775608062744e-01,4.401056468486785889e-01,4.933646023273468018e-01,5.492253899574279785e-01,6.021766662597656250e-01,6.563013792037963867e-01,7.096893191337585449e-01,7.614949941635131836e-01,8.122530579566955566e-01,8.627334237098693848e-01,9.094650745391845703e-01,9.548535346984863281e-01,1.002993226051330566e+00,1.030930399894714355e+00,1.066694378852844238e+00
nan,nan,1.641995906829833984e-01,2.192721962928771973e-01,2.753958702087402344e-01,3.298085331916809082e-01,3.848515152931213379e-01,4.402451217174530029e-01,4.945408701896667480e-01,5.487920045852661133e-01,6.032178997993469238e-01,6.556509733200073242e-01,7.098938226699829102e-01,7.626408934593200684e-01,8.139278292655944824e-01,8.644257187843322754e-01,9.131956696510314941e-01,9.572483897209167480e-01,1.002824306488037109e+00,1.032340764999389648e+00,1.069335818290710449e+00
nan,nan,1.646630316972732544e-01,2.198215574026107788e-01,2.760568857192993164e-01,3.292382955551147461e-01,3.857089281082153320e-01,4.393418729305267334e-01,4.953848421573638916e-01,5.482577085494995117e-01,6.032431721687316895e-01,6.568927764892578125e-01,7.094258069992065430e-01,7.623283863067626953e-01,8.139149546623229980e-01,8.652188181877136230e-01,9.149294495582580566e-01,9.595635533332824707e-01,1.004840731620788574e+00,1.032714009284973145e+00,1.070783972740173340e+00
5.302366986870765686e-02,1.093269363045692444e-01,1.643086969852447510e-01,2.206359654664993286e-01,2.760525047779083252e-01,3.301373422145843506e-01,3.859602808952331543e-01,4.400300383567810059e-01,4.952667057514190674e-01,5.494481921195983887e-01,6.024925112724304199e-01,6.571288108825683594e-01,7.104452252388000488e-01,7.626543641090393066e-01,8.142138719558715820e-01,8.651782870292663574e-01,9.153980016708374023e-01,9.617972373962402344e-01,1.006080985069274902e+00,1.033862829208374023e+00,1.074016094207763672e+00
nan,nan,1.645532548427581787e-01,2.212351560592651367e-01,2.751783132553100586e-01,3.309627473354339600e-01,3.851656615734100342e-01,4.409312307834625244e-01,4.943396449089050293e-01,5.498596429824829102e-01,6.033344864845275879e-01,6.563120484352111816e-01,7.088772654533386230e-01,7.633112072944641113e-01,8.155861496925354004e-01,8.665143251419067383e-01,9.167455434799194336e-01,9.625746607780456543e-01,1.008550882339477539e+00,1.034938097000122070e+00,1.077097177505493164e+00
5.419157072901725769e-02,nan,1.653414815664291382e-01,2.212267518043518066e-01,2.756893038749694824e-01,3.311788141727447510e-01,3.852804899215698242e-01,4.410966336727142334e-01,4.951637983322143555e-01,5.489894747734069824e-01,6.041047573089599609e-01,6.570859551429748535e-01,7.081611156463623047e-01,7.617059350013732910e-01,8.150576353073120117e-01,8.655550479888916016e-01,9.159487485885620117e-01,9.647727608680725098e-01,1.013027667999267578e+00,1.035565376281738281e+00,1.080072641372680664e+00
nan,1.089847162365913391e-01,1.659097075462341309e-01,2.202456146478652954e-01,2.764398455619812012e-01,3.304887712001800537e-01,3.861499428749084473e-01,4.402301907539367676e-01,4.958097338676452637e-01,5.492553114891052246e-01,6.034343242645263672e-01,6.580522060394287109e-01,7.059008479118347168e-01,7.598615288734436035e-01,8.148641586303710938e-01,8.663326501846313477e-01,9.165769815444946289e-01,9.650566577911376953e-01,1.014702916145324707e+00,nan,1.082999587059020996e+00
5.371023714542388916e-02,1.097316443920135498e-01,1.658916622400283813e-01,2.203528583049774170e-01,2.765415906906127930e-01,3.302559554576873779e-01,3.862741887569427490e-01,4.405649900436401367e-01,4.952235519886016846e-01,5.501517057418823242e-01,6.033995151519775391e-01,6.575130224227905273e-01,7.034039497375488281e-01,7.575402259826660156e-01,8.125454783439636230e-01,8.647210597991943359e-01,9.159269332885742188e-01,9.665096998214721680e-01,1.016270160675048828e+00,1.040338516235351562e+00,1.085910320281982422e+00
5.325325205922126770e-02,1.102620288729667664e-01,1.649268269538879395e-01,2.210712432861328125e-01,2.756621241569519043e-01,3.311369121074676514e-01,3.855050802230834961e-01,4.412966966629028320e-01,4.949086606502532959e-01,5.499312877655029297e-01,6.043363213539123535e-01,6.574293375015258789e-01,7.009803652763366699e-01,7.540799975395202637e-01,8.096600174903869629e-01,8.635134696960449219e-01,nan,9.678459167480468750e-01,1.018476128578186035e+00,1.044098854064941406e+00,1.088800430297851562e+00
5.390713363885879517e-02,1.101894304156303406e-01,1.647321283817291260e-01,2.211658805608749390e-01,2.753887474536895752e-01,3.312698602676391602e-01,3.856510818004608154e-01,4.407556653022766113e-01,4.958115220069885254e-01,5.494843125343322754e-01,6.038541197776794434e-01,6.565024256706237793e-01,6.990576386451721191e-01,7.510280013084411621e-01,8.066209554672241211e-01,8.628064393997192383e-01,9.160512089729309082e-01,9.676696658134460449e-01,1.018923401832580566e+00,1.046308994293212891e+00,1.091529846191406250e+00
5.432764068245887756e-02,1.092134118080139160e-01,1.653882116079330444e-01,2.201315313577651978e-01,2.761854231357574463e-01,3.303028941154479980e-01,3.864158093929290771e-01,4.402818679809570312e-01,4.954865276813507080e-01,5.503627657890319824e-01,6.037127375602722168e-01,6.554956436157226562e-01,6.973683238029479980e-01,7.490171194076538086e-01,8.045234084129333496e-01,8.614591360092163086e-01,9.165673255920410156e-01,9.688528180122375488e-01,1.019901156425476074e+00,1.048976778984069824e+00,1.098413586616516113e+00
5.411697551608085632e-02,1.089068055152893066e-01,1.654334515333175659e-01,2.198430895805358887e-01,2.762971222400665283e-01,3.304225802421569824e-01,3.859671652317047119e-01,4.411201477050781250e-01,4.949708282947540283e-01,5.501161217689514160e-01,6.046820878982543945e-01,6.532070040702819824e-01,6.956375837326049805e-01,nan,8.032960891723632812e-01,8.597013950347900391e-01,9.152664542198181152e-01,9.694760441780090332e-01,1.021617531776428223e+00,1.051391601562500000e+00,1.102184772491455078e+00
5.312501639127731323e-02,1.094968989491462708e-01,1.643255800008773804e-01,2.205365896224975586e-01,2.751904129981994629e-01,3.311727344989776611e-01,3.852875828742980957e-01,4.409617781639099121e-01,4.958205223083496094e-01,5.493623018264770508e-01,6.041344404220581055e-01,6.505895853042602539e-01,6.938466429710388184e-01,7.474524974822998047e-01,8.034020066261291504e-01,8.594928979873657227e-01,9.142213463783264160e-01,9.689393043518066406e-01,1.021479368209838867e+00,1.053695321083068848e+00,1.105221033096313477e+00
5.288733914494514465e-02,1.093851923942565918e-01,1.640673279762268066e-01,2.205367088317871094e-01,2.752518057823181152e-01,3.307564854621887207e-01,3.859924972057342529e-01,4.400928020477294922e-01,4.960321187973022461e-01,5.502024292945861816e-01,6.036584377288818359e-01,6.480597257614135742e-01,6.927771568298339844e-01,7.464520335197448730e-01,8.028147816658020020e-01,8.594628572463989258e-01,9.146460890769958496e-01,9.694056510925292969e-01,1.022056341171264648e+00,1.055818200111389160e+00,1.107865810394287109e+00
5.339298024773597717e-02,1.081731244921684265e-01,1.646194756031036377e-01,2.194272130727767944e-01,2.757989168167114258e-01,3.300100564956665039e-01,3.858293294906616211e-01,4.407812356948852539e-01,4.949042201042175293e-01,5.497689247131347656e-01,6.030709147453308105e-01,6.457080245018005371e-01,6.916292309761047363e-01,7.465576529502868652e-01,nan,8.605597019195556641e-01,9.137262105941772461e-01,9.688414335250854492e-01,1.022367715835571289e+00,1.057850718498229980e+00,1.110273838043212891e+00
5.307278782129287720e-02,1.080692708492279053e-01,1.642533242702484131e-01,nan,2.750294506549835205e-01,3.306160867214202881e-01,3.849237859249114990e-01,4.407205581665039062e-01,4.954796731472015381e-01,5.492557287216186523e-01,6.017256379127502441e-01,6.437925100326538086e-01,6.906284093856811523e-01,7.466462850570678711e-01,8.029958009719848633e-01,8.599478602409362793e-01,9.149820208549499512e-01,9.692473411560058594e-01,1.022355079650878906e+00,1.059900879859924316e+00,1.112531661987304688e+00
5.176578462123870850e-02,1.084508672356605530e-01,1.632838100194931030e-01,nan,2.745097875595092773e-01,3.300902545452117920e-01,3.854826390743255615e-01,4.398408234119415283e-01,nan,5.499581098556518555e-01,5.992005467414855957e-01,6.420906186103820801e-01,6.900691986083984375e-01,7.472708225250244141e-01,8.040485978126525879e-01,8.608014583587646484e-01,9.152051210403442383e-01,9.691397547721862793e-01,nan,1.061803102493286133e+00,1.114680647850036621e+00
