# 1st dimension: Re = np.logspace(np.log10(1.4e6), np.log10(1.05e7), 20); 2nd dimension: alpha = np.arange(-5., 5.5, .5)
1.422583591192960739e-02,7.035589963197708130e-02,1.273724138736724854e-01,1.841838359832763672e-01,2.415871471166610718e-01,2.990375161170959473e-01,3.572199940681457520e-01,4.157372713088989258e-01,4.742196202278137207e-01,5.328512787818908691e-01,5.900452733039855957e-01,6.480367779731750488e-01,7.060483694076538086e-01,7.638565301895141602e-01,8.203924298286437988e-01,8.745896816253662109e-01,9.292078614234924316e-01,9.796546101570129395e-01,1.025081753730773926e+00,1.064350128173828125e+00,1.104168653488159180e+00
nan,7.264544069766998291e-02,1.295556873083114624e-01,1.864060610532760620e-01,2.438718378543853760e-01,3.015707433223724365e-01,3.596555888652801514e-01,4.183601737022399902e-01,4.768913686275482178e-01,5.349245071411132812e-01,5.924016237258911133e-01,6.505876779556274414e-01,7.087695598602294922e-01,7.668133974075317383e-01,8.224184513092041016e-01,8.779129385948181152e-01,9.292027950286865234e-01,9.782828688621520996e-01,1.023175358772277832e+00,1.065863132476806641e+00,1.104297399520874023e+00
nan,7.454088330268859863e-02,1.314041018486022949e-01,1.883683204650878906e-01,2.459997981786727905e-01,3.037412762641906738e-01,3.619223833084106445e-01,4.205709397792816162e-01,4.789038896560668945e-01,5.366158485412597656e-01,5.948662161827087402e-01,6.529639363288879395e-01,7.113190293312072754e-01,7.690770626068115234e-01,8.241086602210998535e-01,8.804981112480163574e-01,9.317098259925842285e-01,9.792025089263916016e-01,1.024916529655456543e+00,1.065628767013549805e+00,1.102871179580688477e+00
1.945307664573192596e-02,7.615181803703308105e-02,1.330422461032867432e-01,1.902073621749877930e-01,2.479605823755264282e-01,3.058356940746307373e-01,3.638031780719757080e-01,4.223217070102691650e-01,4.803247153759002686e-01,5.384796857833862305e-01,5.970980525016784668e-01,6.552439332008361816e-01,7.136428356170654297e-01,7.704092860221862793e-01,8.264200091361999512e-01,8.812232613563537598e-01,9.332358241081237793e-01,9.777953624725341797e-01,1.022410631179809570e+00,1.065547108650207520e+00,1.105946063995361328e+00
2.055357955396175385e-02,7.748635858297348022e-02,1.345514804124832153e-01,1.919119209051132202e-01,2.495709657669067383e-01,3.075229823589324951e-01,3.654212355613708496e-01,4.235388338565826416e-01,4.816146790981292725e-01,5.403795838356018066e-01,5.989822149276733398e-01,6.574724912643432617e-01,7.155551910400390625e-01,7.709370255470275879e-01,8.283282518386840820e-01,8.809769153594970703e-01,9.311276674270629883e-01,9.783003330230712891e-01,1.023455739021301270e+00,1.066567182540893555e+00,1.105219364166259766e+00
2.152074314653873444e-02,7.864465564489364624e-02,1.359369456768035889e-01,1.933143585920333862e-01,2.510107457637786865e-01,3.090440928936004639e-01,3.665660023689270020e-01,4.244370758533477783e-01,4.830989539623260498e-01,5.420811772346496582e-01,6.008095145225524902e-01,6.595408320426940918e-01,7.167636156082153320e-01,7.728014588356018066e-01,8.291701078414916992e-01,8.826088309288024902e-01,9.316462874412536621e-01,9.785065054893493652e-01,1.021130800247192383e+00,1.064514517784118652e+00,1.106708526611328125e+00
2.239270322024822235e-02,7.971388846635818481e-02,1.371310949325561523e-01,1.945288032293319702e-01,2.523180842399597168e-01,3.100152909755706787e-01,3.672832846641540527e-01,4.256347119808197021e-01,4.846300184726715088e-01,5.437493324279785156e-01,6.026641130447387695e-01,6.611771583557128906e-01,7.170841097831726074e-01,7.744427323341369629e-01,8.284907937049865723e-01,8.815156221389770508e-01,9.287125468254089355e-01,9.768213629722595215e-01,1.022385597229003906e+00,1.066055417060852051e+00,1.108359575271606445e+00
nan,8.069755882024765015e-02,1.381506472826004028e-01,1.956352591514587402e-01,2.532180547714233398e-01,3.105831742286682129e-01,3.682760000228881836e-01,4.269910454750061035e-01,4.860639274120330811e-01,5.452517271041870117e-01,6.043054461479187012e-01,6.621202230453491211e-01,7.183975577354431152e-01,7.750202417373657227e-01,8.295748829841613770e-01,8.807536959648132324e-01,9.290712475776672363e-01,9.774562716484069824e-01,1.021879792213439941e+00,1.063696146011352539e+00,1.106588006019592285e+00
2.392625994980335236e-02,8.160787075757980347e-02,1.390142589807510376e-01,1.964540779590606689e-01,2.536257207393646240e-01,3.113836348056793213e-01,3.694133460521697998e-01,4.283933639526367188e-01,4.874923229217529297e-01,5.467469096183776855e-01,6.055528521537780762e-01,6.622061133384704590e-01,7.199379801750183105e-01,7.743216156959533691e-01,8.302922844886779785e-01,8.797908425331115723e-01,9.264892935752868652e-01,9.746792912483215332e-01,1.021142601966857910e+00,1.065410137176513672e+00,1.108660101890563965e+00
2.462246455252170563e-02,8.240186423063278198e-02,1.396633535623550415e-01,1.967971920967102051e-01,2.541359663009643555e-01,3.122719228267669678e-01,3.708165585994720459e-01,4.297139048576354980e-01,4.888641536235809326e-01,5.480567812919616699e-01,6.062387228012084961e-01,6.628760099411010742e-01,7.206587791442871094e-01,7.752565145492553711e-01,8.277204036712646484e-01,8.782621026039123535e-01,9.274076223373413086e-01,9.754695296287536621e-01,1.022545933723449707e+00,1.064883351325988770e+00,1.106490135192871094e+00
2.522308565676212311e-02,8.292353153228759766e-02,1.400217115879058838e-01,1.971161216497421265e-01,2.549583911895751953e-01,3.134132027626037598e-01,3.720780909061431885e-01,4.310236871242523193e-01,4.902139306068420410e-01,5.490751862525939941e-01,6.062222719192504883e-01,6.642608642578125000e-01,7.196021676063537598e-01,7.764771580696105957e-01,8.275932669639587402e-01,8.772014975547790527e-01,9.260019659996032715e-01,nan,1.020267009735107422e+00,1.064288496971130371e+00,1.107439160346984863e+00
2.563891746103763580e-02,8.308883011341094971e-02,1.402295827865600586e-01,1.977657377719879150e-01,2.559852600097656250e-01,3.146192431449890137e-01,3.734280765056610107e-01,4.323315322399139404e-01,4.914012253284454346e-01,5.493497848510742188e-01,6.066035628318786621e-01,6.650421023368835449e-01,7.198746204376220703e-01,7.749193310737609863e-01,8.251258134841918945e-01,8.754421472549438477e-01,9.254218339920043945e-01,9.734432697296142578e-01,1.021013498306274414e+00,1.066126346588134766e+00,1.107830047607421875e+00
2.579219825565814972e-02,8.309584856033325195e-02,1.406297683715820312e-01,1.986943334341049194e-01,2.570325136184692383e-01,3.158254921436309814e-01,3.746230006217956543e-01,4.335178434848785400e-01,4.923126995563507080e-01,5.491407513618469238e-01,6.077346801757812500e-01,6.641818881034851074e-01,7.208139896392822266e-01,7.742379903793334961e-01,8.256445527076721191e-01,8.742471337318420410e-01,9.256175756454467773e-01,9.722716808319091797e-01,1.019728064537048340e+00,1.063973546028137207e+00,1.106921195983886719e+00
2.575426548719406128e-02,8.331327885389328003e-02,1.412517130374908447e-01,1.996963471174240112e-01,2.581076920032501221e-01,3.169261515140533447e-01,3.758555352687835693e-01,4.345791041851043701e-01,4.924043416976928711e-01,5.496901869773864746e-01,6.084943413734436035e-01,6.638462543487548828e-01,7.192649841308593750e-01,7.718023061752319336e-01,8.229651451110839844e-01,8.728379011154174805e-01,9.230295419692993164e-01,9.715156555175781250e-01,1.018845200538635254e+00,1.064590215682983398e+00,1.109114170074462891e+00
2.583817206323146820e-02,8.373956382274627686e-02,1.421592086553573608e-01,2.006373554468154907e-01,2.592820823192596436e-01,3.179850876331329346e-01,3.769431412220001221e-01,4.353325366973876953e-01,4.921011030673980713e-01,5.507479310035705566e-01,6.076207756996154785e-01,6.645333766937255859e-01,7.188233137130737305e-01,7.714042663574218750e-01,8.230611681938171387e-01,8.735938668251037598e-01,9.235450029373168945e-01,9.730212688446044922e-01,1.019727468490600586e+00,1.063502311706542969e+00,1.108003973960876465e+00
2.614764869213104248e-02,8.452945202589035034e-02,1.430780291557312012e-01,2.015713453292846680e-01,2.603160440921783447e-01,3.190591633319854736e-01,3.778396248817443848e-01,4.351636767387390137e-01,4.927115142345428467e-01,5.514749884605407715e-01,6.070490479469299316e-01,6.622171998023986816e-01,7.172323465347290039e-01,7.686535716056823730e-01,8.201881647109985352e-01,8.714558482170104980e-01,9.207051992416381836e-01,9.716657996177673340e-01,1.017449021339416504e+00,1.062821626663208008e+00,1.107467174530029297e+00
2.689849585294723511e-02,8.531088382005691528e-02,1.439865827560424805e-01,2.025240510702133179e-01,2.612569332122802734e-01,3.200365900993347168e-01,3.784069418907165527e-01,4.349493384361267090e-01,4.936383068561553955e-01,5.505873560905456543e-01,6.077836155891418457e-01,6.618458032608032227e-01,7.160495519638061523e-01,7.685598731040954590e-01,8.203058838844299316e-01,8.717376589775085449e-01,9.214293956756591797e-01,9.712923765182495117e-01,1.018662333488464355e+00,1.064873576164245605e+00,1.105632424354553223e+00
2.767654322087764740e-02,8.607654273509979248e-02,1.448571085929870605e-01,2.034951746463775635e-01,2.621743977069854736e-01,3.208124339580535889e-01,3.779081404209136963e-01,4.356391727924346924e-01,4.941889047622680664e-01,5.500329732894897461e-01,6.056326627731323242e-01,6.596918702125549316e-01,7.140162587165832520e-01,7.666698098182678223e-01,8.174692392349243164e-01,8.706644177436828613e-01,9.198536872863769531e-01,9.724870324134826660e-01,1.017211079597473145e+00,1.064125537872314453e+00,1.105966567993164062e+00
2.841552346944808960e-02,8.681893348693847656e-02,1.456718742847442627e-01,2.043671905994415283e-01,2.630198001861572266e-01,3.209482729434967041e-01,3.778006434440612793e-01,4.364109337329864502e-01,4.931062161922454834e-01,5.506853461265563965e-01,6.048530340194702148e-01,6.593806147575378418e-01,7.127389311790466309e-01,7.658205628395080566e-01,8.175888061523437500e-01,8.690801858901977539e-01,9.194126129150390625e-01,9.701474905014038086e-01,1.016707539558410645e+00,1.064164757728576660e+00,1.105466246604919434e+00
2.910623699426651001e-02,8.753022551536560059e-02,1.464228779077529907e-01,2.051017433404922485e-01,2.636281549930572510e-01,3.202905058860778809e-01,3.785098493099212646e-01,4.362446963787078857e-01,4.928891062736511230e-01,5.483513474464416504e-01,6.019967198371887207e-01,6.577305793762207031e-01,nan,nan,8.169333934783935547e-01,8.687490820884704590e-01,nan,9.705744981765747070e-01,1.017047286033630371e+00,1.065167665481567383e+00,1.105941891670227051e+00
