# 1st dimension: Re = np.logspace(np.log10(1.4e6), np.log10(1.05e7), 20); 2nd dimension: alpha = np.arange(-5., 5.5, .5)
1.035929173231124878e-01,1.644962131977081299e-01,2.223040610551834106e-01,2.816046774387359619e-01,3.411126732826232910e-01,3.987094163894653320e-01,4.553627967834472656e-01,5.126806497573852539e-01,5.716705918312072754e-01,6.305799484252929688e-01,6.884797215461730957e-01,7.452435493469238281e-01,8.013669252395629883e-01,8.580240011215209961e-01,9.162490367889404297e-01,9.739574790000915527e-01,1.030850529670715332e+00,1.086394786834716797e+00,1.139912247657775879e+00,1.192649245262145996e+00,1.247279882431030273e+00
1.053580865263938904e-01,1.653464734554290771e-01,2.243760526180267334e-01,2.842620313167572021e-01,3.432981967926025391e-01,4.008245468139648438e-01,4.579026401042938232e-01,5.167268514633178711e-01,5.743206739425659180e-01,6.334534883499145508e-01,6.909507513046264648e-01,7.476944327354431152e-01,8.039889335632324219e-01,8.623369336128234863e-01,9.205379486083984375e-01,9.781422615051269531e-01,1.034696578979492188e+00,1.089542984962463379e+00,1.143120884895324707e+00,1.197114586830139160e+00,1.253187537193298340e+00
1.066015362739562988e-01,1.662549823522567749e-01,2.271815687417984009e-01,2.868274748325347900e-01,3.451641201972961426e-01,4.030770361423492432e-01,4.612927138805389404e-01,5.204001069068908691e-01,5.781042575836181641e-01,6.357761025428771973e-01,6.931579709053039551e-01,7.501274943351745605e-01,8.077062368392944336e-01,8.663528561592102051e-01,9.244916439056396484e-01,9.818565845489501953e-01,1.037883639335632324e+00,1.092396855354309082e+00,1.146396517753601074e+00,1.202511429786682129e+00,1.258717894554138184e+00
1.076942235231399536e-01,1.676019728183746338e-01,2.294744551181793213e-01,2.890899479389190674e-01,3.468839824199676514e-01,4.053488671779632568e-01,4.646624624729156494e-01,5.236759185791015625e-01,5.814990997314453125e-01,6.378093957901000977e-01,6.953086256980895996e-01,7.526130676269531250e-01,8.114967346191406250e-01,8.700997233390808105e-01,9.281082153320312500e-01,9.850952029228210449e-01,1.040559291839599609e+00,1.095224499702453613e+00,1.150710225105285645e+00,1.207496881484985352e+00,1.263857841491699219e+00
1.088878661394119263e-01,1.694353818893432617e-01,2.312129586935043335e-01,2.908877432346343994e-01,3.487200736999511719e-01,4.079541265964508057e-01,4.678049981594085693e-01,5.266477465629577637e-01,5.843968391418457031e-01,6.404620409011840820e-01,6.975702047348022461e-01,7.559829950332641602e-01,8.150161504745483398e-01,8.735683560371398926e-01,9.313706159591674805e-01,9.878366589546203613e-01,1.043185353279113770e+00,1.098210692405700684e+00,1.155253171920776367e+00,1.212114095687866211e+00,1.268442749977111816e+00
1.103625595569610596e-01,1.713054925203323364e-01,2.326014339923858643e-01,2.918867766857147217e-01,3.500647842884063721e-01,4.107308685779571533e-01,4.706782102584838867e-01,5.292906761169433594e-01,5.868543982505798340e-01,6.432703733444213867e-01,7.007099390029907227e-01,7.594078183174133301e-01,8.182133436203002930e-01,8.767130374908447266e-01,9.341738224029541016e-01,9.902281165122985840e-01,1.045850038528442383e+00,1.102302193641662598e+00,1.159545183181762695e+00,1.216421246528625488e+00,1.271791219711303711e+00
1.123485490679740906e-01,nan,nan,2.927608489990234375e-01,3.515349328517913818e-01,4.133814573287963867e-01,4.731701910495758057e-01,5.315597653388977051e-01,5.892027616500854492e-01,6.461922526359558105e-01,7.044002413749694824e-01,7.631939649581909180e-01,8.217665553092956543e-01,8.797081112861633301e-01,9.364497065544128418e-01,9.926180839538574219e-01,1.048619866371154785e+00,1.106266140937805176e+00,1.163584828376770020e+00,1.220372557640075684e+00,1.273061752319335938e+00
1.143990084528923035e-01,1.747515946626663208e-01,2.343484610319137573e-01,2.938143312931060791e-01,3.532706797122955322e-01,4.153556525707244873e-01,4.751376807689666748e-01,5.335540771484375000e-01,5.915766954421997070e-01,6.493248939514160156e-01,7.079093456268310547e-01,7.667475342750549316e-01,8.252316713333129883e-01,8.828141093254089355e-01,9.391383528709411621e-01,9.954531788825988770e-01,1.052403569221496582e+00,1.109983086585998535e+00,1.167361497879028320e+00,1.223430991172790527e+00,1.274716734886169434e+00
1.162652000784873962e-01,1.761750429868698120e-01,2.353620529174804688e-01,2.952529191970825195e-01,3.549784421920776367e-01,4.164938926696777344e-01,4.769077301025390625e-01,5.355693697929382324e-01,5.940065383911132812e-01,6.526819467544555664e-01,7.112375497817993164e-01,7.700574398040771484e-01,8.283609747886657715e-01,8.854312896728515625e-01,9.419776201248168945e-01,9.986513853073120117e-01,1.056495666503906250e+00,1.114106297492980957e+00,1.171263337135314941e+00,1.224730134010314941e+00,1.277861475944519043e+00
1.180534586310386658e-01,1.769284456968307495e-01,nan,2.968214452266693115e-01,3.565131127834320068e-01,nan,4.785435199737548828e-01,5.375185608863830566e-01,5.965906381607055664e-01,6.558123826980590820e-01,7.143801450729370117e-01,7.731111049652099609e-01,8.310499191284179688e-01,8.878238797187805176e-01,9.448738098144531250e-01,1.002369642257690430e+00,1.060353755950927734e+00,1.118001699447631836e+00,1.174744009971618652e+00,1.226490139961242676e+00,nan
1.194555982947349548e-01,1.781996786594390869e-01,2.384590506553649902e-01,2.983601689338684082e-01,3.579568862915039062e-01,4.181916117668151855e-01,4.801719784736633301e-01,5.394442677497863770e-01,5.993320345878601074e-01,6.587156057357788086e-01,nan,7.758653163909912109e-01,8.332697749137878418e-01,8.903617858886718750e-01,9.477920532226562500e-01,1.005965590476989746e+00,1.063997268676757812e+00,1.121628284454345703e+00,1.176545858383178711e+00,1.229648351669311523e+00,1.285935163497924805e+00
1.201376095414161682e-01,1.795760840177536011e-01,nan,2.991277873516082764e-01,nan,4.188892841339111328e-01,nan,5.416474938392639160e-01,6.018999218940734863e-01,6.614198088645935059e-01,nan,7.781590819358825684e-01,8.353425264358520508e-01,8.929911851882934570e-01,9.509842395782470703e-01,1.009356975555419922e+00,1.067420482635498047e+00,1.124940991401672363e+00,1.177609562873840332e+00,nan,1.289525508880615234e+00
1.213776245713233948e-01,1.813866347074508667e-01,2.420147508382797241e-01,3.010376393795013428e-01,3.601344525814056396e-01,4.200496077537536621e-01,4.812607467174530029e-01,5.440356731414794922e-01,6.041303277015686035e-01,6.639304161071777344e-01,nan,7.800139188766479492e-01,8.375986218452453613e-01,8.956360220909118652e-01,9.541473388671875000e-01,1.012560486793518066e+00,1.070599436759948730e+00,1.127693414688110352e+00,1.179957985877990723e+00,1.236631035804748535e+00,1.292371511459350586e+00
1.228450164198875427e-01,1.833383291959762573e-01,2.437865138053894043e-01,3.021088540554046631e-01,3.612316250801086426e-01,nan,4.822929501533508301e-01,5.462899208068847656e-01,6.062636971473693848e-01,6.662375330924987793e-01,7.242915630340576172e-01,7.818190455436706543e-01,8.399572372436523438e-01,8.984127640724182129e-01,9.571364521980285645e-01,1.015568852424621582e+00,1.073503375053405762e+00,1.128907799720764160e+00,1.183104157447814941e+00,1.239635348320007324e+00,1.293348193168640137e+00
1.245262399315834045e-01,nan,2.452091574668884277e-01,3.033106923103332520e-01,3.627652823925018311e-01,4.227314293384552002e-01,4.839457273483276367e-01,5.476030707359313965e-01,6.084363460540771484e-01,6.682043075561523438e-01,7.258279323577880859e-01,7.838414907455444336e-01,8.423554897308349609e-01,9.012142419815063477e-01,9.599575400352478027e-01,1.018379807472229004e+00,1.075928211212158203e+00,1.129920005798339844e+00,1.186016678810119629e+00,1.241459488868713379e+00,1.294352889060974121e+00
1.262929439544677734e-01,1.865313202142715454e-01,2.464046776294708252e-01,3.044986426830291748e-01,nan,4.243729412555694580e-01,4.855531752109527588e-01,5.480083823204040527e-01,nan,6.694985032081604004e-01,nan,7.859653234481811523e-01,8.448207378387451172e-01,9.038689136505126953e-01,9.626278877258300781e-01,1.020928025245666504e+00,1.077684998512268066e+00,1.131968975067138672e+00,1.188389182090759277e+00,1.242071986198425293e+00,1.296584606170654297e+00
1.279707998037338257e-01,1.880024820566177368e-01,2.474057674407958984e-01,3.059283196926116943e-01,3.657912313938140869e-01,4.263794720172882080e-01,4.870304465293884277e-01,nan,6.121696233749389648e-01,6.703703999519348145e-01,7.292121648788452148e-01,7.881355881690979004e-01,nan,9.063697457313537598e-01,9.651250243186950684e-01,1.022924065589904785e+00,1.079152822494506836e+00,nan,1.188986420631408691e+00,1.243501305580139160e+00,nan
1.295410692691802979e-01,1.890125870704650879e-01,nan,3.074950575828552246e-01,3.676126599311828613e-01,4.283682703971862793e-01,4.887504875659942627e-01,5.497834086418151855e-01,nan,6.715898513793945312e-01,7.311238050460815430e-01,7.903643846511840820e-01,8.496901392936706543e-01,9.087418317794799805e-01,9.673421382904052734e-01,1.024309515953063965e+00,1.080837011337280273e+00,1.136628985404968262e+00,1.189800143241882324e+00,1.245786547660827637e+00,1.302137970924377441e+00
1.307933926582336426e-01,1.898395866155624390e-01,2.494436204433441162e-01,3.091262876987457275e-01,3.694942891597747803e-01,4.299238920211791992e-01,4.905139803886413574e-01,5.512253046035766602e-01,6.120275855064392090e-01,nan,7.330884933471679688e-01,nan,8.519377112388610840e-01,9.109651446342468262e-01,9.688937067985534668e-01,1.025627613067626953e+00,1.082816720008850098e+00,1.136502385139465332e+00,1.191574454307556152e+00,nan,1.300302982330322266e+00
1.315996497869491577e-01,1.908689737319946289e-01,2.508881390094757080e-01,3.108395338058471680e-01,3.713091313838958740e-01,4.317324161529541016e-01,4.923085868358612061e-01,5.513443350791931152e-01,6.119589805603027344e-01,6.748666167259216309e-01,7.351267933845520020e-01,7.947420477867126465e-01,8.540598154067993164e-01,9.128444194793701172e-01,9.699977040290832520e-01,1.027230024337768555e+00,1.084928631782531738e+00,1.137160539627075195e+00,1.193903565406799316e+00,1.250302314758300781e+00,1.300384879112243652e+00
