# 1st dimension: Re = np.logspace(np.log10(1.4e6), np.log10(1.05e7), 20); 2nd dimension: alpha = np.arange(-5., 5.5, .5)
-4.539367556571960449e-01,-3.996766805648803711e-01,-3.451483845710754395e-01,-2.904598712921142578e-01,-2.354369759559631348e-01,-1.805556565523147583e-01,-1.263718754053115845e-01,-7.339702546596527100e-02,-2.626489847898483276e-02,2.483878284692764282e-02,7.907864451408386230e-02,1.344409883022308350e-01,1.904775351285934448e-01,2.446570098400115967e-01,2.991171181201934814e-01,3.542050719261169434e-01,4.101756811141967773e-01,4.649504125118255615e-01,5.195771455764770508e-01,5.736221671104431152e-01,6.297063827514648438e-01
-4.552025794982910156e-01,-4.007374644279479980e-01,-3.459113538265228271e-01,-2.911347150802612305e-01,-2.361216694116592407e-01,-1.811453402042388916e-01,-1.263019144535064697e-01,nan,-2.405870519578456879e-02,2.606365643441677094e-02,8.003246784210205078e-02,1.351650059223175049e-01,1.911851465702056885e-01,2.462808191776275635e-01,3.006867170333862305e-01,3.560262322425842285e-01,4.123151898384094238e-01,4.672899544239044189e-01,5.225768685340881348e-01,5.767356753349304199e-01,6.315491199493408203e-01
-4.563455879688262939e-01,-4.017370939254760742e-01,-3.467461168766021729e-01,-2.918383181095123291e-01,-2.366989403963088989e-01,-1.816520541906356812e-01,-1.264797747135162354e-01,-7.253096252679824829e-02,-2.196362242102622986e-02,2.757542580366134644e-02,8.075800538063049316e-02,1.363481432199478149e-01,1.920279115438461304e-01,2.474641203880310059e-01,3.023032546043395996e-01,3.578565418720245361e-01,4.137192666530609131e-01,4.695679545402526855e-01,5.249577760696411133e-01,5.795096158981323242e-01,6.335525512695312500e-01
-4.572431147098541260e-01,-4.025046527385711670e-01,-3.474993109703063965e-01,-2.925324738025665283e-01,-2.373082190752029419e-01,-1.818662434816360474e-01,-1.267636716365814209e-01,-7.220215350389480591e-02,-2.030318602919578552e-02,2.893778122961521149e-02,8.145323395729064941e-02,1.369454860687255859e-01,1.927398592233657837e-01,2.488878220319747925e-01,3.033903837203979492e-01,3.590793311595916748e-01,4.150397777557373047e-01,nan,5.267043709754943848e-01,5.821011066436767578e-01,6.362493634223937988e-01
-4.582940638065338135e-01,-4.034433066844940186e-01,-3.483125567436218262e-01,-2.930683195590972900e-01,-2.379143089056015015e-01,-1.823226213455200195e-01,-1.270524710416793823e-01,-7.215597480535507202e-02,-1.894606463611125946e-02,3.049777448177337646e-02,8.266183733940124512e-02,1.378483474254608154e-01,1.937165409326553345e-01,2.496491223573684692e-01,3.050729930400848389e-01,3.601403534412384033e-01,4.166813194751739502e-01,4.728882908821105957e-01,5.285152196884155273e-01,5.843054652214050293e-01,6.387560367584228516e-01
-4.592203795909881592e-01,-4.044455885887145996e-01,-3.492485582828521729e-01,-2.937404811382293701e-01,-2.383240014314651489e-01,-1.828110814094543457e-01,-1.271139979362487793e-01,-7.230595499277114868e-02,-1.798247732222080231e-02,3.203465417027473450e-02,8.386123925447463989e-02,1.384988427162170410e-01,1.946215778589248657e-01,nan,3.061177730560302734e-01,3.613289892673492432e-01,4.177599847316741943e-01,4.740690886974334717e-01,nan,5.857360959053039551e-01,6.410559415817260742e-01
-4.602255523204803467e-01,-4.052387177944183350e-01,-3.500265777111053467e-01,-2.944394350051879883e-01,-2.387938201427459717e-01,-1.831610351800918579e-01,-1.274630278348922729e-01,-7.218408584594726562e-02,-1.746240258216857910e-02,3.383063897490501404e-02,8.501346409320831299e-02,1.393819898366928101e-01,1.953831017017364502e-01,2.513714730739593506e-01,3.073751330375671387e-01,3.621062338352203369e-01,4.187478721141815186e-01,nan,5.316371321678161621e-01,5.871136188507080078e-01,6.431716084480285645e-01
-4.612870514392852783e-01,-4.060904085636138916e-01,-3.506467044353485107e-01,-2.950222790241241455e-01,-2.393929064273834229e-01,-1.834702789783477783e-01,-1.279051899909973145e-01,-7.224102318286895752e-02,-1.735045202076435089e-02,3.546172380447387695e-02,8.631908893585205078e-02,1.404716074466705322e-01,1.959555149078369141e-01,2.525087893009185791e-01,3.079454302787780762e-01,3.634048700332641602e-01,4.197586476802825928e-01,4.762396216392517090e-01,5.327551364898681641e-01,nan,6.445213556289672852e-01
-4.620829820632934570e-01,-4.069411456584930420e-01,-3.512880504131317139e-01,-2.954235076904296875e-01,-2.399760782718658447e-01,-1.838812679052352905e-01,-1.281337738037109375e-01,-7.218682020902633667e-02,-1.709033176302909851e-02,3.650077432394027710e-02,8.795744925737380981e-02,1.414841711521148682e-01,1.966971606016159058e-01,2.529344558715820312e-01,3.089332282543182373e-01,3.645184338092803955e-01,4.204165935516357422e-01,4.772428870201110840e-01,nan,5.899993777275085449e-01,6.456379890441894531e-01
-4.628592729568481445e-01,-4.074981212615966797e-01,-3.519470095634460449e-01,-2.959690988063812256e-01,-2.402738779783248901e-01,-1.842747926712036133e-01,-1.282831132411956787e-01,-7.251853495836257935e-02,-1.676104404032230377e-02,3.746509552001953125e-02,8.986809849739074707e-02,1.423698365688323975e-01,1.973143219947814941e-01,2.536962628364562988e-01,3.096194565296173096e-01,3.655968904495239258e-01,4.210143387317657471e-01,4.782930910587310791e-01,5.344757437705993652e-01,5.911184549331665039e-01,nan
-4.636657238006591797e-01,-4.081345498561859131e-01,-3.524998128414154053e-01,-2.966918647289276123e-01,-2.406240105628967285e-01,-1.846519261598587036e-01,-1.286238282918930054e-01,-7.261367142200469971e-02,-1.679673790931701660e-02,3.805907070636749268e-02,9.149773418903350830e-02,1.432894617319107056e-01,1.982486993074417114e-01,2.540395259857177734e-01,3.107513189315795898e-01,3.662664890289306641e-01,4.221054613590240479e-01,4.789136052131652832e-01,5.354037880897521973e-01,nan,6.480848789215087891e-01
-4.643072485923767090e-01,-4.089421927928924561e-01,-3.531489670276641846e-01,-2.973497509956359863e-01,-2.412133365869522095e-01,-1.850039958953857422e-01,-1.289776861667633057e-01,-7.268375903367996216e-02,-1.674516685307025909e-02,3.865040093660354614e-02,9.241550415754318237e-02,nan,1.991370767354965210e-01,2.548656165599822998e-01,3.114253282546997070e-01,3.673194646835327148e-01,4.230398833751678467e-01,4.792435169219970703e-01,5.364544987678527832e-01,5.926858186721801758e-01,6.492238640785217285e-01
-4.649873077869415283e-01,-4.096238613128662109e-01,-3.538940846920013428e-01,-2.978176474571228027e-01,-2.417761236429214478e-01,-1.853774785995483398e-01,-1.292541772127151489e-01,-7.290450483560562134e-02,-1.701309718191623688e-02,3.913370147347450256e-02,9.331806749105453491e-02,1.459933072328567505e-01,1.999379545450210571e-01,2.557815313339233398e-01,3.120044171810150146e-01,3.681410253047943115e-01,4.238290190696716309e-01,4.799757897853851318e-01,5.371275544166564941e-01,5.933895707130432129e-01,6.503641009330749512e-01
-4.658761620521545410e-01,-4.102817773818969727e-01,-3.545753061771392822e-01,-2.982989251613616943e-01,-2.420792132616043091e-01,-1.857873946428298950e-01,-1.295248419046401978e-01,-7.308232784271240234e-02,-1.695271395146846771e-02,3.923930227756500244e-02,9.402141720056533813e-02,1.471770405769348145e-01,2.009698748588562012e-01,2.566116452217102051e-01,3.127221465110778809e-01,3.690106570720672607e-01,4.245362877845764160e-01,4.810085594654083252e-01,5.373793244361877441e-01,5.944679379463195801e-01,6.507642269134521484e-01
-4.666626751422882080e-01,-4.110054969787597656e-01,-3.550212085247039795e-01,-2.988390922546386719e-01,-2.423745542764663696e-01,-1.862076669931411743e-01,-1.297513097524642944e-01,-7.336131483316421509e-02,-1.697211898863315582e-02,3.912408277392387390e-02,9.465320408344268799e-02,1.484741866588592529e-01,2.025385349988937378e-01,nan,3.132690191268920898e-01,3.698669672012329102e-01,4.255007207393646240e-01,4.814670383930206299e-01,5.379605889320373535e-01,5.952835083007812500e-01,6.512783169746398926e-01
-4.673343896865844727e-01,-4.116472601890563965e-01,-3.554260432720184326e-01,-2.993122637271881104e-01,-2.428313940763473511e-01,-1.865382790565490723e-01,-1.299363672733306885e-01,-7.367192953824996948e-02,-1.708373054862022400e-02,3.921071067452430725e-02,9.509392082691192627e-02,1.493577957153320312e-01,nan,2.580940723419189453e-01,3.140616714954376221e-01,3.703011870384216309e-01,4.264283478260040283e-01,4.820781946182250977e-01,nan,5.956601500511169434e-01,6.522161364555358887e-01
-4.680669009685516357e-01,-4.120658338069915771e-01,-3.559929430484771729e-01,-2.997379899024963379e-01,-2.434346675872802734e-01,-1.868489086627960205e-01,-1.303278058767318726e-01,-7.379157841205596924e-02,-1.723594591021537781e-02,3.925843536853790283e-02,9.526798129081726074e-02,1.504597514867782593e-01,2.052560001611709595e-01,2.590376138687133789e-01,3.149902522563934326e-01,3.708959817886352539e-01,4.273517131805419922e-01,4.825297892093658447e-01,5.394118428230285645e-01,5.959637761116027832e-01,6.530194878578186035e-01
-4.687556326389312744e-01,-4.125142395496368408e-01,-3.566110432147979736e-01,-3.002815246582031250e-01,-2.439486086368560791e-01,-1.873025447130203247e-01,-1.307201981544494629e-01,-7.386830449104309082e-02,-1.755302399396896362e-02,3.934602066874504089e-02,9.535804390907287598e-02,1.512092351913452148e-01,2.059812098741531372e-01,2.602768242359161377e-01,3.158074319362640381e-01,3.717137873172760010e-01,4.282299578189849854e-01,4.834517240524291992e-01,5.400432944297790527e-01,5.966516733169555664e-01,6.534675955772399902e-01
-4.692704379558563232e-01,-4.131621718406677246e-01,-3.571139872074127197e-01,-3.009060919284820557e-01,-2.442943453788757324e-01,-1.878601610660552979e-01,-1.309670209884643555e-01,-7.418248057365417480e-02,-1.754212751984596252e-02,nan,9.563136100769042969e-02,1.517917662858963013e-01,2.065943777561187744e-01,2.614124119281768799e-01,3.165753483772277832e-01,3.727354407310485840e-01,4.288609921932220459e-01,4.844272732734680176e-01,5.406789779663085938e-01,5.971543192863464355e-01,6.537142395973205566e-01
-4.697827100753784180e-01,-4.138646721839904785e-01,-3.576595187187194824e-01,-3.014153838157653809e-01,-2.445981502532958984e-01,-1.882150620222091675e-01,-1.311395913362503052e-01,-7.464025914669036865e-02,-1.751074381172657013e-02,3.902377560734748840e-02,9.586939215660095215e-02,1.520872563123703003e-01,2.073643952608108521e-01,2.625667452812194824e-01,3.174972534179687500e-01,3.737900555133819580e-01,4.293782711029052734e-01,4.855227768421173096e-01,5.407764911651611328e-01,5.978279113769531250e-01,6.542507410049438477e-01
