# 1st dimension: Re = np.logspace(np.log10(1.4e6), np.log10(1.05e7), 20); 2nd dimension: alpha = np.arange(-5., 5.5, .5)
-3.911642730236053467e-02,2.408890612423419952e-02,8.651194721460342407e-02,1.464908570051193237e-01,2.068302929401397705e-01,2.667258381843566895e-01,3.266741037368774414e-01,3.861576020717620850e-01,4.446332752704620361e-01,5.045004487037658691e-01,5.641547441482543945e-01,6.227197647094726562e-01,6.804809570312500000e-01,7.397131919860839844e-01,7.958585023880004883e-01,8.542172312736511230e-01,9.108256697654724121e-01,9.680954813957214355e-01,1.024751067161560059e+00,1.075573921203613281e+00,1.120292186737060547e+00
-3.783608973026275635e-02,2.461585402488708496e-02,8.719770610332489014e-02,1.483096480369567871e-01,2.088924050331115723e-01,2.690154910087585449e-01,3.287786245346069336e-01,3.875040709972381592e-01,4.470617771148681641e-01,5.072226524353027344e-01,5.666108131408691406e-01,6.244747638702392578e-01,6.835697293281555176e-01,7.420139312744140625e-01,7.988475561141967773e-01,8.568568825721740723e-01,9.127662777900695801e-01,9.707052111625671387e-01,1.025979042053222656e+00,1.076380729675292969e+00,1.118999004364013672e+00
-3.669463843107223511e-02,2.490057982504367828e-02,8.795576542615890503e-02,1.499908268451690674e-01,2.108229398727416992e-01,2.712333202362060547e-01,3.305579721927642822e-01,3.891187608242034912e-01,4.494490623474121094e-01,5.095764994621276855e-01,5.686063170433044434e-01,6.267305612564086914e-01,6.862986087799072266e-01,7.434919476509094238e-01,8.017526268959045410e-01,8.587867021560668945e-01,9.160695075988769531e-01,9.731556177139282227e-01,1.028339385986328125e+00,1.075058102607727051e+00,1.116705894470214844e+00
-3.571749106049537659e-02,2.521814405918121338e-02,8.910023421049118042e-02,1.520113199949264526e-01,2.129781842231750488e-01,2.731981575489044189e-01,3.320235311985015869e-01,3.916679322719573975e-01,4.518906772136688232e-01,5.115188956260681152e-01,5.701377391815185547e-01,6.295676231384277344e-01,6.885377764701843262e-01,7.457219958305358887e-01,8.041276335716247559e-01,8.605967164039611816e-01,9.191403985023498535e-01,9.748538136482238770e-01,1.029051184654235840e+00,1.073704123497009277e+00,1.113916039466857910e+00
-3.480428084731101990e-02,2.633222937583923340e-02,9.023919701576232910e-02,1.535506993532180786e-01,2.149679362773895264e-01,2.747259140014648438e-01,3.337075114250183105e-01,3.941732645034790039e-01,4.541772902011871338e-01,5.132138729095458984e-01,5.718221664428710938e-01,nan,6.900228857994079590e-01,7.483248114585876465e-01,8.058630824089050293e-01,8.635420203208923340e-01,9.215273261070251465e-01,9.772677421569824219e-01,1.029941201210021973e+00,1.071995139122009277e+00,1.111312985420227051e+00
-3.361510112881660461e-02,2.775862999260425568e-02,9.140223264694213867e-02,1.548957824707031250e-01,2.166162133216857910e-01,2.758847177028656006e-01,3.361763060092926025e-01,3.965211510658264160e-01,4.561799466609954834e-01,5.148559808731079102e-01,5.742912888526916504e-01,6.337087750434875488e-01,6.914865970611572266e-01,7.502889633178710938e-01,8.074816465377807617e-01,8.663072586059570312e-01,9.230235219001770020e-01,9.801794886589050293e-01,1.028735876083374023e+00,1.070262193679809570e+00,1.108325004577636719e+00
-3.169715031981468201e-02,2.932664938271045685e-02,9.232214838266372681e-02,1.557077765464782715e-01,2.177021205425262451e-01,2.774997949600219727e-01,3.385113179683685303e-01,3.986420631408691406e-01,4.578677415847778320e-01,5.167319774627685547e-01,5.767136812210083008e-01,6.349602937698364258e-01,6.936805248260498047e-01,7.516317963600158691e-01,8.099945783615112305e-01,8.685445189476013184e-01,9.247309565544128418e-01,9.813129305839538574e-01,1.026903271675109863e+00,nan,1.105857729911804199e+00
-2.972211688756942749e-02,3.097317367792129517e-02,9.333794564008712769e-02,1.562173813581466675e-01,2.189978808164596558e-01,2.798633873462677002e-01,3.405869007110595703e-01,4.004669189453125000e-01,4.594427049160003662e-01,5.192397832870483398e-01,5.786879062652587891e-01,6.364279985427856445e-01,6.951842308044433594e-01,7.529450058937072754e-01,8.122525215148925781e-01,8.699747323989868164e-01,9.267607927322387695e-01,9.820182323455810547e-01,1.024804234504699707e+00,nan,1.103180885314941406e+00
-2.778248302638530731e-02,3.251961246132850647e-02,9.428373724222183228e-02,1.567095220088958740e-01,2.202612608671188354e-01,2.820553779602050781e-01,3.423380255699157715e-01,4.019485414028167725e-01,4.612831473350524902e-01,5.214910507202148438e-01,5.800762176513671875e-01,6.387421488761901855e-01,6.964170336723327637e-01,7.550039291381835938e-01,8.139624595642089844e-01,8.711815476417541504e-01,9.263561964035034180e-01,9.807096123695373535e-01,1.023411631584167480e+00,1.063174605369567871e+00,1.102855086326599121e+00
-2.593478001654148102e-02,3.388170525431632996e-02,9.500278532505035400e-02,nan,2.218662947416305542e-01,2.838955223560333252e-01,3.437565863132476807e-01,4.033280014991760254e-01,4.635458886623382568e-01,5.233457684516906738e-01,5.814247131347656250e-01,6.405506730079650879e-01,6.979411244392395020e-01,7.571954131126403809e-01,8.150179982185363770e-01,8.732321858406066895e-01,9.265642166137695312e-01,9.787341356277465820e-01,nan,1.060981869697570801e+00,1.101471304893493652e+00
-2.426288463175296783e-02,3.514949604868888855e-02,9.569923579692840576e-02,1.580707132816314697e-01,2.228375375270843506e-01,2.852009534835815430e-01,3.449802696704864502e-01,4.049338996410369873e-01,4.655431210994720459e-01,5.245519876480102539e-01,5.834909677505493164e-01,6.415157914161682129e-01,7.002087235450744629e-01,7.589083313941955566e-01,8.163182735443115234e-01,8.749033212661743164e-01,9.248740077018737793e-01,9.760265350341796875e-01,nan,1.058711767196655273e+00,1.100374579429626465e+00
-2.278541587293148041e-02,3.636118024587631226e-02,9.647996723651885986e-02,1.592485755681991577e-01,2.233563065528869629e-01,2.864962518215179443e-01,3.464924097061157227e-01,4.068283438682556152e-01,4.671287834644317627e-01,5.256422162055969238e-01,5.852190256118774414e-01,6.427489519119262695e-01,7.022470831871032715e-01,7.599918842315673828e-01,8.184592723846435547e-01,8.756187558174133301e-01,9.219838380813598633e-01,9.736261367797851562e-01,1.016905903816223145e+00,1.058044552803039551e+00,1.099263906478881836e+00
-2.155171893537044525e-02,3.758890554308891296e-02,9.794118255376815796e-02,1.604766845703125000e-01,nan,2.873661518096923828e-01,3.483099639415740967e-01,4.086365401744842529e-01,4.680336415767669678e-01,5.273513197898864746e-01,5.860232114791870117e-01,6.447755098342895508e-01,7.036872506141662598e-01,7.613945007324218750e-01,8.204025030136108398e-01,8.764796257019042969e-01,9.186428189277648926e-01,9.713086485862731934e-01,nan,1.056100964546203613e+00,1.096719741821289062e+00
-2.033047191798686981e-02,3.895981237292289734e-02,9.956376254558563232e-02,1.616375893354415894e-01,2.236842215061187744e-01,nan,3.502362966537475586e-01,4.102908074855804443e-01,4.688197672367095947e-01,5.288153886795043945e-01,5.868230462074279785e-01,6.465064287185668945e-01,7.044971585273742676e-01,7.634223699569702148e-01,8.214103579521179199e-01,8.760180473327636719e-01,9.168025255203247070e-01,9.690757393836975098e-01,1.012822031974792480e+00,1.054959297180175781e+00,1.095324158668518066e+00
-1.902745664119720459e-02,4.082632437348365784e-02,nan,1.624852120876312256e-01,2.239761948585510254e-01,2.888800799846649170e-01,3.519618809223175049e-01,4.112970829010009766e-01,4.704283773899078369e-01,5.294504165649414062e-01,5.884436368942260742e-01,6.475409269332885742e-01,7.058138847351074219e-01,7.651755809783935547e-01,8.221089243888854980e-01,8.747456669807434082e-01,9.149852395057678223e-01,9.655827879905700684e-01,1.012402653694152832e+00,1.054586887359619141e+00,1.094745755195617676e+00
-1.748256571590900421e-02,nan,1.026375815272331238e-01,nan,2.245902121067047119e-01,2.892210483551025391e-01,3.532385826110839844e-01,4.121561944484710693e-01,4.719122052192687988e-01,5.299704670906066895e-01,5.897175669670104980e-01,6.481164693832397461e-01,7.075874805450439453e-01,7.660825848579406738e-01,8.238281011581420898e-01,8.719657659530639648e-01,9.131235480308532715e-01,9.585775732994079590e-01,1.011509060859680176e+00,1.053401708602905273e+00,1.097122430801391602e+00
-1.575290039181709290e-02,4.420633614063262939e-02,1.036476790904998779e-01,1.637922972440719604e-01,2.256593853235244751e-01,2.898482382297515869e-01,3.536817729473114014e-01,4.136388897895812988e-01,4.726260006427764893e-01,5.315347313880920410e-01,5.901958346366882324e-01,6.493109464645385742e-01,7.089172601699829102e-01,7.666583657264709473e-01,8.254978656768798828e-01,8.690155148506164551e-01,9.114810824394226074e-01,9.577373266220092773e-01,1.010095953941345215e+00,nan,1.100018024444580078e+00
-1.410272344946861267e-02,4.564105346798896790e-02,1.043891385197639465e-01,1.649123579263687134e-01,2.268507033586502075e-01,2.900600135326385498e-01,nan,4.148639738559722900e-01,4.732696115970611572e-01,5.327350497245788574e-01,5.908838510513305664e-01,6.507521271705627441e-01,7.094141840934753418e-01,7.680472731590270996e-01,8.257208466529846191e-01,8.656161427497863770e-01,nan,9.569969773292541504e-01,1.009687900543212891e+00,1.051146864891052246e+00,1.103266477584838867e+00
-1.257128641009330750e-02,4.648300260305404663e-02,nan,1.661964505910873413e-01,2.279051691293716431e-01,2.896417975425720215e-01,3.550364077091217041e-01,4.150758385658264160e-01,4.746602773666381836e-01,5.329455733299255371e-01,5.923570990562438965e-01,6.515432596206665039e-01,7.099669575691223145e-01,7.693935632705688477e-01,8.260745406150817871e-01,8.633447289466857910e-01,9.090459346771240234e-01,9.558491706848144531e-01,nan,1.053514599800109863e+00,1.106544613838195801e+00
-1.131391339004039764e-02,4.711079597473144531e-02,1.068666353821754456e-01,1.676058322191238403e-01,2.286084592342376709e-01,2.896523177623748779e-01,3.551597595214843750e-01,4.155125617980957031e-01,4.755766987800598145e-01,5.338402986526489258e-01,5.937234163284301758e-01,6.519023180007934570e-01,7.112619280815124512e-01,7.692204713821411133e-01,8.258387446403503418e-01,8.612918257713317871e-01,9.082536101341247559e-01,nan,1.008385062217712402e+00,1.056092023849487305e+00,1.108404636383056641e+00
