# 1st dimension: Re = np.logspace(np.log10(1.4e6), np.log10(1.05e7), 20); 2nd dimension: alpha = np.arange(-5., 5.5, .5)
-2.912709712982177734e-01,-2.258967608213424683e-01,-1.607744544744491577e-01,nan,nan,nan,nan,nan,nan,3.000813126564025879e-01,3.660027086734771729e-01,nan,4.975516796112060547e-01,5.617803335189819336e-01,6.268941164016723633e-01,6.904240250587463379e-01,7.534503340721130371e-01,8.144014477729797363e-01,8.750085234642028809e-01,9.366445541381835938e-01,9.945627450942993164e-01
-2.911346256732940674e-01,-2.256775200366973877e-01,-1.602568924427032471e-01,nan,nan,nan,nan,nan,nan,nan,3.666514456272125244e-01,nan,4.974825084209442139e-01,5.622263550758361816e-01,6.260237097740173340e-01,6.898268461227416992e-01,7.513111233711242676e-01,8.127597570419311523e-01,8.753360509872436523e-01,9.345687031745910645e-01,9.959822893142700195e-01
nan,nan,nan,nan,-2.982602082192897797e-02,3.620564565062522888e-02,1.023419797420501709e-01,1.685287803411483765e-01,2.347312420606613159e-01,3.009143173694610596e-01,3.672341704368591309e-01,nan,nan,nan,nan,nan,nan,nan,nan,nan,nan
nan,nan,nan,nan,nan,nan,nan,nan,nan,nan,3.672020435333251953e-01,nan,nan,nan,nan,nan,nan,nan,nan,nan,nan
nan,nan,nan,nan,nan,nan,nan,nan,nan,nan,3.672452270984649658e-01,nan,nan,nan,nan,nan,nan,nan,nan,nan,nan
nan,nan,-1.592890471220016479e-01,-9.325832128524780273e-02,nan,3.692811727523803711e-02,1.033429726958274841e-01,1.696218848228454590e-01,2.354413717985153198e-01,3.014616370201110840e-01,3.676789999008178711e-01,nan,nan,nan,nan,nan,nan,nan,nan,nan,nan
nan,nan,nan,-9.300353378057479858e-02,-2.697082422673702240e-02,3.701329231262207031e-02,1.035386249423027039e-01,1.693926006555557251e-01,2.356102466583251953e-01,3.018909990787506104e-01,nan,nan,4.950504004955291748e-01,5.598369240760803223e-01,6.238911747932434082e-01,6.875854730606079102e-01,7.514781355857849121e-01,8.138661980628967285e-01,8.766424059867858887e-01,9.389913678169250488e-01,9.993867278099060059e-01
nan,nan,nan,nan,-2.665724046528339386e-02,3.675998747348785400e-02,1.032533124089241028e-01,1.695346385240554810e-01,2.359603345394134521e-01,3.017141520977020264e-01,3.672676980495452881e-01,4.314606189727783203e-01,4.955312907695770264e-01,5.605331063270568848e-01,6.241192817687988281e-01,6.884121298789978027e-01,7.516101598739624023e-01,8.147201538085937500e-01,8.778451681137084961e-01,9.394139051437377930e-01,1.000852465629577637e+00
nan,nan,nan,nan,nan,nan,1.030207127332687378e-01,1.697559207677841187e-01,2.357281595468521118e-01,3.015888333320617676e-01,nan,nan,nan,nan,nan,nan,nan,nan,nan,nan,nan
nan,nan,nan,nan,nan,nan,nan,nan,nan,nan,3.663302063941955566e-01,nan,nan,nan,nan,nan,nan,nan,nan,nan,nan
-2.909628152847290039e-01,nan,-1.580653339624404907e-01,nan,nan,nan,nan,nan,nan,nan,3.658315539360046387e-01,4.316229820251464844e-01,4.966261982917785645e-01,nan,nan,6.899190545082092285e-01,7.540628314018249512e-01,8.177986741065979004e-01,8.802476525306701660e-01,9.430580139160156250e-01,1.005233287811279297e+00
-2.907812297344207764e-01,nan,nan,-9.204909205436706543e-02,nan,nan,nan,nan,nan,nan,3.672228157520294189e-01,4.320894777774810791e-01,4.972460865974426270e-01,nan,6.263583898544311523e-01,6.906791329383850098e-01,7.549440264701843262e-01,8.181325197219848633e-01,8.813225030899047852e-01,9.442648291587829590e-01,1.006610751152038574e+00
-2.906566858291625977e-01,-2.249473333358764648e-01,nan,nan,nan,nan,nan,1.682793349027633667e-01,2.357547730207443237e-01,3.018064200878143311e-01,3.677042126655578613e-01,4.326430857181549072e-01,4.975604414939880371e-01,nan,6.270480751991271973e-01,6.914429068565368652e-01,7.554190158843994141e-01,8.189874887466430664e-01,8.823628425598144531e-01,9.454490542411804199e-01,1.007943272590637207e+00
nan,nan,nan,nan,-2.542811259627342224e-02,nan,nan,nan,2.354574650526046753e-01,3.021604120731353760e-01,3.676698803901672363e-01,4.331842362880706787e-01,4.980326294898986816e-01,5.630052685737609863e-01,6.277499198913574219e-01,6.922500133514404297e-01,7.561083436012268066e-01,8.199014067649841309e-01,8.833805322647094727e-01,9.465870857238769531e-01,1.009200572967529297e+00
nan,nan,nan,nan,nan,4.006030783057212830e-02,nan,nan,nan,3.025283515453338623e-01,3.681258559226989746e-01,nan,nan,nan,nan,nan,nan,nan,nan,nan,nan
nan,nan,nan,nan,nan,nan,nan,1.720891296863555908e-01,2.350404709577560425e-01,3.026323020458221436e-01,3.685842454433441162e-01,4.339068830013275146e-01,4.991421103477478027e-01,nan,nan,6.933162212371826172e-01,7.576337456703186035e-01,8.216547966003417969e-01,8.853448629379272461e-01,9.486435651779174805e-01,1.010919928550720215e+00
nan,nan,nan,nan,nan,nan,nan,nan,nan,nan,nan,nan,nan,nan,nan,nan,nan,nan,nan,nan,nan
nan,nan,nan,nan,nan,nan,nan,nan,nan,nan,3.693646788597106934e-01,4.348204135894775391e-01,5.002267956733703613e-01,nan,nan,6.946610808372497559e-01,7.590703964233398438e-01,8.233147263526916504e-01,8.871710896492004395e-01,9.502182602882385254e-01,1.013117313385009766e+00
nan,nan,nan,nan,nan,nan,nan,nan,nan,nan,nan,nan,nan,nan,nan,nan,nan,nan,nan,nan,nan
nan,nan,nan,nan,nan,nan,nan,nan,nan,nan,3.702718019485473633e-01,4.356710314750671387e-01,5.010926127433776855e-01,5.662515163421630859e-01,6.312063932418823242e-01,6.959603428840637207e-01,7.604951858520507812e-01,8.248584270477294922e-01,8.888521790504455566e-01,9.519945383071899414e-01,1.015109896659851074e+00
