# 1st dimension: Re = np.logspace(np.log10(1.4e6), np.log10(1.05e7), 20); 2nd dimension: alpha = np.arange(-5., 5.5, .5)
-1.226582974195480347e-01,-8.208493888378143311e-02,-3.799539059400558472e-02,3.319929353892803192e-03,4.004765674471855164e-02,8.426922559738159180e-02,nan,1.649900525808334351e-01,2.039097696542739868e-01,2.523368000984191895e-01,2.987884879112243652e-01,3.420346975326538086e-01,3.918006122112274170e-01,4.401110410690307617e-01,4.847474396228790283e-01,5.309488773345947266e-01,5.810853838920593262e-01,6.222427487373352051e-01,6.673716902732849121e-01,7.144738435745239258e-01,7.578377723693847656e-01
-1.242652386426925659e-01,-7.995510101318359375e-02,-3.646581992506980896e-02,2.407588297501206398e-03,4.206990078091621399e-02,8.687721192836761475e-02,1.283799558877944946e-01,1.640704572200775146e-01,2.066942751407623291e-01,2.539611160755157471e-01,2.986544370651245117e-01,3.442984819412231445e-01,3.942947983741760254e-01,4.413107931613922119e-01,4.844440519809722900e-01,5.352729558944702148e-01,5.822837352752685547e-01,6.229707598686218262e-01,6.724050641059875488e-01,7.186254262924194336e-01,7.581652402877807617e-01
-1.250613480806350708e-01,-7.957186549901962280e-02,-3.639309108257293701e-02,2.728418679907917976e-03,4.544050246477127075e-02,8.898387104272842407e-02,1.292867511510848999e-01,1.653517931699752808e-01,2.110472917556762695e-01,2.559106349945068359e-01,2.987949848175048828e-01,3.474823534488677979e-01,3.965398967266082764e-01,4.421952366828918457e-01,4.887375235557556152e-01,5.392099618911743164e-01,5.821198821067810059e-01,6.285572052001953125e-01,6.766576766967773438e-01,7.209476232528686523e-01,7.596918344497680664e-01
-1.245245561003684998e-01,-7.921333611011505127e-02,-3.772380203008651733e-02,4.821735899895429611e-03,4.803513735532760620e-02,9.080454707145690918e-02,1.292669028043746948e-01,1.707808673381805420e-01,2.133969813585281372e-01,2.559617757797241211e-01,3.000851273536682129e-01,3.503952622413635254e-01,3.983241915702819824e-01,4.422904551029205322e-01,4.929240047931671143e-01,5.411686897277832031e-01,5.828253030776977539e-01,6.331096887588500977e-01,6.800923943519592285e-01,7.215650081634521484e-01,7.669709920883178711e-01
-1.236932352185249329e-01,-7.877214998006820679e-02,-3.757197037339210510e-02,7.834918797016143799e-03,5.100400745868682861e-02,9.116868674755096436e-02,1.325221955776214600e-01,1.742429286241531372e-01,2.166471183300018311e-01,2.559811174869537354e-01,3.044047355651855469e-01,3.531206846237182617e-01,3.985712230205535889e-01,4.465793073177337646e-01,4.967461824417114258e-01,5.410151481628417969e-01,5.880809426307678223e-01,6.367751955986022949e-01,6.825518608093261719e-01,7.231528162956237793e-01,7.732455134391784668e-01
-1.227494105696678162e-01,-7.974017411470413208e-02,-3.546056523919105530e-02,1.072618458420038223e-02,5.229818075895309448e-02,9.263868629932403564e-02,1.372906118631362915e-01,1.788112968206405640e-01,2.176787257194519043e-01,2.595280706882476807e-01,3.085444867610931396e-01,3.546260595321655273e-01,3.993548154830932617e-01,4.510267376899719238e-01,4.990964829921722412e-01,5.417887568473815918e-01,5.933183431625366211e-01,6.395831108093261719e-01,6.835759282112121582e-01,7.298808693885803223e-01,7.770811319351196289e-01
-1.233700886368751526e-01,-8.114296942949295044e-02,-3.379626199603080750e-02,1.150696258991956711e-02,5.403849482536315918e-02,9.526752680540084839e-02,1.417676955461502075e-01,1.809143573045730591e-01,2.199316471815109253e-01,2.636463642120361328e-01,3.103379905223846436e-01,3.550458848476409912e-01,4.039768874645233154e-01,4.547198712825775146e-01,4.990944266319274902e-01,5.462856292724609375e-01,5.962201952934265137e-01,6.414988636970520020e-01,6.851893663406372070e-01,7.358884215354919434e-01,7.798821330070495605e-01
-1.251955330371856689e-01,-7.932305335998535156e-02,-3.174395114183425903e-02,1.274617388844490051e-02,5.500305444002151489e-02,1.003798693418502808e-01,1.443864554166793823e-01,1.836984008550643921e-01,2.234791666269302368e-01,2.688152492046356201e-01,3.121136426925659180e-01,3.574692904949188232e-01,4.084990620613098145e-01,4.559827446937561035e-01,5.003862977027893066e-01,5.511037707328796387e-01,5.982630252838134766e-01,6.436035037040710449e-01,6.903842091560363770e-01,7.394909858703613281e-01,7.818631529808044434e-01
-1.258487850427627563e-01,-7.728059589862823486e-02,-3.042241744697093964e-02,1.363549288362264633e-02,5.916773900389671326e-02,1.031751781702041626e-01,1.473444402217864990e-01,1.861896365880966187e-01,2.293480932712554932e-01,2.715819180011749268e-01,3.137995898723602295e-01,3.620189130306243896e-01,4.111815392971038818e-01,4.566048681735992432e-01,5.050656795501708984e-01,5.540360212326049805e-01,5.995953083038330078e-01,6.456750631332397461e-01,6.953700184822082520e-01,7.411474585533142090e-01,7.846546173095703125e-01
-1.239321380853652954e-01,-7.605559378862380981e-02,-3.102997690439224243e-02,1.392750535160303116e-02,6.173731386661529541e-02,1.066836342215538025e-01,1.482395231723785400e-01,1.917519122362136841e-01,2.332019060850143433e-01,2.742387652397155762e-01,3.166113197803497314e-01,3.657914996147155762e-01,4.128893017768859863e-01,4.588521718978881836e-01,5.088216066360473633e-01,5.557539463043212891e-01,6.016612648963928223e-01,6.502181887626647949e-01,6.993257999420166016e-01,7.422066330909729004e-01,7.880423665046691895e-01
-1.225887984037399292e-01,-7.650311291217803955e-02,-3.110664896667003632e-02,1.681551896035671234e-02,6.450350582599639893e-02,1.078300699591636658e-01,1.515920460224151611e-01,1.968087404966354370e-01,2.372614145278930664e-01,2.769903242588043213e-01,3.221033215522766113e-01,3.700001835823059082e-01,4.145167768001556396e-01,4.623729884624481201e-01,5.114469528198242188e-01,5.570116639137268066e-01,6.041498184204101562e-01,6.542807817459106445e-01,7.006434798240661621e-01,7.445069551467895508e-01,7.931617498397827148e-01
-1.225268095731735229e-01,-7.731419056653976440e-02,-2.985396049916744232e-02,1.992325857281684875e-02,6.680246442556381226e-02,1.101176142692565918e-01,1.547593325376510620e-01,2.018993943929672241e-01,2.384235709905624390e-01,2.813266515731811523e-01,3.263261318206787109e-01,3.714296519756317139e-01,4.160825908184051514e-01,4.658113420009613037e-01,5.136064887046813965e-01,5.595235228538513184e-01,6.080754995346069336e-01,6.577592492103576660e-01,7.009679675102233887e-01,7.481714487075805664e-01,7.975027561187744141e-01
-1.238109469413757324e-01,-7.682084292173385620e-02,-2.739128284156322479e-02,2.126680687069892883e-02,6.649877876043319702e-02,1.122634634375572205e-01,1.589044779539108276e-01,2.034766972064971924e-01,2.427312284708023071e-01,2.865884900093078613e-01,3.305861949920654297e-01,3.737377822399139404e-01,4.202947616577148438e-01,4.692708849906921387e-01,5.148596763610839844e-01,5.622444748878479004e-01,6.119957566261291504e-01,6.589323282241821289e-01,7.030897140502929688e-01,7.525759339332580566e-01,8.012306094169616699e-01
-1.251000761985778809e-01,-7.526968419551849365e-02,-2.599617280066013336e-02,2.146975137293338776e-02,6.742393225431442261e-02,1.155683621764183044e-01,1.620315164327621460e-01,2.055498063564300537e-01,2.472366690635681152e-01,2.913887202739715576e-01,3.328923285007476807e-01,3.759732842445373535e-01,4.244849085807800293e-01,4.705995619297027588e-01,5.163638591766357422e-01,5.662227869033813477e-01,6.154554486274719238e-01,6.587582826614379883e-01,7.072167992591857910e-01,7.564023733139038086e-01,8.029237389564514160e-01
-1.253802031278610229e-01,-7.385712862014770508e-02,-2.549153752624988556e-02,2.140264213085174561e-02,6.990769505500793457e-02,1.192639321088790894e-01,1.630223244428634644e-01,2.070597708225250244e-01,2.539319396018981934e-01,2.941753268241882324e-01,3.351880908012390137e-01,3.813691437244415283e-01,4.275238215923309326e-01,4.713867604732513428e-01,5.204915404319763184e-01,5.707340836524963379e-01,6.162375211715698242e-01,6.605579257011413574e-01,7.117210030555725098e-01,7.595562934875488281e-01,8.026682734489440918e-01
-1.242200583219528198e-01,-7.330422848463058472e-02,-2.570774033665657043e-02,2.225417271256446838e-02,7.194831222295761108e-02,1.205679476261138916e-01,1.645617932081222534e-01,2.113654017448425293e-01,2.579336166381835938e-01,2.970256209373474121e-01,3.394299447536468506e-01,3.847297430038452148e-01,4.291843473911285400e-01,4.749461710453033447e-01,5.248764157295227051e-01,5.729117393493652344e-01,6.161864399909973145e-01,6.647652387619018555e-01,7.148681282997131348e-01,7.607951760292053223e-01,8.038771152496337891e-01
-1.227046325802803040e-01,-7.332702726125717163e-02,-2.581471949815750122e-02,2.347155474126338959e-02,7.343973964452743530e-02,1.206356287002563477e-01,1.658966839313507080e-01,2.146463990211486816e-01,2.614575922489166260e-01,2.988563776016235352e-01,3.439807593822479248e-01,3.878200352191925049e-01,4.319049119949340820e-01,4.783721864223480225e-01,5.282428264617919922e-01,5.734601616859436035e-01,6.189475655555725098e-01,6.691157221794128418e-01,7.171539068222045898e-01,7.611055374145507812e-01,8.069927692413330078e-01
-1.219958961009979248e-01,-7.446146756410598755e-02,-2.532602101564407349e-02,2.453611791133880615e-02,7.471096515655517578e-02,1.213111132383346558e-01,1.700726747512817383e-01,2.168191820383071899e-01,2.616797685623168945e-01,3.044911921024322510e-01,3.487495183944702148e-01,3.884226381778717041e-01,4.347968995571136475e-01,4.839107096195220947e-01,5.315566658973693848e-01,5.750800967216491699e-01,6.233472228050231934e-01,6.722639799118041992e-01,7.178137302398681641e-01,7.625573277473449707e-01,8.117613792419433594e-01
-1.223939880728721619e-01,-7.522690296173095703e-02,-2.449210546910762787e-02,2.546906284987926483e-02,7.432320713996887207e-02,1.223845258355140686e-01,1.723282188177108765e-01,2.184166461229324341e-01,2.645165622234344482e-01,3.090350329875946045e-01,3.498462438583374023e-01,3.920483291149139404e-01,4.399823248386383057e-01,4.876112341880798340e-01,5.313894152641296387e-01,5.770540833473205566e-01,6.266580820083618164e-01,6.744392514228820801e-01,7.180414199829101562e-01,7.656607627868652344e-01,8.162957429885864258e-01
-1.245647445321083069e-01,-7.471908628940582275e-02,-2.383561432361602783e-02,2.576138265430927277e-02,7.381095737218856812e-02,1.240359991788864136e-01,1.737980693578720093e-01,2.182267457246780396e-01,2.669595181941986084e-01,3.141772449016571045e-01,3.514212965965270996e-01,3.954466581344604492e-01,4.438836574554443359e-01,4.903546869754791260e-01,5.336959362030029297e-01,5.825847983360290527e-01,6.312741041183471680e-01,6.751006841659545898e-01,7.193475365638732910e-01,7.701246142387390137e-01,8.195254802703857422e-01
