# 1st dimension: Re = np.logspace(np.log10(1.4e6), np.log10(1.05e7), 20); 2nd dimension: alpha = np.arange(-5., 5.5, .5)
-1.715107262134552002e-01,-1.149695366621017456e-01,-5.776961892843246460e-02,-3.594544250518083572e-04,5.688671767711639404e-02,1.139620989561080933e-01,1.715163141489028931e-01,2.284840345382690430e-01,2.848882675170898438e-01,3.412716090679168701e-01,3.970390558242797852e-01,4.533358812332153320e-01,5.106397271156311035e-01,5.667288899421691895e-01,6.230325102806091309e-01,6.774359941482543945e-01,7.304239869117736816e-01,7.826947569847106934e-01,8.379881381988525391e-01,9.048547148704528809e-01,9.602079987525939941e-01
-1.721556037664413452e-01,-1.155072152614593506e-01,-5.790997296571731567e-02,-5.493694334290921688e-04,5.656603723764419556e-02,1.142504513263702393e-01,1.716535240411758423e-01,2.284563332796096802e-01,2.856512367725372314e-01,3.421384096145629883e-01,3.976999819278717041e-01,4.547291100025177002e-01,5.117517709732055664e-01,5.679590106010437012e-01,6.249213218688964844e-01,6.801994442939758301e-01,7.336243391036987305e-01,7.874053120613098145e-01,8.384825587272644043e-01,9.027124643325805664e-01,9.613837599754333496e-01
-1.728217005729675293e-01,-1.157045513391494751e-01,-5.812327191233634949e-02,-8.199035655707120895e-04,5.652862414717674255e-02,1.143977791070938110e-01,1.715923249721527100e-01,2.288744598627090454e-01,2.862570583820343018e-01,3.427343964576721191e-01,3.985548019409179688e-01,4.557977318763732910e-01,5.126370191574096680e-01,5.694510936737060547e-01,6.266561746597290039e-01,6.819363832473754883e-01,7.369968891143798828e-01,7.911922335624694824e-01,8.431409001350402832e-01,nan,9.616851806640625000e-01
-1.734487414360046387e-01,-1.157926470041275024e-01,-5.841419100761413574e-02,-1.097322907298803329e-03,5.669877678155899048e-02,1.143681630492210388e-01,1.714735925197601318e-01,2.293072789907455444e-01,nan,3.431741893291473389e-01,3.996297419071197510e-01,4.565885066986083984e-01,5.132405757904052734e-01,5.708739161491394043e-01,6.276220083236694336e-01,6.838292479515075684e-01,7.392753958702087402e-01,7.934771180152893066e-01,8.479042649269104004e-01,8.990297317504882812e-01,9.618381857872009277e-01
-1.737359464168548584e-01,-1.159474179148674011e-01,-5.875610932707786560e-02,-1.103574992157518864e-03,5.680328235030174255e-02,1.142048686742782593e-01,1.718053072690963745e-01,2.296288907527923584e-01,2.869150042533874512e-01,3.437781631946563721e-01,4.006090164184570312e-01,4.571859240531921387e-01,5.143784284591674805e-01,5.718929767608642578e-01,6.286773681640625000e-01,6.856798529624938965e-01,7.412171959877014160e-01,nan,8.513372540473937988e-01,9.030691981315612793e-01,9.590710401535034180e-01
-1.739528179168701172e-01,-1.162525117397308350e-01,-5.906965211033821106e-02,-1.031159772537648678e-03,5.677283927798271179e-02,1.140487268567085266e-01,1.720874309539794922e-01,2.298406064510345459e-01,2.870665192604064941e-01,3.445145785808563232e-01,4.014778733253479004e-01,4.576749205589294434e-01,5.152715444564819336e-01,5.727077722549438477e-01,6.295486092567443848e-01,6.871053576469421387e-01,7.425190210342407227e-01,7.986015081405639648e-01,8.535175323486328125e-01,nan,9.568848609924316406e-01
-1.742032915353775024e-01,nan,-5.911920219659805298e-02,-1.052938401699066162e-03,5.656225606799125671e-02,1.142494454979896545e-01,1.722322106361389160e-01,2.298931181430816650e-01,2.874546945095062256e-01,3.451179862022399902e-01,4.020649790763854980e-01,4.584804773330688477e-01,5.161018371582031250e-01,5.732135772705078125e-01,6.308455467224121094e-01,6.880776286125183105e-01,7.441697716712951660e-01,8.006638884544372559e-01,8.556845188140869141e-01,9.091681241989135742e-01,9.594237208366394043e-01
-1.745122075080871582e-01,-1.170661076903343201e-01,-5.912918597459793091e-02,-1.184611581265926361e-03,5.633269622921943665e-02,1.144111752510070801e-01,1.722967922687530518e-01,nan,2.878681421279907227e-01,3.455731868743896484e-01,4.025224149227142334e-01,4.593398869037628174e-01,5.167196989059448242e-01,5.739458203315734863e-01,6.317831277847290039e-01,6.887615323066711426e-01,7.456880807876586914e-01,8.017516732215881348e-01,8.575953841209411621e-01,9.117158651351928711e-01,9.619216918945312500e-01
-1.748615801334381104e-01,-1.172098368406295776e-01,-5.919151008129119873e-02,-1.449462841264903545e-03,5.637869238853454590e-02,1.144480556249618530e-01,1.722729057073593140e-01,2.301740944385528564e-01,2.882621586322784424e-01,3.458071947097778320e-01,4.030784666538238525e-01,4.600323736667633057e-01,5.171421766281127930e-01,5.748157501220703125e-01,6.325600147247314453e-01,6.894503831863403320e-01,7.468941807746887207e-01,8.027887940406799316e-01,8.589306473731994629e-01,9.134475588798522949e-01,9.641101956367492676e-01
-1.751392781734466553e-01,-1.173526197671890259e-01,-5.934578925371170044e-02,-1.706095179542899132e-03,5.643818154931068420e-02,1.143873259425163269e-01,1.722394824028015137e-01,2.304934263229370117e-01,2.884594202041625977e-01,3.459035456180572510e-01,4.036832749843597412e-01,4.606072306632995605e-01,5.176790952682495117e-01,5.756326317787170410e-01,6.329333186149597168e-01,6.905448436737060547e-01,7.477174401283264160e-01,8.040797710418701172e-01,8.596844673156738281e-01,9.141116738319396973e-01,nan
nan,-1.175352782011032104e-01,-5.959793552756309509e-02,-1.750889932736754417e-03,5.642570927739143372e-02,1.142871007323265076e-01,1.723649352788925171e-01,2.307424992322921753e-01,2.885739505290985107e-01,3.462044298648834229e-01,4.041178524494171143e-01,4.610404670238494873e-01,5.185024738311767578e-01,5.762685537338256836e-01,6.334450244903564453e-01,6.912593245506286621e-01,7.481843233108520508e-01,8.052285909652709961e-01,8.608325719833374023e-01,9.152492880821228027e-01,9.669998884201049805e-01
nan,-1.177779734134674072e-01,nan,-1.774615258909761906e-03,5.631789937615394592e-02,1.142822578549385071e-01,1.725567281246185303e-01,2.308229506015777588e-01,2.885897457599639893e-01,3.465563356876373291e-01,4.043211340904235840e-01,4.614912271499633789e-01,5.191853046417236328e-01,5.765696167945861816e-01,6.341606378555297852e-01,6.917103528976440430e-01,7.489999532699584961e-01,8.057702779769897461e-01,8.621110916137695312e-01,9.153530001640319824e-01,nan
-1.756874173879623413e-01,-1.180668547749519348e-01,nan,-1.889846520498394966e-03,5.615751817822456360e-02,1.144013702869415283e-01,1.727106422185897827e-01,2.307732999324798584e-01,2.887700498104095459e-01,3.468421101570129395e-01,4.044139087200164795e-01,4.621465504169464111e-01,5.197131633758544922e-01,5.768527984619140625e-01,6.348482966423034668e-01,6.918988823890686035e-01,7.497700452804565430e-01,8.061932325363159180e-01,8.623787164688110352e-01,9.160574078559875488e-01,9.684564471244812012e-01
-1.760244667530059814e-01,-1.182966008782386780e-01,-6.005663797259330750e-02,-2.102792961522936821e-03,5.607149377465248108e-02,1.144942566752433777e-01,1.727514415979385376e-01,2.307486534118652344e-01,2.890645861625671387e-01,3.468257486820220947e-01,4.046783745288848877e-01,4.627023041248321533e-01,5.200200676918029785e-01,5.774641633033752441e-01,6.352301836013793945e-01,6.925187706947326660e-01,7.502172589302062988e-01,8.069890737533569336e-01,8.628438115119934082e-01,9.159812927246093750e-01,9.687227010726928711e-01
nan,-1.183802708983421326e-01,-6.025597453117370605e-02,-2.275127451866865158e-03,5.611557140946388245e-02,1.145284473896026611e-01,1.726241260766983032e-01,2.308478355407714844e-01,2.892135977745056152e-01,3.468527197837829590e-01,4.051045477390289307e-01,4.630276858806610107e-01,5.202859640121459961e-01,nan,6.352431178092956543e-01,6.931651234626770020e-01,7.502406239509582520e-01,8.075262308120727539e-01,8.633432388305664062e-01,9.168060421943664551e-01,9.691357612609863281e-01
-1.766814291477203369e-01,-1.184575110673904419e-01,-6.058584898710250854e-02,-2.337859012186527252e-03,5.613529309630393982e-02,1.144538521766662598e-01,1.725123226642608643e-01,2.310174256563186646e-01,2.891566753387451172e-01,3.469955325126647949e-01,4.054054021835327148e-01,4.631491601467132568e-01,5.207595825195312500e-01,5.785916447639465332e-01,6.356930136680603027e-01,6.935387253761291504e-01,7.507456541061401367e-01,8.073306679725646973e-01,8.629065752029418945e-01,9.164699316024780273e-01,9.688134789466857910e-01
-1.768586635589599609e-01,-1.186594888567924500e-01,-6.082855910062789917e-02,-2.312033437192440033e-03,5.609708651900291443e-02,1.142824441194534302e-01,1.725561171770095825e-01,2.310918271541595459e-01,2.890129387378692627e-01,3.473569750785827637e-01,4.055331945419311523e-01,4.633316993713378906e-01,5.213174223899841309e-01,5.786064267158508301e-01,6.363000273704528809e-01,6.935918927192687988e-01,7.513319253921508789e-01,8.078875541687011719e-01,8.626652359962463379e-01,9.164934158325195312e-01,9.693537354469299316e-01
-1.770448833703994751e-01,-1.190210580825805664e-01,-6.091781333088874817e-02,-2.329843118786811829e-03,5.592731013894081116e-02,1.142029240727424622e-01,1.727027297019958496e-01,2.309539169073104858e-01,2.890889644622802734e-01,3.475669622421264648e-01,4.054357707500457764e-01,4.636735320091247559e-01,nan,5.789096355438232422e-01,6.366544365882873535e-01,6.939181089401245117e-01,7.513979077339172363e-01,8.083558678627014160e-01,8.626213073730468750e-01,9.158471226692199707e-01,9.687038064002990723e-01
-1.773450821638107300e-01,-1.192794367671012878e-01,-6.094426661729812622e-02,-2.431991510093212128e-03,5.569790676236152649e-02,1.142529323697090149e-01,1.727868467569351196e-01,2.307880520820617676e-01,2.893081307411193848e-01,3.476239144802093506e-01,4.055124819278717041e-01,4.640599787235260010e-01,nan,nan,6.367166638374328613e-01,6.945270895957946777e-01,7.512516379356384277e-01,8.080249428749084473e-01,8.619395494461059570e-01,9.148827791213989258e-01,9.688248634338378906e-01
-1.777696162462234497e-01,-1.193918287754058838e-01,-6.098851189017295837e-02,-2.687765285372734070e-03,5.560062825679779053e-02,1.143153756856918335e-01,1.725946813821792603e-01,2.308357208967208862e-01,2.894592285156250000e-01,3.474511802196502686e-01,4.057916700839996338e-01,4.642641842365264893e-01,5.216369032859802246e-01,5.793947577476501465e-01,6.369946002960205078e-01,6.947582364082336426e-01,7.517253160476684570e-01,8.083146214485168457e-01,8.618321418762207031e-01,9.139425754547119141e-01,9.688592553138732910e-01
