# 1st dimension: Re = np.logspace(np.log10(1.4e6), np.log10(1.05e7), 20); 2nd dimension: alpha = np.arange(-5., 5.5, .5)
-3.851969540119171143e-01,-3.281644284725189209e-01,-2.738585770130157471e-01,nan,-1.630515605211257935e-01,nan,-5.830704793334007263e-02,-6.503996904939413071e-03,4.361866414546966553e-02,9.432150423526763916e-02,1.469267755746841431e-01,2.007526308298110962e-01,2.549069821834564209e-01,3.101106882095336914e-01,3.650243282318115234e-01,4.173519313335418701e-01,4.692862033843994141e-01,5.054965615272521973e-01,5.880076885223388672e-01,6.632030010223388672e-01,7.126765847206115723e-01
-3.881474137306213379e-01,-3.308596909046173096e-01,-2.755830883979797363e-01,-2.197704017162322998e-01,nan,nan,-5.952187627553939819e-02,-7.607425097376108170e-03,4.437339678406715393e-02,9.347692877054214478e-02,1.468188613653182983e-01,2.004465460777282715e-01,2.551502883434295654e-01,3.097373843193054199e-01,3.651757836341857910e-01,4.160263240337371826e-01,4.695343673229217529e-01,5.068371295928955078e-01,5.780879855155944824e-01,6.587208509445190430e-01,7.138621807098388672e-01
-3.913581073284149170e-01,-3.340685069561004639e-01,-2.773159742355346680e-01,-2.221473902463912964e-01,nan,-1.168856769800186157e-01,-6.135540828108787537e-02,-8.572420105338096619e-03,4.364845529198646545e-02,9.305260330438613892e-02,1.467797309160232544e-01,2.003369927406311035e-01,2.552988231182098389e-01,3.094829618930816650e-01,3.648770451545715332e-01,4.155498743057250977e-01,4.698664546012878418e-01,5.090136528015136719e-01,5.688099861145019531e-01,6.530381441116333008e-01,7.150570750236511230e-01
-3.954082131385803223e-01,-3.365480303764343262e-01,-2.793823778629302979e-01,-2.239946126937866211e-01,nan,nan,nan,nan,nan,nan,nan,nan,nan,3.095864951610565186e-01,3.633948862552642822e-01,4.149920940399169922e-01,4.701128304004669189e-01,5.106692314147949219e-01,5.608935952186584473e-01,6.484561562538146973e-01,7.160437703132629395e-01
-3.999809026718139648e-01,-3.391744792461395264e-01,-2.819222211837768555e-01,-2.256242185831069946e-01,-1.700938493013381958e-01,nan,nan,nan,nan,nan,nan,nan,nan,3.097429275512695312e-01,nan,4.149854779243469238e-01,4.701073765754699707e-01,5.124034881591796875e-01,5.605937838554382324e-01,6.428947448730468750e-01,7.126166820526123047e-01
-4.029907882213592529e-01,-3.424689471721649170e-01,-2.847656309604644775e-01,-2.277576923370361328e-01,-1.717127859592437744e-01,nan,nan,nan,nan,nan,nan,nan,nan,3.097287118434906006e-01,3.609079420566558838e-01,4.152218401432037354e-01,4.697899222373962402e-01,5.137082934379577637e-01,5.622744560241699219e-01,6.354801058769226074e-01,7.093271017074584961e-01
-4.042150378227233887e-01,-3.461842834949493408e-01,-2.876094579696655273e-01,-2.305451333522796631e-01,-1.735127121210098267e-01,-1.183096319437026978e-01,nan,nan,nan,nan,nan,nan,nan,3.083421885967254639e-01,3.603330552577972412e-01,4.154559969902038574e-01,4.697575867176055908e-01,5.146680474281311035e-01,5.640188455581665039e-01,6.270398497581481934e-01,7.060866355895996094e-01
-4.051803648471832275e-01,-3.494560122489929199e-01,-2.908848226070404053e-01,-2.333423644304275513e-01,-1.760414689779281616e-01,-1.208756938576698303e-01,-6.912016123533248901e-02,-1.529396232217550278e-02,3.940378502011299133e-02,9.434521198272705078e-02,1.505731791257858276e-01,2.041239589452743530e-01,nan,3.043003082275390625e-01,3.567959368228912354e-01,4.117738008499145508e-01,4.655528366565704346e-01,5.110442638397216797e-01,5.616558790206909180e-01,6.117073297500610352e-01,6.941767334938049316e-01
-4.063170254230499268e-01,-3.515968024730682373e-01,-2.939816415309906006e-01,-2.368443459272384644e-01,-1.797012537717819214e-01,-1.241763308644294739e-01,nan,nan,nan,nan,nan,nan,nan,nan,nan,4.115260243415832520e-01,4.658112525939941406e-01,5.127539038658142090e-01,5.631284117698669434e-01,6.125241518020629883e-01,6.903957128524780273e-01
-4.075855612754821777e-01,-3.531978726387023926e-01,-2.967534065246582031e-01,-2.400628328323364258e-01,-1.844748109579086304e-01,-1.283434182405471802e-01,nan,nan,nan,nan,1.431540846824645996e-01,nan,nan,3.049515187740325928e-01,3.603677153587341309e-01,4.150445461273193359e-01,4.702181816101074219e-01,nan,5.694969892501831055e-01,6.196262836456298828e-01,6.940909028053283691e-01
-4.084231555461883545e-01,-3.539541959762573242e-01,-2.985437810420989990e-01,-2.429188936948776245e-01,-1.877375245094299316e-01,-1.329854279756546021e-01,-7.726767659187316895e-02,-2.176856249570846558e-02,3.318544477224349976e-02,8.743663877248764038e-02,1.421172469854354858e-01,1.965342909097671509e-01,nan,3.046492934226989746e-01,3.605439364910125732e-01,4.150992035865783691e-01,4.700699448585510254e-01,5.250607132911682129e-01,5.701209902763366699e-01,6.209906339645385742e-01,6.900535225868225098e-01
-4.091429412364959717e-01,-3.541338741779327393e-01,-2.997111678123474121e-01,-2.446368932723999023e-01,-1.902885437011718750e-01,-1.354523748159408569e-01,-7.997435331344604492e-02,-2.479424513876438141e-02,3.090729378163814545e-02,8.607529848814010620e-02,1.418123394250869751e-01,nan,2.499349415302276611e-01,3.047014176845550537e-01,3.605574071407318115e-01,4.152909219264984131e-01,4.700070619583129883e-01,5.254275202751159668e-01,5.710806250572204590e-01,6.235160827636718750e-01,6.855533123016357422e-01
nan,nan,-3.012231290340423584e-01,-2.464301288127899170e-01,-1.922035217285156250e-01,-1.370278149843215942e-01,-8.155815303325653076e-02,-2.579479850828647614e-02,2.993724495172500610e-02,8.549278229475021362e-02,1.415705829858779907e-01,1.936145722866058350e-01,nan,3.048480749130249023e-01,3.601094484329223633e-01,4.153820574283599854e-01,4.701326787471771240e-01,5.257179141044616699e-01,5.716482400894165039e-01,6.246888041496276855e-01,6.761600375175476074e-01
nan,nan,nan,-2.481236159801483154e-01,-1.933165192604064941e-01,-1.378374695777893066e-01,-8.248208463191986084e-02,-2.645195834338665009e-02,2.921877056360244751e-02,8.525140583515167236e-02,1.400508582592010498e-01,1.930109411478042603e-01,2.488471567630767822e-01,3.049511015415191650e-01,3.599149286746978760e-01,4.152188003063201904e-01,4.703605175018310547e-01,5.258197188377380371e-01,5.727742314338684082e-01,6.262975931167602539e-01,6.768536567687988281e-01
nan,nan,-3.034794628620147705e-01,-2.496174573898315430e-01,-1.944632828235626221e-01,-1.387878805398941040e-01,-8.297250419855117798e-02,-2.715524658560752869e-02,2.879352122545242310e-02,8.509404957294464111e-02,1.385336816310882568e-01,1.927096396684646606e-01,nan,3.049125075340270996e-01,3.600037097930908203e-01,4.150502383708953857e-01,4.706367552280426025e-01,5.257654190063476562e-01,5.744190812110900879e-01,6.273384690284729004e-01,6.788618564605712891e-01
nan,nan,-3.044207096099853516e-01,-2.506726682186126709e-01,-1.950585693120956421e-01,-1.395631581544876099e-01,-8.346754312515258789e-02,-2.771138772368431091e-02,2.855199575424194336e-02,8.483796566724777222e-02,1.371944397687911987e-01,nan,nan,nan,nan,nan,nan,nan,nan,nan,nan
nan,nan,-3.055504560470581055e-01,-2.512964606285095215e-01,-1.958909481763839722e-01,-1.399975419044494629e-01,-8.412896841764450073e-02,-2.805776894092559814e-02,2.840381674468517303e-02,8.311003446578979492e-02,1.365102231502532959e-01,1.926719844341278076e-01,2.489487826824188232e-01,nan,3.598551154136657715e-01,4.152139723300933838e-01,4.709849357604980469e-01,5.259177684783935547e-01,5.774207711219787598e-01,6.290488839149475098e-01,6.823388934135437012e-01
nan,nan,nan,-2.516356706619262695e-01,-1.966109126806259155e-01,-1.405642181634902954e-01,-8.464551717042922974e-02,-2.827088534832000732e-02,2.826477400958538055e-02,8.163344115018844604e-02,1.363743245601654053e-01,1.926822811365127563e-01,2.485187351703643799e-01,3.042780160903930664e-01,3.596110939979553223e-01,4.154212176799774170e-01,4.709023535251617432e-01,5.261593461036682129e-01,nan,6.292948126792907715e-01,6.838770508766174316e-01
-4.151794016361236572e-01,nan,nan,-2.522298991680145264e-01,-1.970117688179016113e-01,-1.412127017974853516e-01,-8.497421443462371826e-02,nan,2.807444706559181213e-02,8.050531893968582153e-02,1.363568753004074097e-01,1.924287527799606323e-01,2.481874227523803711e-01,3.043457567691802979e-01,3.595505058765411377e-01,4.156132042407989502e-01,4.708248078823089600e-01,5.264686346054077148e-01,5.823129415512084961e-01,6.305694580078125000e-01,6.847083568572998047e-01
-4.163457751274108887e-01,-3.626326918601989746e-01,-3.078558146953582764e-01,-2.526444792747497559e-01,-1.971265375614166260e-01,-1.416281163692474365e-01,-8.518411964178085327e-02,-2.860962972044944763e-02,nan,7.997473329305648804e-02,1.363340914249420166e-01,1.919284611940383911e-01,2.481658607721328735e-01,3.041777908802032471e-01,3.596436977386474609e-01,4.156778156757354736e-01,4.709086716175079346e-01,5.267969369888305664e-01,5.824780464172363281e-01,6.318261027336120605e-01,6.857957839965820312e-01
