# 1st dimension: Re = np.logspace(np.log10(1.4e6), np.log10(1.05e7), 20); 2nd dimension: alpha = np.arange(-5., 5.5, .5)
-1.583842784166336060e-01,-1.076840311288833618e-01,-5.536047369241714478e-02,-2.025078749284148216e-03,5.258952453732490540e-02,1.075238287448883057e-01,1.625229716300964355e-01,2.171900421380996704e-01,2.721773386001586914e-01,3.330529332160949707e-01,3.875735700130462646e-01,nan,nan,5.514957308769226074e-01,6.058238744735717773e-01,6.601102352142333984e-01,7.152763605117797852e-01,7.694519758224487305e-01,8.222139477729797363e-01,nan,nan
-1.547804623842239380e-01,-1.039379537105560303e-01,nan,6.472734385170042515e-04,5.471089482307434082e-02,1.090857088565826416e-01,1.637597531080245972e-01,2.186453193426132202e-01,2.734362781047821045e-01,3.334936499595642090e-01,3.880499005317687988e-01,4.397308230400085449e-01,nan,nan,nan,6.607443094253540039e-01,7.149090170860290527e-01,7.690265774726867676e-01,8.228769302368164062e-01,nan,nan
nan,nan,nan,nan,nan,nan,nan,nan,nan,nan,nan,4.431024193763732910e-01,4.977039694786071777e-01,nan,6.073573827743530273e-01,6.616271734237670898e-01,7.157899141311645508e-01,7.698904275894165039e-01,8.238006830215454102e-01,nan,9.321283102035522461e-01
nan,nan,nan,nan,nan,nan,nan,nan,nan,3.343109488487243652e-01,3.889677822589874268e-01,nan,nan,nan,nan,nan,nan,nan,nan,nan,nan
-1.523946076631546021e-01,nan,nan,nan,nan,nan,nan,nan,nan,nan,3.894053697586059570e-01,4.440803229808807373e-01,nan,5.541341304779052734e-01,6.085704565048217773e-01,6.629245281219482422e-01,7.171858549118041992e-01,7.713286876678466797e-01,8.261168599128723145e-01,8.802424669265747070e-01,nan
nan,nan,nan,nan,nan,nan,nan,nan,nan,nan,nan,4.445419907569885254e-01,4.992569088935852051e-01,nan,6.092798113822937012e-01,6.634711623191833496e-01,7.177642583847045898e-01,7.719728946685791016e-01,nan,nan,9.341995716094970703e-01
nan,nan,nan,nan,nan,nan,nan,nan,nan,nan,nan,4.380185902118682861e-01,4.920147061347961426e-01,5.458164215087890625e-01,5.993949770927429199e-01,6.526657342910766602e-01,7.059584856033325195e-01,7.591359615325927734e-01,8.131488561630249023e-01,8.653106689453125000e-01,nan
nan,nan,nan,nan,nan,nan,nan,nan,nan,nan,nan,4.462577998638153076e-01,nan,5.557426810264587402e-01,6.103172898292541504e-01,6.648381948471069336e-01,7.190967202186584473e-01,7.734001874923706055e-01,nan,nan,nan
nan,nan,nan,nan,nan,nan,nan,nan,nan,nan,3.919111490249633789e-01,4.467610716819763184e-01,5.015144944190979004e-01,5.562365055084228516e-01,6.108409762382507324e-01,6.653849482536315918e-01,7.198697924613952637e-01,nan,nan,8.824608325958251953e-01,9.363187551498413086e-01
nan,nan,nan,nan,nan,nan,nan,nan,nan,nan,3.919564783573150635e-01,4.472210109233856201e-01,5.019869208335876465e-01,5.567221641540527344e-01,6.113594770431518555e-01,6.659337878227233887e-01,7.204285264015197754e-01,7.748492360115051270e-01,nan,8.831336498260498047e-01,9.370460510253906250e-01
nan,nan,nan,nan,nan,nan,nan,nan,nan,3.379380702972412109e-01,3.923456668853759766e-01,4.476559758186340332e-01,5.024429559707641602e-01,5.571967363357543945e-01,6.118203997611999512e-01,6.663910746574401855e-01,7.208864092826843262e-01,7.754164338111877441e-01,8.297685384750366211e-01,8.837957978248596191e-01,9.377757310867309570e-01
nan,nan,nan,nan,nan,nan,nan,nan,2.787913978099822998e-01,3.329316973686218262e-01,3.870029151439666748e-01,4.410116076469421387e-01,4.949533343315124512e-01,5.488263964653015137e-01,6.025621294975280762e-01,6.562160849571228027e-01,nan,7.633030414581298828e-01,8.166244029998779297e-01,8.695896863937377930e-01,9.224840998649597168e-01
-1.516645401716232300e-01,nan,nan,nan,nan,nan,nan,2.250286638736724854e-01,2.792223691940307617e-01,3.333683013916015625e-01,3.874631524085998535e-01,4.414968192577362061e-01,4.954689741134643555e-01,5.493738055229187012e-01,6.031639575958251953e-01,6.568645238876342773e-01,7.105178236961364746e-01,7.640140652656555176e-01,8.173761963844299316e-01,nan,9.234082698822021484e-01
-1.543499827384948730e-01,nan,nan,nan,nan,nan,nan,2.290926575660705566e-01,nan,nan,nan,4.488403499126434326e-01,5.036941170692443848e-01,5.585031509399414062e-01,6.132541894912719727e-01,6.679413914680480957e-01,7.225528955459594727e-01,7.770813703536987305e-01,8.315328359603881836e-01,nan,9.399329423904418945e-01
-1.545750647783279419e-01,-9.957911074161529541e-02,nan,nan,nan,nan,1.743897050619125366e-01,2.293688654899597168e-01,2.843586206436157227e-01,3.393350839614868164e-01,3.942863643169403076e-01,4.492039978504180908e-01,5.040829777717590332e-01,5.589166879653930664e-01,nan,6.684122681617736816e-01,7.230562567710876465e-01,7.776342630386352539e-01,8.321269750595092773e-01,nan,9.406247735023498535e-01
-1.546806991100311279e-01,-9.978616982698440552e-02,-4.491205140948295593e-02,nan,nan,1.196566745638847351e-01,1.746171414852142334e-01,nan,nan,nan,nan,4.495557248592376709e-01,5.044596791267395020e-01,5.593195557594299316e-01,6.141263842582702637e-01,6.688788533210754395e-01,7.235669493675231934e-01,7.781799435615539551e-01,8.327105045318603516e-01,8.870531916618347168e-01,9.413015842437744141e-01
-1.530174016952514648e-01,-9.888590872287750244e-02,-4.475658386945724487e-02,nan,6.363619863986968994e-02,1.177772432565689087e-01,1.720540076494216919e-01,2.263491600751876831e-01,2.806337773799896240e-01,3.348912894725799561e-01,3.891091048717498779e-01,4.432766735553741455e-01,4.973867535591125488e-01,5.514321923255920410e-01,6.054118275642395020e-01,6.593073606491088867e-01,7.131077647209167480e-01,7.668048739433288574e-01,8.203751444816589355e-01,8.737285137176513672e-01,9.269366264343261719e-01
-1.547498106956481934e-01,-9.984911978244781494e-02,-4.493064805865287781e-02,nan,6.500072777271270752e-02,1.199992895126342773e-01,nan,nan,nan,nan,nan,4.502240419387817383e-01,5.051834583282470703e-01,5.601065158843994141e-01,6.149805784225463867e-01,6.698004007339477539e-01,7.245564460754394531e-01,7.792404294013977051e-01,8.338333964347839355e-01,8.882756829261779785e-01,9.426113367080688477e-01
-1.547531634569168091e-01,-9.982722997665405273e-02,-4.487638920545578003e-02,1.016727089881896973e-02,6.512738019227981567e-02,1.201729997992515564e-01,1.752501726150512695e-01,2.303364574909210205e-01,2.854181826114654541e-01,3.404850661754608154e-01,3.955300450325012207e-01,4.505520462989807129e-01,5.055404305458068848e-01,nan,6.153959631919860840e-01,6.702465415000915527e-01,7.250351905822753906e-01,7.797533273696899414e-01,8.343737721443176270e-01,8.888665437698364258e-01,9.432402253150939941e-01
-1.547458618879318237e-01,-9.979382902383804321e-02,-4.480919986963272095e-02,1.023328211158514023e-02,6.526111066341400146e-02,1.203418001532554626e-01,1.754452437162399292e-01,2.305546551942825317e-01,2.856581211090087891e-01,3.407508432865142822e-01,3.958259224891662598e-01,4.508734941482543945e-01,5.058889389038085938e-01,5.608683824539184570e-01,6.158016920089721680e-01,6.706824302673339844e-01,7.255029082298278809e-01,7.802545428276062012e-01,8.349024653434753418e-01,8.894440531730651855e-01,9.438499808311462402e-01
