# 1st dimension: Re = np.logspace(np.log10(1.4e6), np.log10(1.05e7), 20); 2nd dimension: alpha = np.arange(-5., 5.5, .5)
nan,4.420736730098724365e-01,4.886449575424194336e-01,5.453005433082580566e-01,6.029886603355407715e-01,6.609930396080017090e-01,7.190253734588623047e-01,7.765513658523559570e-01,8.334334492683410645e-01,8.902136087417602539e-01,9.468545317649841309e-01,1.002777814865112305e+00,1.061057806015014648e+00,1.117832422256469727e+00,1.174938797950744629e+00,nan,1.273751497268676758e+00,1.318081736564636230e+00,1.365029454231262207e+00,1.414048194885253906e+00,1.402057528495788574e+00
nan,4.347898364067077637e-01,4.890202879905700684e-01,5.466493964195251465e-01,6.045605540275573730e-01,6.624806523323059082e-01,7.204719185829162598e-01,7.780842185020446777e-01,8.349241614341735840e-01,8.917707800865173340e-01,9.480441212654113770e-01,9.911662936210632324e-01,nan,nan,1.175440073013305664e+00,1.220924377441406250e+00,1.267813086509704590e+00,1.315722107887268066e+00,1.367466568946838379e+00,nan,1.406667828559875488e+00
nan,4.330360293388366699e-01,4.900737106800079346e-01,5.480465888977050781e-01,6.060236692428588867e-01,6.639124751091003418e-01,7.219207882881164551e-01,7.794722914695739746e-01,8.362858891487121582e-01,8.928531408309936523e-01,9.378427863121032715e-01,9.874141216278076172e-01,nan,1.112954497337341309e+00,1.164472341537475586e+00,1.215055346488952637e+00,1.265244603157043457e+00,1.317867755889892578e+00,nan,nan,1.412249922752380371e+00
nan,4.333717823028564453e-01,4.912757873535156250e-01,5.493814349174499512e-01,6.073978543281555176e-01,6.653172373771667480e-01,7.232567071914672852e-01,7.806439995765686035e-01,8.372690081596374512e-01,8.841473460197448730e-01,9.338918924331665039e-01,9.885990619659423828e-01,nan,1.107037782669067383e+00,1.159358501434326172e+00,1.212691903114318848e+00,1.267043471336364746e+00,1.319354057312011719e+00,1.331672191619873047e+00,1.377919673919677734e+00,1.419604778289794922e+00
nan,4.342768192291259766e-01,4.924985170364379883e-01,5.506463646888732910e-01,6.087017059326171875e-01,6.666569709777832031e-01,nan,nan,8.301649689674377441e-01,8.799369931221008301e-01,9.348269104957580566e-01,nan,nan,nan,1.158732771873474121e+00,1.213657975196838379e+00,1.268597960472106934e+00,1.286875367164611816e+00,1.335156559944152832e+00,1.382159113883972168e+00,1.427501559257507324e+00
nan,4.353540539741516113e-01,4.936594963073730469e-01,5.518509745597839355e-01,6.099443435668945312e-01,6.679336428642272949e-01,7.255371212959289551e-01,7.758542299270629883e-01,8.254647850990295410e-01,8.805338740348815918e-01,nan,9.727507233619689941e-01,1.049434542655944824e+00,1.105231165885925293e+00,1.160449504852294922e+00,1.214883565902709961e+00,1.239609241485595703e+00,1.289887547492980957e+00,1.338653564453125000e+00,1.386673450469970703e+00,1.434987664222717285e+00
nan,4.364238679409027100e-01,4.947637915611267090e-01,5.530016422271728516e-01,6.111298799514770508e-01,6.691386103630065918e-01,nan,7.708510160446166992e-01,8.254433274269104004e-01,8.700538873672485352e-01,9.205093383789062500e-01,9.748548269271850586e-01,1.050834536552429199e+00,1.106608629226684570e+00,1.162020087242126465e+00,1.188856363296508789e+00,1.240711450576782227e+00,1.292956352233886719e+00,1.342281103134155273e+00,1.390894770622253418e+00,nan
nan,4.374532699584960938e-01,4.958249628543853760e-01,5.540913343429565430e-01,6.122519373893737793e-01,6.702262759208679199e-01,7.209771871566772461e-01,7.699511647224426270e-01,nan,8.673202991485595703e-01,9.221490025520324707e-01,9.768759012222290039e-01,1.031700730323791504e+00,1.085638523101806641e+00,1.138844132423400879e+00,1.191398143768310547e+00,1.243336081504821777e+00,1.295886754989624023e+00,1.345920324325561523e+00,1.394941926002502441e+00,nan
nan,4.384467005729675293e-01,4.968395531177520752e-01,5.551297068595886230e-01,6.133112907409667969e-01,nan,7.148327231407165527e-01,7.712578773498535156e-01,8.134693503379821777e-01,8.688856363296508789e-01,9.240031838417053223e-01,9.787537455558776855e-01,1.033813953399658203e+00,1.087858080863952637e+00,1.141225337982177734e+00,1.193935394287109375e+00,1.245977997779846191e+00,1.298282504081726074e+00,nan,1.398854374885559082e+00,1.447801589965820312e+00
3.804386854171752930e-01,4.393964707851409912e-01,4.978151023387908936e-01,5.561226606369018555e-01,6.143137216567993164e-01,6.717527508735656738e-01,7.156056165695190430e-01,7.594178318977355957e-01,8.150967359542846680e-01,8.704802393913269043e-01,9.256275892257690430e-01,9.808537960052490234e-01,1.035890579223632812e+00,1.090043425559997559e+00,1.143567323684692383e+00,1.196393370628356934e+00,1.248583316802978516e+00,1.301231861114501953e+00,1.352922320365905762e+00,1.402678608894348145e+00,1.451867699623107910e+00
3.815447390079498291e-01,nan,4.987564086914062500e-01,5.570688247680664062e-01,nan,6.599736809730529785e-01,7.048667073249816895e-01,7.609143257141113281e-01,8.166981935501098633e-01,8.722506165504455566e-01,9.275784492492675781e-01,9.825296998023986816e-01,1.037915945053100586e+00,1.092151284217834473e+00,1.145788431167602539e+00,1.198824286460876465e+00,1.251281738281250000e+00,1.303367018699645996e+00,1.356216311454772949e+00,1.406420350074768066e+00,1.455803275108337402e+00
3.825311362743377686e-01,4.411064088344573975e-01,4.996610283851623535e-01,5.579678416252136230e-01,6.158616542816162109e-01,nan,7.062461972236633301e-01,7.623787522315979004e-01,8.182949423789978027e-01,8.740111589431762695e-01,9.294093847274780273e-01,9.844555258750915527e-01,1.039919853210449219e+00,1.094231486320495605e+00,1.148029923439025879e+00,1.201282739639282227e+00,1.253971695899963379e+00,1.306218743324279785e+00,1.359099268913269043e+00,nan,1.459625840187072754e+00
3.834417760372161865e-01,nan,5.005247592926025391e-01,nan,6.057456731796264648e-01,6.511610746383666992e-01,7.076037526130676270e-01,7.638382315635681152e-01,8.198888301849365234e-01,8.756831288337707520e-01,9.311571121215820312e-01,9.863099455833435059e-01,1.041908621788024902e+00,1.096318006515502930e+00,1.150270700454711914e+00,1.203718423843383789e+00,1.256630063056945801e+00,1.308999776840209961e+00,1.361774682998657227e+00,1.413560748100280762e+00,1.463341593742370605e+00
3.842960596084594727e-01,4.428571164608001709e-01,5.013399124145507812e-01,5.594892501831054688e-01,5.957326889038085938e-01,6.524307727813720703e-01,7.089408636093139648e-01,7.652869224548339844e-01,8.214349746704101562e-01,8.772897720336914062e-01,9.328459501266479492e-01,9.880949258804321289e-01,1.043830275535583496e+00,1.098366975784301758e+00,1.152480363845825195e+00,1.206112027168273926e+00,1.259205460548400879e+00,1.311731338500976562e+00,nan,1.416804432868957520e+00,1.466924428939819336e+00
3.851033449172973633e-01,4.436601996421813965e-01,nan,nan,5.969218015670776367e-01,6.536750793457031250e-01,7.102685570716857910e-01,7.667215466499328613e-01,8.229176402091979980e-01,8.788425326347351074e-01,9.344823956489562988e-01,9.898288846015930176e-01,1.045664310455322266e+00,1.100381970405578613e+00,1.154637098312377930e+00,1.208429932594299316e+00,1.261701583862304688e+00,1.314405798912048340e+00,1.366741299629211426e+00,1.419914722442626953e+00,1.470380187034606934e+00
3.858683705329895020e-01,nan,nan,5.411036014556884766e-01,5.980864763259887695e-01,6.548962593078613281e-01,7.116060853004455566e-01,7.681045532226562500e-01,8.243561387062072754e-01,8.803495168685913086e-01,9.360826015472412109e-01,9.915433526039123535e-01,1.047239661216735840e+00,1.102329850196838379e+00,1.156728148460388184e+00,1.210672259330749512e+00,1.264115571975708008e+00,1.317006945610046387e+00,1.369443893432617188e+00,nan,1.473707199096679688e+00
3.865929841995239258e-01,nan,4.889236986637115479e-01,5.421907305717468262e-01,5.992107391357421875e-01,6.561333537101745605e-01,7.129011750221252441e-01,7.694435715675354004e-01,8.257549405097961426e-01,8.818385004997253418e-01,9.376611709594726562e-01,9.932103753089904785e-01,1.048972487449645996e+00,1.104185223579406738e+00,1.158751130104064941e+00,1.212841391563415527e+00,1.266450285911560059e+00,1.319528579711914062e+00,1.372095704078674316e+00,1.425183057785034180e+00,1.476906061172485352e+00
3.872755169868469238e-01,nan,4.860019981861114502e-01,5.432368516921997070e-01,6.003392338752746582e-01,6.573458909988403320e-01,7.141503691673278809e-01,7.707473039627075195e-01,8.271409273147583008e-01,8.832988142967224121e-01,9.392024278640747070e-01,9.948416948318481445e-01,nan,1.105769753456115723e+00,1.160706162452697754e+00,1.214941978454589844e+00,1.268711328506469727e+00,1.321970939636230469e+00,1.374704122543334961e+00,1.427885532379150391e+00,1.479983568191528320e+00
nan,nan,4.869856834411621094e-01,5.442632436752319336e-01,6.014667153358459473e-01,6.585112810134887695e-01,7.153654694557189941e-01,7.720353007316589355e-01,8.284932374954223633e-01,8.847237229347229004e-01,9.407097697257995605e-01,9.964359402656555176e-01,1.052096486091613770e+00,1.107506275177001953e+00,nan,1.216977596282958984e+00,1.270901799201965332e+00,1.324336647987365723e+00,1.377242803573608398e+00,1.429820895195007324e+00,nan
nan,4.304757714271545410e-01,4.879309237003326416e-01,5.452918410301208496e-01,6.025561094284057617e-01,6.596427559852600098e-01,7.165604233741760254e-01,7.732879519462585449e-01,8.298116922378540039e-01,8.861147761344909668e-01,9.421803355216979980e-01,9.979918003082275391e-01,1.053718090057373047e+00,nan,1.164183020591735840e+00,1.218948841094970703e+00,1.273023962974548340e+00,1.326624035835266113e+00,1.379694819450378418e+00,1.432274103164672852e+00,nan
