# 1st dimension: Re = np.logspace(np.log10(1.4e6), np.log10(1.05e7), 20); 2nd dimension: alpha = np.arange(-5., 5.5, .5)
nan,nan,nan,nan,nan,9.000658988952636719e-02,1.435825377702713013e-01,1.970732510089874268e-01,2.499319016933441162e-01,3.033156096935272217e-01,3.569219410419464111e-01,nan,nan,nan,nan,nan,nan,nan,nan,8.345434069633483887e-01,8.799130320549011230e-01
nan,nan,nan,nan,nan,8.869823068380355835e-02,1.438216418027877808e-01,1.974697858095169067e-01,2.503125369548797607e-01,3.036754131317138672e-01,3.570951819419860840e-01,4.107703864574432373e-01,4.648988246917724609e-01,5.193691849708557129e-01,5.741340517997741699e-01,6.270990967750549316e-01,nan,7.319766283035278320e-01,7.828147411346435547e-01,8.355695605278015137e-01,8.797261714935302734e-01
nan,nan,nan,nan,nan,8.942046016454696655e-02,1.424385905265808105e-01,1.975111812353134155e-01,2.507053017616271973e-01,nan,3.575068712234497070e-01,4.110411107540130615e-01,4.649991989135742188e-01,5.193986296653747559e-01,5.745470523834228516e-01,6.277415752410888672e-01,nan,7.321838140487670898e-01,7.838250398635864258e-01,8.365320563316345215e-01,nan
nan,nan,nan,nan,3.359315544366836548e-02,8.923976868391036987e-02,1.427444815635681152e-01,1.957842409610748291e-01,2.510901093482971191e-01,nan,3.579462170600891113e-01,nan,nan,nan,5.750552415847778320e-01,6.282538175582885742e-01,6.807557344436645508e-01,7.325178384780883789e-01,7.847922444343566895e-01,8.374384641647338867e-01,8.798792362213134766e-01
nan,nan,nan,nan,nan,nan,1.431502997875213623e-01,1.960666626691818237e-01,2.515255510807037354e-01,nan,3.583733439445495605e-01,nan,nan,nan,nan,nan,nan,nan,nan,nan,nan
nan,nan,nan,nan,nan,9.095671772956848145e-02,1.436265259981155396e-01,nan,2.498422265052795410e-01,3.051171600818634033e-01,3.587886691093444824e-01,4.124437272548675537e-01,4.662910699844360352e-01,5.199625492095947266e-01,5.758711695671081543e-01,nan,nan,7.335301041603088379e-01,7.866067290306091309e-01,8.391727209091186523e-01,8.819475173950195312e-01
nan,nan,nan,nan,nan,9.146142750978469849e-02,1.446997523307800293e-01,nan,2.500222623348236084e-01,nan,3.591660559177398682e-01,nan,nan,nan,nan,nan,nan,nan,nan,nan,nan
nan,nan,nan,nan,nan,9.183630347251892090e-02,1.450382620096206665e-01,1.972058117389678955e-01,nan,nan,3.595250546932220459e-01,nan,4.672379493713378906e-01,5.209168791770935059e-01,5.753962397575378418e-01,nan,nan,nan,7.882122993469238281e-01,nan,8.841143250465393066e-01
nan,nan,nan,nan,nan,9.215218573808670044e-02,1.453586220741271973e-01,1.975342035293579102e-01,2.506824731826782227e-01,3.038565218448638916e-01,3.572390973567962646e-01,nan,nan,nan,nan,nan,nan,nan,nan,nan,nan
nan,nan,nan,nan,nan,9.243163466453552246e-02,1.456462740898132324e-01,1.978541463613510132e-01,nan,3.042503893375396729e-01,3.576334416866302490e-01,nan,nan,nan,5.757749676704406738e-01,nan,nan,nan,7.896649241447448730e-01,8.359522819519042969e-01,8.860200643539428711e-01
nan,nan,nan,nan,nan,9.268596023321151733e-02,1.459189653396606445e-01,1.981644630432128906e-01,2.514209151268005371e-01,3.046678900718688965e-01,3.580353260040283203e-01,4.118101894855499268e-01,4.685329794883728027e-01,5.223889350891113281e-01,5.762215852737426758e-01,nan,6.835792660713195801e-01,7.371372580528259277e-01,nan,nan,8.869411945343017578e-01
nan,nan,nan,nan,nan,9.292277693748474121e-02,1.461799442768096924e-01,1.984653472900390625e-01,2.517640292644500732e-01,3.050707876682281494e-01,3.584369421005249023e-01,nan,nan,5.176243782043457031e-01,nan,6.242868304252624512e-01,6.772677898406982422e-01,nan,7.830890417098999023e-01,nan,8.790268301963806152e-01
nan,nan,nan,nan,nan,9.314696490764617920e-02,1.464268267154693604e-01,1.987579017877578735e-01,2.520946562290191650e-01,3.054477274417877197e-01,3.588333725929260254e-01,nan,nan,nan,nan,nan,nan,nan,nan,nan,nan
nan,nan,nan,nan,nan,9.336218982934951782e-02,1.466635465621948242e-01,1.990440487861633301e-01,2.524116933345794678e-01,3.058025538921356201e-01,3.595570325851440430e-01,nan,nan,nan,nan,nan,nan,nan,nan,nan,nan
nan,nan,nan,nan,nan,9.357006102800369263e-02,1.468931883573532104e-01,1.993222832679748535e-01,2.527152001857757568e-01,3.061452805995941162e-01,3.599402606487274170e-01,4.133709669113159180e-01,4.668760895729064941e-01,nan,nan,6.320721507072448730e-01,nan,nan,7.930040955543518066e-01,8.381418585777282715e-01,nan
nan,nan,nan,nan,nan,9.377171844244003296e-02,1.471126526594161987e-01,1.995945274829864502e-01,2.530103623867034912e-01,3.064772784709930420e-01,3.603130578994750977e-01,4.137459695339202881e-01,4.672576487064361572e-01,nan,5.786107182502746582e-01,6.325680017471313477e-01,6.864271759986877441e-01,7.402087450027465820e-01,nan,8.387745618820190430e-01,nan
nan,nan,nan,nan,nan,9.396416693925857544e-02,1.473247855901718140e-01,nan,2.532984614372253418e-01,3.067997097969055176e-01,3.606744408607482910e-01,4.141199290752410889e-01,4.676271975040435791e-01,nan,5.790526270866394043e-01,6.330516338348388672e-01,6.869518160820007324e-01,7.407604455947875977e-01,7.940433621406555176e-01,8.394474983215332031e-01,nan
nan,nan,nan,nan,4.053784534335136414e-02,9.415036439895629883e-02,1.475318074226379395e-01,2.006088495254516602e-01,2.535799443721771240e-01,3.071135282516479492e-01,3.610327243804931641e-01,nan,nan,nan,nan,nan,nan,nan,nan,nan,nan
nan,nan,nan,nan,4.081209003925323486e-02,9.433119744062423706e-02,1.477342098951339722e-01,2.009485960006713867e-01,2.538547217845916748e-01,3.074269890785217285e-01,3.613789379596710205e-01,4.109888970851898193e-01,4.639822542667388916e-01,5.205343961715698242e-01,5.742973089218139648e-01,6.278447508811950684e-01,6.812952756881713867e-01,7.345915436744689941e-01,7.822198867797851562e-01,8.326367139816284180e-01,8.849822878837585449e-01
nan,nan,nan,nan,4.101473465561866760e-02,9.450661391019821167e-02,1.479328721761703491e-01,2.012453824281692505e-01,2.541282773017883301e-01,3.077330887317657471e-01,3.617125451564788818e-01,4.152255952358245850e-01,4.687487483024597168e-01,5.233697891235351562e-01,5.803015232086181641e-01,nan,nan,7.422973513603210449e-01,7.904565930366516113e-01,8.415588736534118652e-01,8.945334553718566895e-01
