# 1st dimension: Re = np.logspace(np.log10(1.4e6), np.log10(1.05e7), 20); 2nd dimension: alpha = np.arange(-5., 5.5, .5)
nan,nan,nan,nan,nan,5.402286350727081299e-02,8.738375455141067505e-02,1.272836476564407349e-01,1.722652614116668701e-01,2.203762531280517578e-01,nan,3.172686696052551270e-01,3.653072118759155273e-01,4.122632443904876709e-01,4.585603475570678711e-01,4.989443719387054443e-01,nan,nan,4.077268242835998535e-01,4.530482888221740723e-01,4.979494512081146240e-01
nan,nan,nan,nan,nan,nan,-1.148936524987220764e-01,-7.772253453731536865e-02,-3.651269152760505676e-02,6.160042714327573776e-03,nan,3.219491541385650635e-01,3.707939982414245605e-01,4.191694557666778564e-01,4.666087925434112549e-01,5.126998424530029297e-01,nan,nan,nan,nan,nan
nan,nan,nan,-5.632814485579729080e-03,1.282824389636516571e-02,4.498063772916793823e-02,8.523533493280410767e-02,1.303834617137908936e-01,1.784717440605163574e-01,2.274513989686965942e-01,nan,3.261735141277313232e-01,3.756563365459442139e-01,4.247785508632659912e-01,4.731802046298980713e-01,5.212349295616149902e-01,5.671438574790954590e-01,nan,nan,nan,nan
nan,nan,nan,nan,-1.271179169416427612e-01,-6.344880163669586182e-02,-5.049434956163167953e-03,5.131672322750091553e-02,1.081525757908821106e-01,nan,nan,3.301110863685607910e-01,3.800436258316040039e-01,4.297691285610198975e-01,nan,5.280900001525878906e-01,5.757470130920410156e-01,6.219927668571472168e-01,nan,nan,nan
nan,nan,-3.743253275752067566e-02,-3.057469800114631653e-02,6.606670212931931019e-04,4.140575975179672241e-02,8.684986829757690430e-02,1.348648518323898315e-01,1.840443611145019531e-01,2.336651235818862915e-01,2.836017012596130371e-01,3.337533473968505859e-01,3.840566277503967285e-01,4.342661201953887939e-01,4.843045473098754883e-01,5.337980389595031738e-01,5.824182033538818359e-01,6.306939125061035156e-01,6.756488680839538574e-01,nan,nan
nan,nan,-6.191743537783622742e-02,-3.885088488459587097e-02,-2.342422027140855789e-03,4.160234704613685608e-02,8.834042400121688843e-02,1.371708363294601440e-01,1.866197288036346436e-01,2.364998012781143188e-01,2.867038249969482422e-01,2.792870104312896729e-01,3.352524936199188232e-01,3.907715678215026855e-01,4.457263350486755371e-01,4.997974932193756104e-01,5.537853837013244629e-01,6.068401336669921875e-01,6.622509360313415527e-01,nan,nan
nan,nan,-7.531741261482238770e-02,-4.461377114057540894e-02,-3.322890726849436760e-03,4.234699159860610962e-02,9.024342894554138184e-02,1.393853276968002319e-01,1.890711337327957153e-01,2.391810864210128784e-01,2.896213531494140625e-01,2.804395258426666260e-01,3.366411030292510986e-01,3.925211131572723389e-01,4.479017555713653564e-01,5.026815533638000488e-01,5.566685795783996582e-01,6.097040176391601562e-01,6.636241674423217773e-01,7.210217714309692383e-01,nan
-8.818984031677246094e-03,-9.470456093549728394e-02,-8.435130119323730469e-02,-4.746284335851669312e-02,-3.254944225773215294e-03,4.346739873290061951e-02,9.213992208242416382e-02,1.415114253759384155e-01,1.914093345403671265e-01,2.417274564504623413e-01,2.923785150051116943e-01,3.432439863681793213e-01,3.942121565341949463e-01,4.451858997344970703e-01,4.960409700870513916e-01,5.466244220733642578e-01,5.967554450035095215e-01,6.462159156799316406e-01,6.959604024887084961e-01,7.439770698547363281e-01,nan
nan,-1.198894381523132324e-01,-9.001186490058898926e-02,-4.835040494799613953e-02,-2.705634338781237602e-03,4.504334554076194763e-02,9.397839009761810303e-02,1.435540765523910522e-01,1.936459094285964966e-01,2.441432476043701172e-01,2.949077785015106201e-01,nan,3.968841135501861572e-01,4.479008018970489502e-01,4.987988471984863281e-01,5.494801998138427734e-01,5.997859835624694824e-01,6.499999165534973145e-01,6.986631751060485840e-01,7.426224946975708008e-01,nan
nan,-1.296402215957641602e-01,-9.251399338245391846e-02,-4.833422601222991943e-02,-1.742686494253575802e-03,4.662016779184341431e-02,9.575940668582916260e-02,1.455194503068923950e-01,1.957403719425201416e-01,nan,nan,3.480526804924011230e-01,3.990775048732757568e-01,4.500957727432250977e-01,5.009714961051940918e-01,5.516604781150817871e-01,6.018556356430053711e-01,6.502767205238342285e-01,6.933486461639404297e-01,nan,nan
-1.602034270763397217e-01,-1.347329616546630859e-01,-9.321973472833633423e-02,-4.789319261908531189e-02,-4.126285784877836704e-04,4.814584553241729736e-02,9.741672873497009277e-02,1.472439020872116089e-01,1.975013911724090576e-01,2.480816394090652466e-01,2.988902032375335693e-01,3.498294353485107422e-01,4.007866382598876953e-01,4.516247212886810303e-01,5.021843910217285156e-01,5.519171953201293945e-01,5.987588763236999512e-01,6.417273283004760742e-01,nan,nan,nan
-1.729132682085037231e-01,-1.366928666830062866e-01,-9.321428835391998291e-02,-4.699887707829475403e-02,7.487352122552692890e-04,4.940011724829673767e-02,9.874609112739562988e-02,1.486276984214782715e-01,1.989154070615768433e-01,2.494939863681793213e-01,3.002482354640960693e-01,nan,nan,3.990247845649719238e-01,4.557024836540222168e-01,5.111523866653442383e-01,5.636841058731079102e-01,6.208125948905944824e-01,nan,nan,nan
-1.775381118059158325e-01,-1.371034085750579834e-01,-9.282331168651580811e-02,-4.624788463115692139e-02,1.590617932379245758e-03,5.033485963940620422e-02,9.974654018878936768e-02,1.496560275554656982e-01,1.999170333147048950e-01,2.503692507743835449e-01,3.007498681545257568e-01,3.501937091350555420e-01,3.977575600147247314e-01,4.444518685340881348e-01,4.906980991363525391e-01,5.361515879631042480e-01,5.800642371177673340e-01,nan,nan,nan,nan
-1.789762377738952637e-01,-1.369736045598983765e-01,-9.237767010927200317e-02,-4.583845660090446472e-02,2.086454769596457481e-03,5.089612677693367004e-02,1.003160029649734497e-01,1.501316428184509277e-01,2.000656574964523315e-01,2.493054568767547607e-01,2.956621646881103516e-01,3.422946035861968994e-01,3.894903957843780518e-01,4.364897012710571289e-01,4.833455681800842285e-01,5.299265384674072266e-01,5.749177932739257812e-01,nan,nan,nan,nan
-1.791033595800399780e-01,-1.364195644855499268e-01,-9.230127185583114624e-02,-4.583976417779922485e-02,2.076135715469717979e-03,5.078312754631042480e-02,9.982741624116897583e-02,1.481254696846008301e-01,1.934544146060943604e-01,2.392315566539764404e-01,2.868950366973876953e-01,2.922405898571014404e-01,3.471939563751220703e-01,4.006978571414947510e-01,4.532684087753295898e-01,5.057911276817321777e-01,5.616724491119384766e-01,nan,nan,nan,nan
-1.787747740745544434e-01,-1.355449110269546509e-01,-9.272745996713638306e-02,-4.679954424500465393e-02,1.233802031492814422e-04,4.608995094895362854e-02,8.994617313146591187e-02,1.358670741319656372e-01,1.835190504789352417e-01,2.317422777414321899e-01,2.802968025207519531e-01,3.292624652385711670e-01,3.786586225032806396e-01,4.284162521362304688e-01,4.783746302127838135e-01,5.282438993453979492e-01,5.773172378540039062e-01,nan,nan,nan,nan
nan,-1.346307843923568726e-01,-9.502243995666503906e-02,-5.754493549466133118e-02,-1.424366701394319534e-02,3.195534646511077881e-02,7.980946451425552368e-02,1.283021867275238037e-01,1.772503107786178589e-01,2.266821414232254028e-01,2.765904366970062256e-01,nan,nan,4.285940825939178467e-01,4.796483814716339111e-01,5.305819511413574219e-01,5.809429883956909180e-01,6.293302178382873535e-01,nan,nan,nan
nan,-1.336813122034072876e-01,-1.103894338011741638e-01,-7.097029685974121094e-02,-2.354245632886886597e-02,2.497368864715099335e-02,7.412734627723693848e-02,1.238158568739891052e-01,1.739910989999771118e-01,2.246109247207641602e-01,2.756170332431793213e-01,nan,nan,nan,nan,nan,5.845621228218078613e-01,6.348316669464111328e-01,nan,nan,nan
-1.720837056636810303e-01,nan,-1.230700463056564331e-01,-7.704897969961166382e-02,-2.825224772095680237e-02,2.136821299791336060e-02,7.155142724514007568e-02,1.221964135766029358e-01,1.732433289289474487e-01,2.246370911598205566e-01,2.763161659240722656e-01,3.282142877578735352e-01,3.802585899829864502e-01,4.323435723781585693e-01,4.844269156455993652e-01,5.364453196525573730e-01,5.879123806953430176e-01,6.387274861335754395e-01,6.878969073295593262e-01,nan,nan
-1.696981936693191528e-01,-1.317466646432876587e-01,-1.280172914266586304e-01,-7.971473783254623413e-02,-3.001600503921508789e-02,2.033174969255924225e-02,7.115424424409866333e-02,1.223688274621963501e-01,1.739187687635421753e-01,2.257488071918487549e-01,2.778012752532958984e-01,nan,nan,4.347659349441528320e-01,4.869429469108581543e-01,5.389699339866638184e-01,5.908023118972778320e-01,6.422331929206848145e-01,6.928084492683410645e-01,7.386708259582519531e-01,nan
