# 1st dimension: Re = np.logspace(np.log10(1.4e6), np.log10(1.05e7), 20); 2nd dimension: alpha = np.arange(-5., 5.5, .5)
nan,nan,nan,4.346695542335510254e-01,nan,5.457044839859008789e-01,6.009485721588134766e-01,6.561648249626159668e-01,7.108840942382812500e-01,7.648718953132629395e-01,8.178200125694274902e-01,8.683780431747436523e-01,9.070887565612792969e-01,9.111114144325256348e-01,9.464626312255859375e-01,9.953580498695373535e-01,1.041243910789489746e+00,1.085672497749328613e+00,1.126333832740783691e+00,1.154293060302734375e+00,1.199611306190490723e+00
nan,nan,nan,4.362206161022186279e-01,4.920229613780975342e-01,5.477749109268188477e-01,6.032854318618774414e-01,6.586040854454040527e-01,7.134273648262023926e-01,7.674403190612792969e-01,8.196899890899658203e-01,8.624933362007141113e-01,8.823326230049133301e-01,9.070707559585571289e-01,9.502218365669250488e-01,1.001767158508300781e+00,nan,1.092487692832946777e+00,1.133265733718872070e+00,1.148370385169982910e+00,1.174756050109863281e+00
nan,nan,nan,4.378337860107421875e-01,4.938761591911315918e-01,5.498552322387695312e-01,6.055981516838073730e-01,6.608980894088745117e-01,7.157029509544372559e-01,7.691821455955505371e-01,8.149589896202087402e-01,8.477361798286437988e-01,8.699949383735656738e-01,nan,9.518466591835021973e-01,1.008005380630493164e+00,1.054208636283874512e+00,nan,1.137126684188842773e+00,1.140251040458679199e+00,1.156136989593505859e+00
nan,nan,nan,4.394977390766143799e-01,4.957231879234313965e-01,5.518647432327270508e-01,6.077135801315307617e-01,6.629373431205749512e-01,7.173108458518981934e-01,7.655359506607055664e-01,8.022496104240417480e-01,8.443618416786193848e-01,8.768667578697204590e-01,9.156242012977600098e-01,9.415124654769897461e-01,1.013994455337524414e+00,1.060038924217224121e+00,1.103421568870544434e+00,1.132007360458374023e+00,1.128773927688598633e+00,1.150614261627197266e+00
nan,nan,nan,4.411351680755615234e-01,4.975086152553558350e-01,5.537160038948059082e-01,6.095334291458129883e-01,6.645345687866210938e-01,7.146357893943786621e-01,7.541400790214538574e-01,7.998622655868530273e-01,8.489613533020019531e-01,8.903424739837646484e-01,9.126653671264648438e-01,9.234781265258789062e-01,9.570050835609436035e-01,nan,1.103433609008789062e+00,nan,1.123940229415893555e+00,1.154467344284057617e+00
3.188269734382629395e-01,3.671047091484069824e-01,4.213654100894927979e-01,4.426792860031127930e-01,4.991647899150848389e-01,5.553243160247802734e-01,6.108978390693664551e-01,6.628963947296142578e-01,7.042005062103271484e-01,7.522088289260864258e-01,8.031196594238281250e-01,8.615004420280456543e-01,9.074093103408813477e-01,9.043629765510559082e-01,9.420199394226074219e-01,1.065310835838317871e+00,1.085281491279602051e+00,1.102019190788269043e+00,nan,1.141502022743225098e+00,1.182083725929260254e+00
nan,nan,nan,4.440892636775970459e-01,5.005975365638732910e-01,nan,6.102536916732788086e-01,6.530349850654602051e-01,7.025742530822753906e-01,7.546068429946899414e-01,8.069340586662292480e-01,nan,8.750438094139099121e-01,8.805590271949768066e-01,9.233306050300598145e-01,nan,1.062062978744506836e+00,1.080069184303283691e+00,1.089099168777465820e+00,1.127959847450256348e+00,nan
nan,nan,3.894891142845153809e-01,4.453047215938568115e-01,nan,5.567243695259094238e-01,6.009181737899780273e-01,6.511591672897338867e-01,7.042623758316040039e-01,7.577893137931823730e-01,8.105118274688720703e-01,8.597738146781921387e-01,8.477907180786132812e-01,8.833540081977844238e-01,9.279001355171203613e-01,nan,1.049898266792297363e+00,1.075784206390380859e+00,1.090822935104370117e+00,1.133747935295104980e+00,1.177284121513366699e+00
nan,nan,nan,nan,5.022060275077819824e-01,5.484118461608886719e-01,5.985720157623291016e-01,6.524325609207153320e-01,7.067450284957885742e-01,7.605149745941162109e-01,8.132974505424499512e-01,8.447879552841186523e-01,8.444323539733886719e-01,nan,9.317755103111267090e-01,9.850338101387023926e-01,1.043282270431518555e+00,1.078654885292053223e+00,1.094902276992797852e+00,1.139197945594787598e+00,1.183338403701782227e+00
nan,3.340335488319396973e-01,nan,4.468534588813781738e-01,4.960926473140716553e-01,5.450376272201538086e-01,5.995404720306396484e-01,6.544557809829711914e-01,7.089582681655883789e-01,7.626362442970275879e-01,8.124907612800598145e-01,8.127490282058715820e-01,nan,8.898574709892272949e-01,nan,9.240868687629699707e-01,1.044549703598022461e+00,1.083657383918762207e+00,1.100377559661865234e+00,1.144344210624694824e+00,1.188511610031127930e+00
2.779727876186370850e-01,3.344106078147888184e-01,3.910626769065856934e-01,4.443803429603576660e-01,4.908496737480163574e-01,5.457573533058166504e-01,6.011595726013183594e-01,6.562241911888122559e-01,7.104988098144531250e-01,7.610090374946594238e-01,7.977615594863891602e-01,8.128198385238647461e-01,8.463020324707031250e-01,8.713104724884033203e-01,8.986210823059082031e-01,9.947311282157897949e-01,1.047316551208496094e+00,1.091129064559936523e+00,1.106102824211120605e+00,1.149191379547119141e+00,1.192474126815795898e+00
2.779257297515869141e-01,3.348536491394042969e-01,3.910511136054992676e-01,4.364223182201385498e-01,4.912032485008239746e-01,5.470234155654907227e-01,6.025381088256835938e-01,6.571335196495056152e-01,7.067510485649108887e-01,7.516411542892456055e-01,7.937866449356079102e-01,nan,8.189826607704162598e-01,8.601354360580444336e-01,nan,9.062229990959167480e-01,1.052431225776672363e+00,nan,1.138852596282958984e+00,nan,1.188714504241943359e+00
2.782583236694335938e-01,3.351427614688873291e-01,3.834831714630126953e-01,4.360260963439941406e-01,4.921768009662628174e-01,5.480443239212036133e-01,6.027121543884277344e-01,6.516630053520202637e-01,6.988961100578308105e-01,7.483328580856323242e-01,7.955611348152160645e-01,7.821003198623657227e-01,nan,8.535451889038085938e-01,nan,7.438474297523498535e-01,7.800388336181640625e-01,8.218117356300354004e-01,9.216797351837158203e-01,9.693689942359924316e-01,1.012145042419433594e+00
2.785789668560028076e-01,nan,3.806464672088623047e-01,4.367669522762298584e-01,4.928855597972869873e-01,5.474587082862854004e-01,5.960720181465148926e-01,6.456495523452758789e-01,6.978328824043273926e-01,7.497812509536743164e-01,7.868959903717041016e-01,7.753652334213256836e-01,8.042566180229187012e-01,8.359690308570861816e-01,8.459454774856567383e-01,8.839993476867675781e-01,9.828582406044006348e-01,nan,1.150558471679687500e+00,1.142600178718566895e+00,1.162905097007751465e+00
2.787452042102813721e-01,3.260474801063537598e-01,3.809846639633178711e-01,nan,4.905869364738464355e-01,5.402604341506958008e-01,5.919779539108276367e-01,6.456723213195800781e-01,6.995764970779418945e-01,7.513301968574523926e-01,7.483271360397338867e-01,7.554812431335449219e-01,7.933468222618103027e-01,8.322529196739196777e-01,8.474796414375305176e-01,8.875139951705932617e-01,9.837265610694885254e-01,1.114106774330139160e+00,1.137133717536926270e+00,1.129572868347167969e+00,1.165259122848510742e+00
2.775562703609466553e-01,3.251269459724426270e-01,3.811240792274475098e-01,4.337846934795379639e-01,4.844550490379333496e-01,5.378397107124328613e-01,5.926104187965393066e-01,6.473609805107116699e-01,7.014473676681518555e-01,7.337324023246765137e-01,7.211931347846984863e-01,7.522524595260620117e-01,7.955181002616882324e-01,nan,nan,nan,9.711717367172241211e-01,1.031398534774780273e+00,1.094791889190673828e+00,1.128624558448791504e+00,1.166822433471679688e+00
2.701781094074249268e-01,3.247714042663574219e-01,3.771228790283203125e-01,4.287143945693969727e-01,4.832053184509277344e-01,5.386893749237060547e-01,5.940375924110412598e-01,nan,7.028699517250061035e-01,7.158488631248474121e-01,7.133497595787048340e-01,7.573667764663696289e-01,nan,7.573696374893188477e-01,7.925717830657958984e-01,7.035541534423828125e-01,7.481487393379211426e-01,7.929785847663879395e-01,8.781304359436035156e-01,9.261901378631591797e-01,9.931108355522155762e-01
2.692692577838897705e-01,3.205859065055847168e-01,3.729419410228729248e-01,4.281283915042877197e-01,4.840632081031799316e-01,nan,nan,6.505431532859802246e-01,nan,7.026771903038024902e-01,nan,7.106496691703796387e-01,7.229110598564147949e-01,7.590305209159851074e-01,7.931832671165466309e-01,7.024382948875427246e-01,7.470981478691101074e-01,7.924152612686157227e-01,8.767214417457580566e-01,9.242401719093322754e-01,9.809397459030151367e-01
2.653705775737762451e-01,3.170329928398132324e-01,3.727220296859741211e-01,4.289312958717346191e-01,nan,5.410179495811462402e-01,5.970766544342041016e-01,nan,nan,6.327816247940063477e-01,6.734611392021179199e-01,7.123079895973205566e-01,7.233983278274536133e-01,7.595023512840270996e-01,7.952083349227905273e-01,7.019742727279663086e-01,7.473788261413574219e-01,7.932605743408203125e-01,8.773580789566040039e-01,9.249271154403686523e-01,9.738648533821105957e-01
2.609615027904510498e-01,3.169637322425842285e-01,nan,nan,nan,nan,5.349252223968505859e-01,5.808143615722656250e-01,5.948317050933837891e-01,6.342043280601501465e-01,6.746517419815063477e-01,7.144179344177246094e-01,7.507888078689575195e-01,7.632247209548950195e-01,8.007938861846923828e-01,nan,7.485163211822509766e-01,7.945786118507385254e-01,9.938163161277770996e-01,1.051774144172668457e+00,1.114708900451660156e+00
