# 1st dimension: Re = np.logspace(np.log10(1.4e6), np.log10(1.05e7), 20); 2nd dimension: alpha = np.arange(-5., 5.5, .5)
-3.377141058444976807e-01,-2.814393937587738037e-01,-2.276739180088043213e-01,-1.736493110656738281e-01,-1.170617863535881042e-01,-6.527723371982574463e-02,-1.269748713821172714e-02,3.985125944018363953e-02,9.406885504722595215e-02,1.481449902057647705e-01,2.035021632909774780e-01,2.592788636684417725e-01,3.138704895973205566e-01,3.693675696849822998e-01,4.244502186775207520e-01,4.790688455104827881e-01,5.340994000434875488e-01,5.879595875740051270e-01,6.423612833023071289e-01,6.932397484779357910e-01,nan
-3.384062945842742920e-01,nan,-2.305478006601333618e-01,-1.739836633205413818e-01,-1.175469532608985901e-01,-6.773850321769714355e-02,nan,3.828284144401550293e-02,9.297958761453628540e-02,1.487399488687515259e-01,2.047736346721649170e-01,2.607896625995635986e-01,3.158549070358276367e-01,3.703763484954833984e-01,4.257712960243225098e-01,4.808061122894287109e-01,5.352675318717956543e-01,5.891355276107788086e-01,6.439970135688781738e-01,6.956344246864318848e-01,nan
-3.390135169029235840e-01,-2.829418182373046875e-01,-2.313080430030822754e-01,-1.744493544101715088e-01,-1.233943328261375427e-01,-6.942709535360336304e-02,-1.775156706571578979e-02,3.715024888515472412e-02,9.306939691305160522e-02,1.492652893066406250e-01,2.054201215505599976e-01,2.614769637584686279e-01,3.172449767589569092e-01,3.711281120777130127e-01,4.269576370716094971e-01,4.820521175861358643e-01,5.370423793792724609e-01,5.904962420463562012e-01,6.437230706214904785e-01,6.976301074028015137e-01,nan
-3.396084308624267578e-01,-2.857592403888702393e-01,-2.317039668560028076e-01,-1.787418276071548462e-01,-1.260486692190170288e-01,-7.372140884399414062e-02,-1.873907260596752167e-02,3.727868199348449707e-02,9.355895966291427612e-02,1.498305052518844604e-01,2.060533016920089722e-01,2.614320516586303711e-01,3.172018826007843018e-01,3.736853301525115967e-01,4.276958405971527100e-01,4.833978712558746338e-01,nan,5.913826227188110352e-01,6.447806358337402344e-01,6.991288661956787109e-01,nan
-3.402673602104187012e-01,-2.867898046970367432e-01,nan,-1.820555478334426880e-01,-1.300503611564636230e-01,-7.476111501455307007e-02,-1.869899034500122070e-02,3.765512257814407349e-02,9.402199834585189819e-02,1.503597199916839600e-01,2.059855908155441284e-01,2.620255053043365479e-01,3.179103732109069824e-01,3.736245930194854736e-01,nan,4.832043349742889404e-01,5.385149717330932617e-01,5.928536057472229004e-01,6.458889245986938477e-01,7.005438804626464844e-01,nan
-3.415573239326477051e-01,-2.873528599739074707e-01,-2.361307889223098755e-01,-1.855681836605072021e-01,-1.311659663915634155e-01,-7.487715780735015869e-02,-1.850974000990390778e-02,3.796694055199623108e-02,9.440941363573074341e-02,1.502464562654495239e-01,2.064478695392608643e-01,2.625808417797088623e-01,3.185436725616455078e-01,3.743899464607238770e-01,4.300027489662170410e-01,nan,5.394742488861083984e-01,5.941966176033020020e-01,6.476132869720458984e-01,nan,nan
-3.438910841941833496e-01,-2.908967435359954834e-01,-2.381990849971771240e-01,-1.868800520896911621e-01,-1.313291341066360474e-01,-7.486376911401748657e-02,-1.832463964819908142e-02,3.822341561317443848e-02,9.426049143075942993e-02,1.506077349185943604e-01,2.069050669670104980e-01,2.631156146526336670e-01,3.191219270229339600e-01,3.750189542770385742e-01,4.307873249053955078e-01,4.862702190876007080e-01,nan,5.955379009246826172e-01,6.489087343215942383e-01,nan,nan
-3.445319235324859619e-01,-2.944621741771697998e-01,-2.415968179702758789e-01,-1.878116726875305176e-01,-1.314225345849990845e-01,-7.477903366088867188e-02,-1.816688850522041321e-02,3.805984929203987122e-02,9.453465789556503296e-02,1.509786248207092285e-01,2.073599547147750854e-01,2.636658549308776855e-01,3.197432160377502441e-01,3.756564855575561523e-01,4.314860403537750244e-01,4.871236383914947510e-01,5.424183607101440430e-01,5.964819788932800293e-01,6.504222154617309570e-01,nan,nan
-3.492386639118194580e-01,-2.977348864078521729e-01,-2.424549758434295654e-01,-1.879152357578277588e-01,-1.313845813274383545e-01,-7.469683885574340820e-02,-1.833631470799446106e-02,3.825275599956512451e-02,9.482674300670623779e-02,1.513584703207015991e-01,2.078274935483932495e-01,2.648338079452514648e-01,3.208975791931152344e-01,3.763275146484375000e-01,4.321927130222320557e-01,4.879181385040283203e-01,5.433842539787292480e-01,nan,nan,7.066052556037902832e-01,nan
nan,-2.981589436531066895e-01,-2.426681220531463623e-01,-1.869655698537826538e-01,-1.313399523496627808e-01,-7.458847761154174805e-02,-1.820777915418148041e-02,3.847886994481086731e-02,9.514103829860687256e-02,1.517483294010162354e-01,2.090368121862411499e-01,2.653109431266784668e-01,3.214421272277832031e-01,3.774374425411224365e-01,nan,4.886732697486877441e-01,5.443004369735717773e-01,5.996173024177551270e-01,6.535369753837585449e-01,nan,7.626054286956787109e-01
-3.543235361576080322e-01,-2.988617718219757080e-01,-2.428376227617263794e-01,-1.866941004991531372e-01,-1.312761306762695312e-01,-7.476705312728881836e-02,-1.804657652974128723e-02,3.872635215520858765e-02,9.546051174402236938e-02,1.521400213241577148e-01,2.094394266605377197e-01,2.657698392868041992e-01,3.219514787197113037e-01,3.780143260955810547e-01,4.339516460895538330e-01,4.897531867027282715e-01,5.451142787933349609e-01,6.006124615669250488e-01,6.546568274497985840e-01,7.094789743423461914e-01,7.639631628990173340e-01
-3.545634150505065918e-01,-2.990185320377349854e-01,-2.428731173276901245e-01,-1.865231841802597046e-01,-1.313712298870086670e-01,-7.465408742427825928e-02,-1.786711998283863068e-02,3.898185119032859802e-02,9.578441828489303589e-02,1.533406376838684082e-01,2.098225802183151245e-01,2.662040293216705322e-01,3.224446773529052734e-01,3.785715699195861816e-01,4.345775246620178223e-01,4.904488027095794678e-01,5.461695194244384766e-01,6.014900207519531250e-01,6.556311845779418945e-01,7.109279632568359375e-01,7.655801177024841309e-01
-3.553381264209747314e-01,-2.991356253623962402e-01,-2.428828626871109009e-01,-1.864729225635528564e-01,-1.303139775991439819e-01,-7.449947297573089600e-02,-1.766336895525455475e-02,3.923613205552101135e-02,9.703817218542098999e-02,1.536546051502227783e-01,2.101928442716598511e-01,2.666300833225250244e-01,3.229240477085113525e-01,3.791098296642303467e-01,4.351796507835388184e-01,4.911217987537384033e-01,5.469250679016113281e-01,nan,6.578099131584167480e-01,7.120668292045593262e-01,7.668796777725219727e-01
-3.556662797927856445e-01,-2.992342114448547363e-01,-2.428711801767349243e-01,-1.866652816534042358e-01,-1.299739181995391846e-01,-7.342524081468582153e-02,-1.743713952600955963e-02,4.055638611316680908e-02,9.729337692260742188e-02,1.539679765701293945e-01,2.105582952499389648e-01,2.670409977436065674e-01,3.233909606933593750e-01,3.796338140964508057e-01,4.357720017433166504e-01,4.917884469032287598e-01,5.476593375205993652e-01,6.033713221549987793e-01,6.588007211685180664e-01,7.130613923072814941e-01,7.682146430015563965e-01
-3.559497594833374023e-01,-2.993578314781188965e-01,nan,-1.866804063320159912e-01,-1.298479437828063965e-01,-7.295959442853927612e-02,-1.607713103294372559e-02,4.076267033815383911e-02,9.755335748195648193e-02,1.542756259441375732e-01,2.109093815088272095e-01,2.674354612827301025e-01,3.238406777381896973e-01,3.801554143428802490e-01,4.363596439361572266e-01,4.924375712871551514e-01,5.483782887458801270e-01,6.041640043258666992e-01,6.598460674285888672e-01,nan,nan
-3.561669588088989258e-01,-2.994925379753112793e-01,-2.430022805929183960e-01,-1.866655349731445312e-01,-1.297600865364074707e-01,-7.283227145671844482e-02,-1.591638289391994476e-02,4.097197204828262329e-02,9.780728816986083984e-02,1.545724570751190186e-01,2.112454026937484741e-01,2.678153216838836670e-01,3.242889344692230225e-01,3.806641697883605957e-01,4.369302988052368164e-01,4.930742979049682617e-01,5.490800738334655762e-01,6.049377918243408203e-01,6.606765389442443848e-01,nan,7.703158259391784668e-01
-3.563646972179412842e-01,nan,-2.430425435304641724e-01,-1.865727901458740234e-01,-1.296756267547607422e-01,-7.271277904510498047e-02,-1.575180701911449432e-02,4.117700830101966858e-02,9.805429726839065552e-02,1.548564285039901733e-01,2.115685343742370605e-01,2.681947946548461914e-01,3.247246444225311279e-01,3.811590075492858887e-01,4.374865591526031494e-01,4.936932325363159180e-01,5.497655272483825684e-01,6.056932210922241211e-01,6.614877581596374512e-01,7.170633673667907715e-01,nan
-3.565532863140106201e-01,-2.997666001319885254e-01,-2.431061416864395142e-01,-1.864434778690338135e-01,-1.295876502990722656e-01,-7.258682698011398315e-02,-1.558914221823215485e-02,4.137820750474929810e-02,9.828980267047882080e-02,1.551286429166793823e-01,2.118880301713943481e-01,2.685630619525909424e-01,3.251485526561737061e-01,3.816409111022949219e-01,4.380275607109069824e-01,4.942956566810607910e-01,5.504328012466430664e-01,6.064299941062927246e-01,nan,7.179282903671264648e-01,7.732889652252197266e-01
-3.567311763763427734e-01,-3.000365793704986572e-01,-2.431745976209640503e-01,-1.863373816013336182e-01,-1.295014023780822754e-01,-7.246515899896621704e-02,-1.543207094073295593e-02,4.156830534338951111e-02,9.851589798927307129e-02,1.553940474987030029e-01,2.121963500976562500e-01,2.689221203327178955e-01,3.255620300769805908e-01,3.821097016334533691e-01,4.385538399219512939e-01,4.948821067810058594e-01,5.510824322700500488e-01,6.071467995643615723e-01,6.630536317825317383e-01,7.187720537185668945e-01,7.742161750793457031e-01
-3.568944931030273438e-01,-3.001870810985565186e-01,-2.432269901037216187e-01,-1.862826198339462280e-01,-1.294217556715011597e-01,-7.235125452280044556e-02,-1.528621371835470200e-02,4.174977913498878479e-02,9.873171150684356689e-02,1.556481570005416870e-01,2.124966233968734741e-01,2.692722380161285400e-01,3.259646892547607422e-01,3.825663030147552490e-01,4.390663206577301025e-01,4.954530000686645508e-01,5.517148375511169434e-01,6.078442931175231934e-01,6.638075709342956543e-01,7.195960283279418945e-01,7.751153707504272461e-01
