# 1st dimension: Re = np.logspace(np.log10(1.4e6), np.log10(1.05e7), 20); 2nd dimension: alpha = np.arange(-5., 5.5, .5)
-9.657283872365951538e-02,-4.251797869801521301e-02,9.686677716672420502e-03,6.201310083270072937e-02,1.152069568634033203e-01,1.623624712228775024e-01,2.162588238716125488e-01,2.709283828735351562e-01,3.254825472831726074e-01,3.800289034843444824e-01,nan,4.877963364124298096e-01,5.417696833610534668e-01,5.953199267387390137e-01,6.485524773597717285e-01,7.015397548675537109e-01,7.540817856788635254e-01,8.058329820632934570e-01,8.491358160972595215e-01,8.977752327919006348e-01,9.404966831207275391e-01
nan,nan,9.087168611586093903e-03,6.227648258209228516e-02,1.126457676291465759e-01,1.610127687454223633e-01,2.155039310455322266e-01,2.705782949924468994e-01,3.261256814002990723e-01,3.809787333011627197e-01,4.356079399585723877e-01,nan,nan,nan,nan,nan,nan,nan,nan,nan,nan
nan,-4.551044479012489319e-02,7.125417236238718033e-03,5.812108144164085388e-02,1.066504418849945068e-01,1.609406471252441406e-01,2.161430716514587402e-01,nan,3.273033201694488525e-01,3.823010623455047607e-01,4.370367228984832764e-01,nan,nan,nan,nan,nan,nan,nan,nan,nan,nan
nan,nan,6.775547750294208527e-03,nan,nan,nan,nan,nan,3.284606635570526123e-01,3.835864365100860596e-01,4.384025931358337402e-01,nan,nan,nan,nan,nan,nan,nan,nan,nan,nan
nan,nan,nan,5.148487538099288940e-02,1.064695119857788086e-01,1.621896028518676758e-01,2.179373651742935181e-01,2.736047804355621338e-01,3.295876979827880859e-01,3.848049044609069824e-01,4.397253990173339844e-01,4.946646988391876221e-01,5.483256578445434570e-01,5.991263389587402344e-01,6.510570049285888672e-01,7.028522491455078125e-01,7.545344233512878418e-01,8.059583902359008789e-01,8.534651398658752441e-01,9.021356701850891113e-01,nan
nan,nan,nan,nan,nan,nan,nan,nan,nan,3.859346807003021240e-01,4.373815953731536865e-01,4.923536479473114014e-01,5.461982488632202148e-01,5.988171100616455078e-01,6.521263122558593750e-01,7.047103643417358398e-01,7.569171786308288574e-01,8.056290149688720703e-01,8.559744954109191895e-01,9.050267934799194336e-01,nan
nan,nan,nan,nan,nan,nan,nan,nan,3.316875100135803223e-01,3.840765953063964844e-01,4.380179643630981445e-01,4.927978813648223877e-01,5.471327900886535645e-01,6.004945635795593262e-01,6.537736058235168457e-01,7.068353891372680664e-01,7.569526433944702148e-01,8.079422116279602051e-01,8.584711551666259766e-01,9.080042243003845215e-01,nan
nan,nan,nan,nan,nan,nan,nan,nan,nan,nan,nan,4.933394193649291992e-01,5.476428866386413574e-01,6.015389561653137207e-01,6.548038125038146973e-01,7.064093947410583496e-01,7.586120367050170898e-01,8.102389574050903320e-01,8.611842393875122070e-01,9.117803573608398438e-01,nan
nan,nan,nan,nan,nan,nan,nan,2.778486311435699463e-01,3.302667140960693359e-01,3.853493928909301758e-01,4.403196871280670166e-01,4.952777326107025146e-01,5.498858094215393066e-01,6.041859984397888184e-01,6.559328436851501465e-01,7.087537050247192383e-01,7.612128257751464844e-01,8.127329349517822266e-01,8.634536266326904297e-01,9.140386581420898438e-01,9.635461568832397461e-01
nan,nan,nan,nan,nan,nan,2.226875126361846924e-01,2.760187387466430664e-01,3.311002552509307861e-01,3.864116370677947998e-01,4.405141472816467285e-01,nan,5.500367879867553711e-01,6.042099595069885254e-01,6.578460335731506348e-01,7.105847597122192383e-01,7.632592916488647461e-01,8.149599432945251465e-01,8.661465048789978027e-01,9.169802069664001465e-01,9.670847058296203613e-01
nan,nan,nan,nan,nan,nan,2.214594185352325439e-01,2.764398157596588135e-01,3.320082128047943115e-01,3.875492215156555176e-01,4.416879415512084961e-01,4.967254996299743652e-01,5.513989925384521484e-01,6.057084798812866211e-01,6.595991253852844238e-01,7.126402854919433594e-01,7.651938796043395996e-01,8.173744678497314453e-01,8.689441680908203125e-01,9.198649525642395020e-01,9.703862071037292480e-01
nan,nan,nan,nan,nan,1.679881364107131958e-01,2.214437425136566162e-01,2.772509753704071045e-01,nan,3.876927196979522705e-01,4.428433477878570557e-01,4.979718625545501709e-01,5.527501702308654785e-01,6.071491241455078125e-01,6.611418128013610840e-01,7.145652174949645996e-01,nan,8.197309374809265137e-01,8.715151548385620117e-01,9.227030873298645020e-01,9.735101461410522461e-01
nan,nan,nan,nan,nan,1.664877831935882568e-01,2.221492826938629150e-01,2.781251966953277588e-01,3.332226574420928955e-01,3.887225687503814697e-01,4.439599514007568359e-01,4.991724193096160889e-01,5.540386438369750977e-01,6.085544228553771973e-01,6.626824736595153809e-01,7.163945436477661133e-01,7.693710327148437500e-01,8.219584226608276367e-01,8.741138577461242676e-01,9.257097244262695312e-01,9.765011072158813477e-01
nan,nan,nan,5.614190548658370972e-02,nan,1.667318940162658691e-01,2.229059785604476929e-01,2.790181338787078857e-01,3.341400325298309326e-01,3.897158503532409668e-01,4.450563192367553711e-01,5.003497004508972168e-01,5.553172230720520020e-01,6.099572181701660156e-01,6.642253994941711426e-01,7.181006669998168945e-01,7.714877128601074219e-01,nan,8.766602873802185059e-01,nan,9.793807864189147949e-01
nan,nan,-6.809540354879572988e-05,nan,1.111867204308509827e-01,1.673760563135147095e-01,2.236745804548263550e-01,2.791823148727416992e-01,3.350298702716827393e-01,3.906836807727813721e-01,4.461462497711181641e-01,5.015201568603515625e-01,5.565923452377319336e-01,6.113477349281311035e-01,6.657593846321105957e-01,7.198084592819213867e-01,7.733856439590454102e-01,8.262351155281066895e-01,8.790028095245361328e-01,9.310363531112670898e-01,9.821715950965881348e-01
nan,nan,3.312351473141461611e-04,5.568573623895645142e-02,1.115989610552787781e-01,1.680414527654647827e-01,2.238816171884536743e-01,2.799712419509887695e-01,3.358893394470214844e-01,3.916432857513427734e-01,4.472257196903228760e-01,5.026779770851135254e-01,5.578490495681762695e-01,6.127296090126037598e-01,6.672899723052978516e-01,7.214984297752380371e-01,7.753296494483947754e-01,8.286456465721130371e-01,8.812487125396728516e-01,9.336545467376708984e-01,9.850600361824035645e-01
nan,-5.613309144973754883e-02,nan,5.562996864318847656e-02,1.121474802494049072e-01,1.686986386775970459e-01,2.245709151029586792e-01,2.807285189628601074e-01,3.367368280887603760e-01,3.925934135913848877e-01,4.482930898666381836e-01,5.038248896598815918e-01,5.591012239456176758e-01,6.141031384468078613e-01,6.687994003295898438e-01,7.231548428535461426e-01,7.771335244178771973e-01,8.306294083595275879e-01,nan,nan,nan
-1.127525418996810913e-01,-5.583496764302253723e-02,-1.706019247649237514e-04,5.603953823447227478e-02,1.127060353755950928e-01,1.688670963048934937e-01,2.252353131771087646e-01,2.814706861972808838e-01,3.375748991966247559e-01,3.935345411300659180e-01,4.493455290794372559e-01,5.049611926078796387e-01,5.603390932083129883e-01,6.154541373252868652e-01,6.702759861946105957e-01,7.247663736343383789e-01,7.788860797882080078e-01,8.325369358062744141e-01,8.857658505439758301e-01,9.383429884910583496e-01,9.904222488403320312e-01
nan,nan,-2.352310984861105680e-04,5.649194121360778809e-02,1.132555156946182251e-01,1.694464385509490967e-01,2.258825749158859253e-01,2.822027802467346191e-01,3.383982777595520020e-01,3.944667875766754150e-01,4.503717124462127686e-01,5.060754418373107910e-01,5.615514516830444336e-01,6.167729496955871582e-01,6.717087030410766602e-01,7.263263463973999023e-01,7.805874943733215332e-01,8.344568610191345215e-01,8.878655433654785156e-01,nan,9.929293990135192871e-01
-1.123134642839431763e-01,-5.629648268222808838e-02,9.275271440856158733e-05,5.695156008005142212e-02,1.133961677551269531e-01,1.700083464384078979e-01,2.265168577432632446e-01,2.829213142395019531e-01,3.392161726951599121e-01,3.953791558742523193e-01,4.513689875602722168e-01,5.071606040000915527e-01,5.627311468124389648e-01,6.180523633956909180e-01,6.730991005897521973e-01,7.278386354446411133e-01,7.822350859642028809e-01,8.362548947334289551e-01,8.898210525512695312e-01,nan,9.952739477157592773e-01
