# 1st dimension: Re = np.logspace(np.log10(1.4e6), np.log10(1.05e7), 20); 2nd dimension: alpha = np.arange(-5., 5.5, .5)
-1.382245123386383057e-01,-8.261654525995254517e-02,-2.763312868773937225e-02,2.709404379129409790e-02,8.286539465188980103e-02,1.386505663394927979e-01,1.928062140941619873e-01,2.490745931863784790e-01,3.059103786945343018e-01,3.640927970409393311e-01,4.219939112663269043e-01,4.783385992050170898e-01,5.340840816497802734e-01,5.910634994506835938e-01,6.449655890464782715e-01,7.004895806312561035e-01,7.514616847038269043e-01,8.004975318908691406e-01,8.507486581802368164e-01,8.882586956024169922e-01,9.318273663520812988e-01
-1.384556144475936890e-01,-8.310679346323013306e-02,-2.821366302669048309e-02,2.761528454720973969e-02,8.354937285184860229e-02,1.396319717168807983e-01,1.930975168943405151e-01,2.491842061281204224e-01,3.069895207881927490e-01,3.654513359069824219e-01,4.226302802562713623e-01,4.781405031681060791e-01,5.357179641723632812e-01,5.916936397552490234e-01,6.459730863571166992e-01,7.005032896995544434e-01,7.525901794433593750e-01,8.025400638580322266e-01,8.505218625068664551e-01,8.860194683074951172e-01,9.324327707290649414e-01
-1.388018429279327393e-01,-8.381503820419311523e-02,-2.829630672931671143e-02,2.837380208075046539e-02,8.431324362754821777e-02,1.401833444833755493e-01,1.931067556142807007e-01,2.498707473278045654e-01,3.082234859466552734e-01,3.664442896842956543e-01,4.228178560733795166e-01,4.790268540382385254e-01,5.369740724563598633e-01,5.916835069656372070e-01,6.475287675857543945e-01,6.998898983001708984e-01,7.515420317649841309e-01,8.034528493881225586e-01,8.480774760246276855e-01,8.852814435958862305e-01,9.337078332901000977e-01
-1.395643055438995361e-01,-8.438947796821594238e-02,-2.780522592365741730e-02,2.883864939212799072e-02,8.480937033891677856e-02,1.403710693120956421e-01,1.942085027694702148e-01,2.510816156864166260e-01,3.094834685325622559e-01,3.669823110103607178e-01,4.228369593620300293e-01,4.803431928157806396e-01,5.374599695205688477e-01,5.921788811683654785e-01,6.482301354408264160e-01,7.011799216270446777e-01,7.520753145217895508e-01,8.029564619064331055e-01,8.456954360008239746e-01,8.854963779449462891e-01,9.353539943695068359e-01
-1.405111998319625854e-01,-8.455821871757507324e-02,-2.743460610508918762e-02,2.933745458722114563e-02,8.501056581735610962e-02,1.403776854276657104e-01,1.963194459676742554e-01,2.524223923683166504e-01,3.102816045284271240e-01,3.671444654464721680e-01,4.234132766723632812e-01,4.813678264617919922e-01,5.372213125228881836e-01,5.937992334365844727e-01,6.474890112876892090e-01,7.013808488845825195e-01,7.532123327255249023e-01,8.040314316749572754e-01,8.438091874122619629e-01,8.878845572471618652e-01,9.370461702346801758e-01
-1.412581652402877808e-01,-8.433356881141662598e-02,-2.724068053066730499e-02,2.955210581421852112e-02,8.508765697479248047e-02,1.406992226839065552e-01,1.976553946733474731e-01,2.532860338687896729e-01,3.107410371303558350e-01,3.672077953815460205e-01,4.248296320438385010e-01,4.818562269210815430e-01,5.373207330703735352e-01,5.949032306671142578e-01,6.480277776718139648e-01,7.000824809074401855e-01,7.528304457664489746e-01,8.043517470359802246e-01,8.425703644752502441e-01,8.888727426528930664e-01,9.393929839134216309e-01
-1.413999199867248535e-01,-8.417489379644393921e-02,-2.712834440171718597e-02,2.931874990463256836e-02,8.495739847421646118e-02,1.416255682706832886e-01,1.988093703985214233e-01,2.545684278011322021e-01,3.110369443893432617e-01,3.677423298358917236e-01,4.258104562759399414e-01,4.816874861717224121e-01,5.384513139724731445e-01,5.947771668434143066e-01,6.491681933403015137e-01,7.010803222656250000e-01,7.526184320449829102e-01,8.035508990287780762e-01,8.420938253402709961e-01,8.913421034812927246e-01,9.398732781410217285e-01
-1.409878581762313843e-01,-8.412957936525344849e-02,-2.712963521480560303e-02,2.899490110576152802e-02,8.524657040834426880e-02,1.427795290946960449e-01,1.997894495725631714e-01,2.561176717281341553e-01,3.113616704940795898e-01,3.687629699707031250e-01,4.264135658740997314e-01,4.818636775016784668e-01,5.395856499671936035e-01,5.939117074012756348e-01,6.485359668731689453e-01,7.011827826499938965e-01,7.537505626678466797e-01,8.031184077262878418e-01,8.435108661651611328e-01,8.929388523101806641e-01,9.423617124557495117e-01
-1.408974528312683105e-01,-8.424521237611770630e-02,-2.737109363079071045e-02,2.891698852181434631e-02,8.573760837316513062e-02,1.438661813735961914e-01,2.005548626184463501e-01,2.566970586776733398e-01,3.116601109504699707e-01,3.697294592857360840e-01,4.261691570281982422e-01,4.828409850597381592e-01,5.401769876480102539e-01,5.946981310844421387e-01,6.478267312049865723e-01,7.004555463790893555e-01,7.525370121002197266e-01,8.027662634849548340e-01,8.440777659416198730e-01,8.935918211936950684e-01,9.426270127296447754e-01
-1.409765928983688354e-01,-8.448659628629684448e-02,-2.779658511281013489e-02,2.889486216008663177e-02,8.652321249246597290e-02,1.447692662477493286e-01,2.009645104408264160e-01,2.569579184055328369e-01,3.129348456859588623e-01,3.707317411899566650e-01,4.260906875133514404e-01,4.838088154792785645e-01,5.395151972770690918e-01,5.948457717895507812e-01,6.484727859497070312e-01,7.012801766395568848e-01,7.529847621917724609e-01,8.017529249191284180e-01,8.461589217185974121e-01,8.948598504066467285e-01,9.448640942573547363e-01
-1.411400139331817627e-01,-8.474954217672348022e-02,-2.812296524643898010e-02,2.919183485209941864e-02,8.710693567991256714e-02,1.451625376939773560e-01,2.010391652584075928e-01,2.574415802955627441e-01,3.144288957118988037e-01,3.708747625350952148e-01,4.268268048763275146e-01,4.843024909496307373e-01,5.395908951759338379e-01,5.936544537544250488e-01,6.472149491310119629e-01,7.010313272476196289e-01,7.521604299545288086e-01,8.009767532348632812e-01,8.473727107048034668e-01,8.948507308959960938e-01,9.453799128532409668e-01
-1.414543241262435913e-01,-8.491276949644088745e-02,-2.828888967633247375e-02,2.964601479470729828e-02,8.755508810281753540e-02,1.453186124563217163e-01,2.012863159179687500e-01,2.583948075771331787e-01,3.161086440086364746e-01,3.702500462532043457e-01,4.276469945907592773e-01,4.837707579135894775e-01,5.403302311897277832e-01,5.942298173904418945e-01,6.471434831619262695e-01,7.003055214881896973e-01,7.520831823348999023e-01,8.002478480339050293e-01,8.478271961212158203e-01,8.948969244956970215e-01,9.468729496002197266e-01
-1.419510245323181152e-01,-8.518835902214050293e-02,-2.813233062624931335e-02,3.007690235972404480e-02,8.804500102996826172e-02,1.449077427387237549e-01,2.018205076456069946e-01,2.593751251697540283e-01,3.165684342384338379e-01,3.710487186908721924e-01,4.282591044902801514e-01,4.838329255580902100e-01,5.392693877220153809e-01,5.941540598869323730e-01,6.475278139114379883e-01,6.994370818138122559e-01,7.522345185279846191e-01,8.004345297813415527e-01,8.495160937309265137e-01,8.958545923233032227e-01,9.485994577407836914e-01
-1.424273550510406494e-01,-8.537702262401580811e-02,-2.791973575949668884e-02,3.040236793458461761e-02,nan,1.448081135749816895e-01,2.026535272598266602e-01,2.602469921112060547e-01,3.159555196762084961e-01,3.726853728294372559e-01,4.277720451354980469e-01,4.845992922782897949e-01,5.386298298835754395e-01,5.928220748901367188e-01,6.462857127189636230e-01,nan,7.517736554145812988e-01,8.009538650512695312e-01,8.490639925003051758e-01,8.966573476791381836e-01,9.490652084350585938e-01
-1.427846997976303101e-01,-8.525512367486953735e-02,-2.771005965769290924e-02,3.054370731115341187e-02,8.735252171754837036e-02,1.451342105865478516e-01,2.032325863838195801e-01,2.608526349067687988e-01,3.161058425903320312e-01,3.733676970005035400e-01,4.276097118854522705e-01,4.845614135265350342e-01,5.391070842742919922e-01,5.931169986724853516e-01,6.461622118949890137e-01,6.991674304008483887e-01,7.527241706848144531e-01,8.018537163734436035e-01,8.500282168388366699e-01,8.973934054374694824e-01,9.510880112648010254e-01
-1.430515497922897339e-01,-8.506688475608825684e-02,-2.729579247534275055e-02,3.025157935917377472e-02,8.715333789587020874e-02,1.455935835838317871e-01,2.038711011409759521e-01,2.604615986347198486e-01,3.169149160385131836e-01,3.725728392601013184e-01,4.287231266498565674e-01,4.833523333072662354e-01,5.380761623382568359e-01,5.912572741508483887e-01,6.458843946456909180e-01,6.989573240280151367e-01,7.527964711189270020e-01,8.020752668380737305e-01,8.497195243835449219e-01,8.996585011482238770e-01,9.530673027038574219e-01
-1.431268900632858276e-01,-8.494038134813308716e-02,-2.700950764119625092e-02,2.956597879528999329e-02,8.732343465089797974e-02,nan,2.040580660104751587e-01,2.601574957370758057e-01,3.172751665115356445e-01,nan,4.296412169933319092e-01,4.839533567428588867e-01,5.379828810691833496e-01,5.912094116210937500e-01,6.450404524803161621e-01,6.995548605918884277e-01,7.538395524024963379e-01,8.035411834716796875e-01,8.504246473312377930e-01,9.005274772644042969e-01,9.526171088218688965e-01
-1.431786864995956421e-01,-8.490917086601257324e-02,-2.739061415195465088e-02,2.920284494757652283e-02,8.768468350172042847e-02,1.462632864713668823e-01,2.034877091646194458e-01,2.605627477169036865e-01,3.162675499916076660e-01,nan,4.289133548736572266e-01,4.835428893566131592e-01,5.371849536895751953e-01,5.906709432601928711e-01,6.449379324913024902e-01,6.996735930442810059e-01,7.550361156463623047e-01,8.033806681632995605e-01,8.505810499191284180e-01,9.008600115776062012e-01,9.543842077255249023e-01
nan,-8.502800017595291138e-02,-2.806632779538631439e-02,2.916590869426727295e-02,nan,1.463108956813812256e-01,2.031221985816955566e-01,2.609164118766784668e-01,3.164606094360351562e-01,nan,4.292135536670684814e-01,4.829874038696289062e-01,5.363688468933105469e-01,5.900153517723083496e-01,6.450231671333312988e-01,7.001962065696716309e-01,7.555580735206604004e-01,8.040479421615600586e-01,8.523754477500915527e-01,9.027388095855712891e-01,9.541956782341003418e-01
-1.434014439582824707e-01,-8.562133461236953735e-02,-2.834837324917316437e-02,nan,8.804071694612503052e-02,1.456100791692733765e-01,2.032283395528793335e-01,2.594863474369049072e-01,3.169199824333190918e-01,nan,4.293853640556335449e-01,4.837762713432312012e-01,5.355771183967590332e-01,5.900964140892028809e-01,6.451874375343322754e-01,7.012141346931457520e-01,7.564324736595153809e-01,8.036128282546997070e-01,8.533670902252197266e-01,9.025192856788635254e-01,9.551947712898254395e-01
