# 1st dimension: Re = np.logspace(np.log10(1.4e6), np.log10(1.05e7), 20); 2nd dimension: alpha = np.arange(-5., 5.5, .5)
-7.595752924680709839e-02,-1.808955334126949310e-02,3.977391123771667480e-02,nan,1.514049470424652100e-01,2.074916511774063110e-01,2.662750780582427979e-01,3.245992362499237061e-01,3.823473751544952393e-01,4.302935004234313965e-01,4.813010096549987793e-01,5.339599251747131348e-01,5.863336920738220215e-01,6.392776370048522949e-01,6.916936635971069336e-01,7.452254891395568848e-01,7.980774044990539551e-01,8.406017422676086426e-01,8.304919004440307617e-01,8.568465709686279297e-01,8.918375372886657715e-01
-7.600579410791397095e-02,-1.824494451284408569e-02,3.901447728276252747e-02,9.503084421157836914e-02,1.516168117523193359e-01,2.084448337554931641e-01,2.672103941440582275e-01,3.256548941135406494e-01,3.778727650642395020e-01,4.283879697322845459e-01,4.808280766010284424e-01,5.327612757682800293e-01,5.870514512062072754e-01,6.409592032432556152e-01,6.945902109146118164e-01,7.497015595436096191e-01,8.020341992378234863e-01,8.179063796997070312e-01,8.270701766014099121e-01,8.640771508216857910e-01,8.994372487068176270e-01
-7.618334889411926270e-02,-1.902821660041809082e-02,3.750686347484588623e-02,nan,1.524222791194915771e-01,2.092707157135009766e-01,2.679302096366882324e-01,3.237831890583038330e-01,3.732688128948211670e-01,4.275310039520263672e-01,4.806231856346130371e-01,5.333761572837829590e-01,5.884653329849243164e-01,6.433088779449462891e-01,6.990584731101989746e-01,7.535548806190490723e-01,nan,8.045726418495178223e-01,8.314445018768310547e-01,8.702641129493713379e-01,9.028074741363525391e-01
-7.678450644016265869e-02,-2.063654176890850067e-02,3.638769686222076416e-02,9.437672793865203857e-02,1.531026959419250488e-01,2.099546045064926147e-01,2.681002318859100342e-01,3.167224228382110596e-01,3.720042407512664795e-01,4.262910485267639160e-01,4.809552729129791260e-01,5.354890227317810059e-01,5.904108285903930664e-01,6.464576721191406250e-01,7.028023600578308105e-01,7.565505504608154297e-01,7.830560803413391113e-01,8.056015372276306152e-01,8.384717702865600586e-01,8.738627433776855469e-01,9.066041707992553711e-01
-7.819951325654983521e-02,-2.192461304366588593e-02,3.606458380818367004e-02,9.481737762689590454e-02,1.535627543926239014e-01,2.110270410776138306e-01,2.593558430671691895e-01,3.153697252273559570e-01,3.706964850425720215e-01,4.263234734535217285e-01,4.825386106967926025e-01,5.382583737373352051e-01,5.927089452743530273e-01,nan,7.058437466621398926e-01,7.459708452224731445e-01,7.793892025947570801e-01,8.205368518829345703e-01,8.436309099197387695e-01,8.762426376342773438e-01,9.123518466949462891e-01
-7.950730621814727783e-02,-2.238048054277896881e-02,3.634669259190559387e-02,9.511312097311019897e-02,1.536616683006286621e-01,2.029166668653488159e-01,2.580741047859191895e-01,nan,3.703766763210296631e-01,4.272802770137786865e-01,4.839860498905181885e-01,5.403224825859069824e-01,5.956927537918090820e-01,6.529935598373413086e-01,7.080059647560119629e-01,7.400389313697814941e-01,7.820829749107360840e-01,8.272501230239868164e-01,8.463686108589172363e-01,8.803157806396484375e-01,9.196072816848754883e-01
-7.995352894067764282e-02,-2.222653850913047791e-02,3.660124540328979492e-02,9.519785642623901367e-02,1.455228775739669800e-01,2.018366307020187378e-01,2.568631172180175781e-01,3.135749101638793945e-01,3.710031211376190186e-01,4.284673333168029785e-01,4.857122898101806641e-01,5.430964231491088867e-01,5.984299182891845703e-01,6.557899117469787598e-01,6.973348259925842285e-01,7.380225062370300293e-01,7.867962121963500977e-01,8.302170634269714355e-01,8.495144248008728027e-01,8.861874938011169434e-01,9.282416105270385742e-01
-7.990439236164093018e-02,-2.190091274678707123e-02,3.671871870756149292e-02,8.788967132568359375e-02,1.440789401531219482e-01,2.007378190755844116e-01,2.563632726669311523e-01,3.140192925930023193e-01,3.719754815101623535e-01,4.298184514045715332e-01,4.876261353492736816e-01,5.454755425453186035e-01,6.010085344314575195e-01,6.582145094871520996e-01,6.928836703300476074e-01,7.406873703002929688e-01,7.900273799896240234e-01,8.321940898895263672e-01,8.558614850044250488e-01,8.937546014785766602e-01,9.365329742431640625e-01
-7.970170676708221436e-02,-2.155152894556522369e-02,nan,8.590935170650482178e-02,1.428951472043991089e-01,2.001519203186035156e-01,2.574045062065124512e-01,3.148537278175354004e-01,nan,4.313209354877471924e-01,4.896477460861206055e-01,5.476738810539245605e-01,6.049008369445800781e-01,6.600672602653503418e-01,6.919997334480285645e-01,7.440520524978637695e-01,7.914646863937377930e-01,8.355337381362915039e-01,8.673593997955322266e-01,9.023505449295043945e-01,9.445590972900390625e-01
-7.958877086639404297e-02,-2.123864926397800446e-02,2.877728082239627838e-02,8.461402356624603271e-02,1.422271877527236938e-01,2.003307640552520752e-01,2.582506835460662842e-01,3.158105015754699707e-01,3.743553757667541504e-01,4.329890012741088867e-01,4.914969503879547119e-01,5.496454834938049316e-01,6.071962118148803711e-01,6.527830958366394043e-01,6.944116353988647461e-01,7.459022402763366699e-01,7.928705811500549316e-01,8.401166796684265137e-01,8.869402408599853516e-01,9.115022420883178711e-01,9.523522257804870605e-01
nan,-2.104553952813148499e-02,2.674542553722858429e-02,8.396108448505401611e-02,nan,2.008762657642364502e-01,2.592398226261138916e-01,3.168977200984954834e-01,3.757432103157043457e-01,4.345798790454864502e-01,4.931804835796356201e-01,5.514034032821655273e-01,6.091144084930419922e-01,nan,6.968076825141906738e-01,7.466420531272888184e-01,7.956482768058776855e-01,8.453105092048645020e-01,8.941951990127563477e-01,9.224591255187988281e-01,9.599087834358215332e-01
-7.957335561513900757e-02,-2.127301692962646484e-02,2.577568776905536652e-02,8.395631611347198486e-02,1.426893770694732666e-01,2.015440165996551514e-01,2.602634429931640625e-01,3.180862963199615479e-01,3.771307766437530518e-01,4.360457360744476318e-01,4.947154223918914795e-01,5.529497861862182617e-01,6.100427508354187012e-01,nan,6.977664828300476074e-01,7.479349970817565918e-01,7.991676926612854004e-01,8.507413268089294434e-01,9.006488323211669922e-01,9.469662904739379883e-01,nan
nan,-2.840471640229225159e-02,2.584079466760158539e-02,8.429057151079177856e-02,1.432368159294128418e-01,2.022802084684371948e-01,2.613038718700408936e-01,nan,3.784136176109313965e-01,4.374009072780609131e-01,4.961083233356475830e-01,5.540857315063476562e-01,6.004676818847656250e-01,nan,6.982066631317138672e-01,7.503256201744079590e-01,8.031653165817260742e-01,8.557205796241760254e-01,9.064590334892272949e-01,9.540129899978637695e-01,9.532660841941833496e-01
nan,-3.020474128425121307e-02,2.622441947460174561e-02,8.476541191339492798e-02,1.438486725091934204e-01,2.030992805957794189e-01,2.623422145843505859e-01,3.211104273796081543e-01,3.796101212501525879e-01,4.386484324932098389e-01,4.973079264163970947e-01,5.461256504058837891e-01,5.980252027511596680e-01,6.484302282333374023e-01,7.003956437110900879e-01,7.531849145889282227e-01,8.072308301925659180e-01,8.603171706199645996e-01,9.117017984390258789e-01,9.589071869850158691e-01,9.534344673156738281e-01
-8.649457991123199463e-02,-3.126584738492965698e-02,2.671205624938011169e-02,8.532211929559707642e-02,1.445364654064178467e-01,2.039486318826675415e-01,2.633028924465179443e-01,3.223156630992889404e-01,3.807235360145568848e-01,4.397674500942230225e-01,4.979423880577087402e-01,5.430896282196044922e-01,5.985656976699829102e-01,6.489328742027282715e-01,7.027181386947631836e-01,7.564234733581542969e-01,8.110333085060119629e-01,8.645685911178588867e-01,9.163739085197448730e-01,9.457660913467407227e-01,9.535624980926513672e-01
-8.763016015291213989e-02,-3.144555538892745972e-02,2.723039686679840088e-02,8.600533753633499146e-02,1.452564448118209839e-01,2.047521919012069702e-01,2.641975283622741699e-01,3.234132230281829834e-01,3.817485868930816650e-01,4.406358003616333008e-01,4.890843629837036133e-01,5.430456399917602539e-01,6.001282334327697754e-01,6.502975225448608398e-01,7.051381468772888184e-01,7.603883147239685059e-01,8.145993351936340332e-01,8.684924840927124023e-01,9.200100898742675781e-01,9.465975761413574219e-01,nan
-8.854093402624130249e-02,-3.131472319364547729e-02,2.777074836194515228e-02,8.675222843885421753e-02,1.459413021802902222e-01,nan,2.650263607501983643e-01,3.243668973445892334e-01,3.826348185539245605e-01,4.344017207622528076e-01,4.874162971973419189e-01,5.443552136421203613e-01,6.004077196121215820e-01,6.521250605583190918e-01,7.080315947532653809e-01,7.635602355003356934e-01,nan,8.720678091049194336e-01,9.100554585456848145e-01,9.471310377120971680e-01,9.584269523620605469e-01
-8.896520733833312988e-02,-3.103036619722843170e-02,2.830764465034008026e-02,8.744983375072479248e-02,1.465911120176315308e-01,2.062167078256607056e-01,2.657893598079681396e-01,3.251749575138092041e-01,3.836867809295654297e-01,4.314471781253814697e-01,4.880630075931549072e-01,5.451647639274597168e-01,5.996699929237365723e-01,6.541560888290405273e-01,7.106993794441223145e-01,7.664793729782104492e-01,8.217238783836364746e-01,8.750444650650024414e-01,9.101847410202026367e-01,9.494500756263732910e-01,nan
-8.877030760049819946e-02,-3.067266382277011871e-02,2.878962270915508270e-02,8.809943497180938721e-02,1.472100764513015747e-01,2.068768590688705444e-01,2.664743661880493164e-01,nan,3.759803771972656250e-01,4.312131702899932861e-01,4.890158474445343018e-01,5.451008081436157227e-01,6.000415086746215820e-01,6.563822627067565918e-01,7.131873369216918945e-01,7.691864967346191406e-01,8.246900439262390137e-01,nan,9.102589488029479980e-01,9.536908268928527832e-01,9.661142826080322266e-01
-8.823840320110321045e-02,-3.033514507114887238e-02,2.922776527702808380e-02,8.869309723377227783e-02,1.478134244680404663e-01,2.074760645627975464e-01,2.669993042945861816e-01,3.196505606174468994e-01,3.748394846916198730e-01,4.321174025535583496e-01,4.890508651733398438e-01,5.453258156776428223e-01,6.012471914291381836e-01,6.585260629653930664e-01,7.155318856239318848e-01,7.718870043754577637e-01,8.271753787994384766e-01,8.674502968788146973e-01,nan,9.585751295089721680e-01,nan
