# 1st dimension: Re = np.logspace(np.log10(1.4e6), np.log10(1.05e7), 20); 2nd dimension: alpha = np.arange(-5., 5.5, .5)
-5.173510313034057617e-01,-4.565910696983337402e-01,-3.936095237731933594e-01,-3.284279108047485352e-01,-2.619882822036743164e-01,-1.945499181747436523e-01,-1.197213828563690186e-01,-2.592515572905540466e-02,5.694166943430900574e-02,1.206023171544075012e-01,1.792289316654205322e-01,2.399829477071762085e-01,2.765114307403564453e-01,3.251598477363586426e-01,3.771037459373474121e-01,4.300837218761444092e-01,4.857001304626464844e-01,5.416399240493774414e-01,5.959244966506958008e-01,6.501575708389282227e-01,7.056553363800048828e-01
-5.049146413803100586e-01,-4.425636827945709229e-01,-3.790841996669769287e-01,-3.142709136009216309e-01,-2.478252053260803223e-01,-1.803248971700668335e-01,nan,-1.386783737689256668e-02,6.555674225091934204e-02,1.260593980550765991e-01,1.844578832387924194e-01,2.339677810668945312e-01,2.763027250766754150e-01,3.281179666519165039e-01,3.800516128540039062e-01,4.338078200817108154e-01,4.896052777767181396e-01,5.454149246215820312e-01,5.997471213340759277e-01,6.544262170791625977e-01,7.090811729431152344e-01
-4.922268092632293701e-01,-4.291910529136657715e-01,-3.653456568717956543e-01,-3.005504906177520752e-01,-2.343530505895614624e-01,-1.666719168424606323e-01,nan,-5.672221537679433823e-03,6.716673821210861206e-02,1.276012361049652100e-01,1.887590885162353516e-01,2.289711087942123413e-01,2.767196893692016602e-01,3.308007419109344482e-01,3.827652335166931152e-01,4.372593760490417480e-01,4.932384490966796875e-01,5.487765669822692871e-01,6.032906770706176758e-01,6.583116650581359863e-01,7.125325798988342285e-01
-4.804174005985260010e-01,-4.171015918254852295e-01,-3.527388572692871094e-01,-2.877531945705413818e-01,-2.216722369194030762e-01,-1.539731025695800781e-01,-8.378792554140090942e-02,8.755841990932822227e-04,6.994407624006271362e-02,1.316628307104110718e-01,1.884556561708450317e-01,2.268418669700622559e-01,nan,3.324229121208190918e-01,3.850275278091430664e-01,4.404747486114501953e-01,4.965438246726989746e-01,5.516711473464965820e-01,6.066952347755432129e-01,6.618434786796569824e-01,7.165140509605407715e-01
-4.692936837673187256e-01,-4.058315157890319824e-01,-3.411709070205688477e-01,-2.759936153888702393e-01,-2.099348902702331543e-01,-1.425352692604064941e-01,-7.475492358207702637e-02,3.706952091306447983e-03,7.100705057382583618e-02,1.336946487426757812e-01,1.790021657943725586e-01,2.260925918817520142e-01,2.791681587696075439e-01,3.340755701065063477e-01,3.870854377746582031e-01,4.432062208652496338e-01,4.995733201503753662e-01,5.545453429222106934e-01,6.097114086151123047e-01,6.649693846702575684e-01,7.201247215270996094e-01
-4.583005905151367188e-01,-3.948241174221038818e-01,-3.300380408763885498e-01,-2.648781538009643555e-01,-1.999153345823287964e-01,-1.323893219232559204e-01,-6.854187697172164917e-02,3.834703238680958748e-03,7.174124568700790405e-02,1.352561414241790771e-01,1.747475266456604004e-01,2.257651686668395996e-01,2.810875773429870605e-01,3.356117904186248779e-01,3.893762230873107910e-01,4.454872608184814453e-01,5.021934509277343750e-01,5.573518872261047363e-01,6.126698255538940430e-01,6.680397391319274902e-01,7.234460711479187012e-01
-4.469203650951385498e-01,-3.835414946079254150e-01,-3.194576799869537354e-01,-2.555582225322723389e-01,-1.916085630655288696e-01,-1.266180276870727539e-01,-6.454903632402420044e-02,3.817972959950566292e-03,7.247396558523178101e-02,1.333821713924407959e-01,1.731703877449035645e-01,nan,2.828389108180999756e-01,3.369822204113006592e-01,3.916047215461730957e-01,4.478720426559448242e-01,5.044189691543579102e-01,5.599085092544555664e-01,6.154783964157104492e-01,6.710530519485473633e-01,7.263799309730529785e-01
-4.352003931999206543e-01,-3.735840618610382080e-01,-3.108452558517456055e-01,-2.480159252882003784e-01,-1.845861226320266724e-01,-1.265266835689544678e-01,-6.165668740868568420e-02,3.215992823243141174e-03,7.058193534612655640e-02,1.228917539119720459e-01,nan,2.270371913909912109e-01,2.837595641613006592e-01,3.380448818206787109e-01,3.937831819057464600e-01,4.502058625221252441e-01,5.064111351966857910e-01,5.622182488441467285e-01,6.178686618804931641e-01,6.737815141677856445e-01,7.290811538696289062e-01
-4.267751276493072510e-01,-3.659584522247314453e-01,-3.043291568756103516e-01,-2.419399023056030273e-01,-1.790779232978820801e-01,-1.238405406475067139e-01,-6.194538623094558716e-02,nan,6.714327633380889893e-02,1.170166656374931335e-01,1.715264171361923218e-01,2.284039705991744995e-01,2.848861813545227051e-01,3.391921222209930420e-01,3.957183957099914551e-01,4.524095356464385986e-01,5.083128213882446289e-01,5.642586946487426758e-01,6.199445128440856934e-01,6.761252880096435547e-01,7.318660020828247070e-01
-4.207976758480072021e-01,-3.605835735797882080e-01,-2.991697192192077637e-01,-2.376058101654052734e-01,-1.801465302705764771e-01,-1.215677261352539062e-01,-6.086058169603347778e-02,1.855777809396386147e-03,6.131541356444358826e-02,1.127631589770317078e-01,1.714704632759094238e-01,2.298267781734466553e-01,2.860575616359710693e-01,3.406173586845397949e-01,nan,4.544844031333923340e-01,5.100678205490112305e-01,5.663802027702331543e-01,6.219792962074279785e-01,6.781240701675415039e-01,7.342881560325622559e-01
-4.167496860027313232e-01,-3.563659191131591797e-01,-2.956683933734893799e-01,-2.357771545648574829e-01,-1.797257661819458008e-01,-1.213777959346771240e-01,-6.063959375023841858e-02,-5.497600650414824486e-04,5.103634297847747803e-02,1.088678538799285889e-01,1.721521168947219849e-01,nan,2.870892882347106934e-01,3.421447277069091797e-01,3.988471031188964844e-01,4.563404023647308350e-01,5.121093988418579102e-01,5.684258341789245605e-01,6.242082715034484863e-01,6.802640557289123535e-01,7.363998293876647949e-01
-4.135665893554687500e-01,-3.536599576473236084e-01,-2.936759889125823975e-01,-2.363883554935455322e-01,-1.791784465312957764e-01,-1.205371320247650146e-01,-6.034109741449356079e-02,-5.508556030690670013e-03,4.636481776833534241e-02,1.067975759506225586e-01,1.727262139320373535e-01,2.315727025270462036e-01,2.877687811851501465e-01,3.436256945133209229e-01,4.006218016147613525e-01,4.577671885490417480e-01,5.140779614448547363e-01,5.703566074371337891e-01,6.263448596000671387e-01,6.824312210083007812e-01,7.382926940917968750e-01
-4.116917550563812256e-01,-3.521676957607269287e-01,-2.941133677959442139e-01,-2.362800836563110352e-01,-1.780143827199935913e-01,-1.196203976869583130e-01,-6.061444804072380066e-02,nan,4.431956261396408081e-02,1.038858070969581604e-01,1.727656573057174683e-01,2.323347330093383789e-01,2.883795499801635742e-01,nan,4.023214876651763916e-01,4.590969681739807129e-01,5.158684849739074707e-01,5.722115039825439453e-01,6.283358335494995117e-01,6.845501065254211426e-01,7.403254508972167969e-01
-4.106368422508239746e-01,-3.523903191089630127e-01,-2.940442860126495361e-01,-2.362217754125595093e-01,-1.781312227249145508e-01,-1.190284714102745056e-01,-6.292008608579635620e-02,-1.918348297476768494e-02,4.057657718658447266e-02,1.043961346149444580e-01,1.729100644588470459e-01,2.330425679683685303e-01,2.894146144390106201e-01,3.460893034934997559e-01,4.038887619972229004e-01,4.605265557765960693e-01,5.173496603965759277e-01,5.740028023719787598e-01,6.302878260612487793e-01,6.865282654762268066e-01,7.425402998924255371e-01
-4.107821881771087646e-01,-3.524439334869384766e-01,-2.938727736473083496e-01,-2.353018373250961304e-01,-1.774553656578063965e-01,-1.187265738844871521e-01,-6.922185420989990234e-02,-2.161028049886226654e-02,3.830994665622711182e-02,1.026724576950073242e-01,1.723346859216690063e-01,2.333473712205886841e-01,2.903442978858947754e-01,3.471230268478393555e-01,4.052583873271942139e-01,4.617232084274291992e-01,5.187684893608093262e-01,5.754954218864440918e-01,6.321997642517089844e-01,6.884225010871887207e-01,7.446285486221313477e-01
-4.109669029712677002e-01,-3.522300720214843750e-01,-2.938451170921325684e-01,-2.355709969997406006e-01,-1.772179007530212402e-01,-1.193994656205177307e-01,-7.767480611801147461e-02,-2.280654758214950562e-02,3.719459474086761475e-02,1.027643308043479919e-01,1.700818836688995361e-01,2.341116964817047119e-01,nan,3.485157489776611328e-01,4.063553810119628906e-01,4.632050991058349609e-01,5.205073952674865723e-01,5.767903327941894531e-01,6.339054107666015625e-01,6.903724074363708496e-01,7.465995550155639648e-01
-4.108703136444091797e-01,-3.521433472633361816e-01,-2.932194173336029053e-01,-2.354159206151962280e-01,-1.773300468921661377e-01,-1.232237741351127625e-01,-8.069150894880294800e-02,-2.402455359697341919e-02,3.782059997320175171e-02,1.034389436244964600e-01,1.682365238666534424e-01,2.342787981033325195e-01,2.914659678936004639e-01,3.498003780841827393e-01,4.073756635189056396e-01,4.645077586174011230e-01,5.219283103942871094e-01,5.781787633895874023e-01,6.353340744972229004e-01,6.921632885932922363e-01,7.484577894210815430e-01
-4.107477962970733643e-01,-3.519215881824493408e-01,-2.933609485626220703e-01,-2.352351844310760498e-01,-1.782598793506622314e-01,-1.327381879091262817e-01,-8.220175653696060181e-02,-2.427927032113075256e-02,3.827454522252082825e-02,1.018661335110664368e-01,1.673237830400466919e-01,2.344757914543151855e-01,2.925149202346801758e-01,3.505121171474456787e-01,4.086460769176483154e-01,4.655844569206237793e-01,5.232802033424377441e-01,5.798154473304748535e-01,6.365658640861511230e-01,6.937476396560668945e-01,7.501776814460754395e-01
-4.104601740837097168e-01,-3.513849973678588867e-01,-2.934135198593139648e-01,-2.358948141336441040e-01,-1.821821779012680054e-01,-1.359349489212036133e-01,-8.302108198404312134e-02,-2.374570816755294800e-02,3.954737260937690735e-02,1.009094938635826111e-01,1.656467914581298828e-01,2.333835363388061523e-01,2.932543456554412842e-01,3.512634038925170898e-01,4.097017645835876465e-01,4.667647182941436768e-01,5.242384672164916992e-01,5.813570022583007812e-01,6.380191445350646973e-01,6.950806379318237305e-01,7.517234086990356445e-01
-4.102175831794738770e-01,-3.515156507492065430e-01,-2.932206392288208008e-01,-2.383736521005630493e-01,-1.911167353391647339e-01,-1.377321183681488037e-01,-8.322469145059585571e-02,-2.289946004748344421e-02,4.029054567217826843e-02,1.009339094161987305e-01,1.645693182945251465e-01,2.313206791877746582e-01,2.934813201427459717e-01,3.523521125316619873e-01,4.101372063159942627e-01,4.681838452816009521e-01,5.251653790473937988e-01,5.828169584274291992e-01,6.396546363830566406e-01,6.962994337081909180e-01,7.532265782356262207e-01
