# 1st dimension: Re = np.logspace(np.log10(1.4e6), np.log10(1.05e7), 20); 2nd dimension: alpha = np.arange(-5., 5.5, .5)
-1.484198030084371567e-02,5.289625003933906555e-02,1.194311901926994324e-01,1.842859238386154175e-01,2.478285282850265503e-01,3.092742264270782471e-01,3.702644705772399902e-01,4.314792752265930176e-01,4.918763935565948486e-01,5.517366528511047363e-01,6.083819270133972168e-01,6.444861888885498047e-01,6.822977662086486816e-01,7.267453670501708984e-01,7.747715711593627930e-01,8.260184526443481445e-01,8.780226707458496094e-01,9.293126463890075684e-01,9.793925881385803223e-01,1.028087615966796875e+00,1.072088718414306641e+00
-1.453788019716739655e-02,5.303210020065307617e-02,1.199744120240211487e-01,1.857220083475112915e-01,2.490911781787872314e-01,3.106164038181304932e-01,3.717044889926910400e-01,4.329938590526580811e-01,4.927610754966735840e-01,5.527729392051696777e-01,6.094681024551391602e-01,6.411291956901550293e-01,6.823564767837524414e-01,7.292969226837158203e-01,7.791165113449096680e-01,8.307204246520996094e-01,8.833982944488525391e-01,9.353340268135070801e-01,9.859226942062377930e-01,1.035367727279663086e+00,1.081049799919128418e+00
-1.417975872755050659e-02,5.312104150652885437e-02,1.202872768044471741e-01,1.865298599004745483e-01,2.500266432762145996e-01,3.112229108810424805e-01,3.727714121341705322e-01,4.341137707233428955e-01,4.942109584808349609e-01,5.530533790588378906e-01,6.033605337142944336e-01,6.394151449203491211e-01,6.828857660293579102e-01,7.318738102912902832e-01,7.834113240242004395e-01,nan,8.881850242614746094e-01,9.409869909286499023e-01,9.924305081367492676e-01,1.042258977890014648e+00,1.089366793632507324e+00
-1.367243845015764236e-02,5.309680849313735962e-02,1.205869689583778381e-01,1.870307326316833496e-01,2.502615153789520264e-01,3.118727207183837891e-01,3.739612400531768799e-01,4.350792765617370605e-01,4.952421188354492188e-01,5.531520843505859375e-01,5.968988537788391113e-01,6.384778022766113281e-01,6.846837997436523438e-01,7.343945503234863281e-01,7.874767184257507324e-01,8.407543897628784180e-01,8.938835263252258301e-01,9.462175965309143066e-01,9.982357025146484375e-01,1.048614621162414551e+00,1.097069501876831055e+00
-1.327775605022907257e-02,5.305334925651550293e-02,1.206371933221817017e-01,1.873154640197753906e-01,2.511886656284332275e-01,3.130071163177490234e-01,3.750170469284057617e-01,4.355445206165313721e-01,4.961111843585968018e-01,5.545382499694824219e-01,5.930869579315185547e-01,6.381785869598388672e-01,6.868070363998413086e-01,7.373357415199279785e-01,7.912580966949462891e-01,8.454582095146179199e-01,8.991317152976989746e-01,nan,1.003786563873291016e+00,1.054757714271545410e+00,1.103488802909851074e+00
-1.302466355264186859e-02,5.336062982678413391e-02,1.206414997577667236e-01,1.871030181646347046e-01,2.507592737674713135e-01,3.131817579269409180e-01,3.753314018249511719e-01,4.363074600696563721e-01,nan,5.504106879234313965e-01,5.911717414855957031e-01,6.382150053977966309e-01,6.890296936035156250e-01,7.408392429351806641e-01,7.947489023208618164e-01,8.496772646903991699e-01,9.040835499763488770e-01,9.572332501411437988e-01,1.009053826332092285e+00,1.060337185859680176e+00,1.109434962272644043e+00
-1.272228267043828964e-02,5.375530943274497986e-02,1.204914450645446777e-01,1.868321001529693604e-01,2.509669065475463867e-01,3.139057755470275879e-01,3.758319020271301270e-01,4.374673664569854736e-01,nan,5.449817180633544922e-01,5.903507471084594727e-01,6.387161016464233398e-01,6.911020278930664062e-01,7.444645762443542480e-01,7.987441420555114746e-01,8.538134098052978516e-01,9.087524414062500000e-01,9.623429775238037109e-01,1.014523267745971680e+00,1.065371870994567871e+00,1.114895701408386230e+00
-1.172407157719135284e-02,5.406412482261657715e-02,1.201934069395065308e-01,1.866775304079055786e-01,2.502325773239135742e-01,3.141620457172393799e-01,3.762315511703491211e-01,4.377243220806121826e-01,4.981067478656768799e-01,5.419858694076538086e-01,5.900050401687622070e-01,6.401403546333312988e-01,6.930558681488037109e-01,7.478724718093872070e-01,8.027212023735046387e-01,8.576524853706359863e-01,nan,9.672631621360778809e-01,1.019895672798156738e+00,1.070686817169189453e+00,1.119876265525817871e+00
-1.106880325824022293e-02,5.418200418353080750e-02,1.199526637792587280e-01,1.856113076210021973e-01,2.499988675117492676e-01,3.139110207557678223e-01,3.765475153923034668e-01,4.378144145011901855e-01,4.934216439723968506e-01,5.399981737136840820e-01,5.901213884353637695e-01,6.418701410293579102e-01,6.951150298118591309e-01,nan,8.066111803054809570e-01,8.619998693466186523e-01,9.169338941574096680e-01,9.717178940773010254e-01,1.024790644645690918e+00,1.075840234756469727e+00,1.124748826026916504e+00
-1.049603149294853210e-02,5.433790013194084167e-02,1.202292144298553467e-01,1.850658506155014038e-01,2.494094520807266235e-01,3.137265145778656006e-01,3.768694996833801270e-01,4.387798309326171875e-01,4.891642928123474121e-01,5.388345718383789062e-01,5.904539823532104492e-01,6.436741352081298828e-01,6.979445219039916992e-01,7.538710832595825195e-01,8.103302121162414551e-01,8.660684227943420410e-01,9.209445714950561523e-01,9.757247567176818848e-01,1.029263973236083984e+00,1.080626368522644043e+00,1.129813551902770996e+00
-1.024094503372907639e-02,5.476552993059158325e-02,1.204281970858573914e-01,1.838255971670150757e-01,2.485973387956619263e-01,3.134931921958923340e-01,3.765051960945129395e-01,4.384719729423522949e-01,4.862394034862518311e-01,5.383540391921997070e-01,5.909987688064575195e-01,6.455861926078796387e-01,7.007704973220825195e-01,7.566455006599426270e-01,8.136044740676879883e-01,8.698353171348571777e-01,9.252445101737976074e-01,9.796136021614074707e-01,1.033368706703186035e+00,1.085029363632202148e+00,1.134576082229614258e+00
-1.021612901240587234e-02,5.550021678209304810e-02,1.199917122721672058e-01,1.828514188528060913e-01,2.477840185165405273e-01,3.127388358116149902e-01,3.764485418796539307e-01,4.328027665615081787e-01,4.848552644252777100e-01,5.381053090095520020e-01,5.917941927909851074e-01,6.473378539085388184e-01,7.034828662872314453e-01,7.598688006401062012e-01,8.167875409126281738e-01,8.735209703445434570e-01,9.291501045227050781e-01,9.836652874946594238e-01,1.037148594856262207e+00,1.089102864265441895e+00,1.139011502265930176e+00
-9.743385016918182373e-03,5.601774156093597412e-02,1.200106292963027954e-01,1.821639835834503174e-01,2.470892816781997681e-01,3.119087517261505127e-01,3.767623305320739746e-01,4.292359352111816406e-01,4.835664927959442139e-01,5.377641320228576660e-01,5.931648015975952148e-01,6.490063667297363281e-01,7.059669494628906250e-01,7.629263997077941895e-01,8.196551203727722168e-01,8.767322301864624023e-01,9.328321218490600586e-01,9.875217676162719727e-01,1.040748476982116699e+00,1.092965126037597656e+00,1.143834352493286133e+00
-8.911903016269207001e-03,5.610062927007675171e-02,1.194998547434806824e-01,1.817778646945953369e-01,2.461672276258468628e-01,3.111847937107086182e-01,3.719306886196136475e-01,4.266122579574584961e-01,4.826220273971557617e-01,5.383369326591491699e-01,5.945096015930175781e-01,6.509432792663574219e-01,7.081890106201171875e-01,7.658261656761169434e-01,8.229295015335083008e-01,8.799085617065429688e-01,9.363001585006713867e-01,9.911305308341979980e-01,1.044566273689270020e+00,1.096457958221435547e+00,1.148386120796203613e+00
-8.594457060098648071e-03,5.596237629652023315e-02,1.190758720040321350e-01,1.816820502281188965e-01,2.454931437969207764e-01,3.111446201801300049e-01,3.678621351718902588e-01,4.246821701526641846e-01,4.817599356174468994e-01,5.389270782470703125e-01,5.954556465148925781e-01,6.531252861022949219e-01,7.104732394218444824e-01,7.685019373893737793e-01,8.260562419891357422e-01,8.827191591262817383e-01,9.393733739852905273e-01,9.945092201232910156e-01,1.048108935356140137e+00,1.099839925765991211e+00,1.152732729911804199e+00
-8.212553337216377258e-03,5.633817613124847412e-02,1.184354051947593689e-01,1.811485886573791504e-01,2.453902810811996460e-01,3.072311878204345703e-01,3.646873831748962402e-01,4.230456948280334473e-01,4.810414016246795654e-01,5.390589833259582520e-01,5.968968868255615234e-01,6.551290154457092285e-01,7.129774093627929688e-01,nan,8.288877010345458984e-01,8.858590722084045410e-01,9.421918392181396484e-01,9.975983500480651855e-01,1.051422238349914551e+00,1.104001998901367188e+00,1.157060146331787109e+00
-7.942882366478443146e-03,5.625554919242858887e-02,1.176305413246154785e-01,1.812795102596282959e-01,2.456995844841003418e-01,3.031530380249023438e-01,3.620727360248565674e-01,nan,4.803897440433502197e-01,5.397903919219970703e-01,5.985016226768493652e-01,6.566526889801025391e-01,7.153880596160888672e-01,7.732506394386291504e-01,8.315452933311462402e-01,8.888823986053466797e-01,9.449850320816040039e-01,1.000430941581726074e+00,1.054549574851989746e+00,1.107937216758728027e+00,1.161440134048461914e+00
-7.240022532641887665e-03,5.560277774930000305e-02,1.171243265271186829e-01,1.816891878843307495e-01,2.416971027851104736e-01,3.004581034183502197e-01,3.602019846439361572e-01,4.200190603733062744e-01,4.799304306507110596e-01,5.398291349411010742e-01,5.995821952819824219e-01,6.584233641624450684e-01,7.174376845359802246e-01,7.757664322853088379e-01,8.336982727050781250e-01,8.915833234786987305e-01,9.477964639663696289e-01,1.003094315528869629e+00,1.057283401489257812e+00,1.111665010452270508e+00,1.165797472000122070e+00
-6.814698223024606705e-03,5.490832030773162842e-02,1.171555891633033752e-01,nan,2.390313446521759033e-01,2.986635267734527588e-01,nan,4.185842871665954590e-01,4.795056283473968506e-01,5.396366119384765625e-01,6.009991168975830078e-01,6.603574752807617188e-01,7.190739512443542480e-01,7.782981991767883301e-01,8.361182212829589844e-01,8.940842151641845703e-01,9.505895376205444336e-01,1.005683779716491699e+00,1.060163021087646484e+00,1.115311503410339355e+00,1.169729351997375488e+00
-6.840509362518787384e-03,5.429929122328758240e-02,1.180359870195388794e-01,1.770551502704620361e-01,2.373382002115249634e-01,2.974741458892822266e-01,3.575807213783264160e-01,4.178585708141326904e-01,4.789118766784667969e-01,5.397841930389404297e-01,6.017383337020874023e-01,6.617304682731628418e-01,7.210966348648071289e-01,7.802692055702209473e-01,8.385921120643615723e-01,8.961504101753234863e-01,9.531325101852416992e-01,1.008252024650573730e+00,1.063125371932983398e+00,1.118757605552673340e+00,1.172830104827880859e+00
