# 1st dimension: Re = np.logspace(np.log10(1.4e6), np.log10(1.05e7), 20); 2nd dimension: alpha = np.arange(-5., 5.5, .5)
-4.458378255367279053e-01,-3.912749290466308594e-01,-3.427416980266571045e-01,-2.993805706501007080e-01,-2.614462077617645264e-01,-2.266435474157333374e-01,-1.933349519968032837e-01,-1.469215899705886841e-01,-9.616121649742126465e-02,-4.850806668400764465e-02,-1.376890031679067761e-05,4.848417267203330994e-02,9.609452635049819946e-02,1.467335075139999390e-01,1.931747794151306152e-01,2.312781810760498047e-01,2.619268298149108887e-01,2.985329329967498779e-01,3.429824411869049072e-01,3.916651606559753418e-01,4.460381567478179932e-01
-4.490886628627777100e-01,-3.964979350566864014e-01,-3.473142981529235840e-01,-3.015552461147308350e-01,-2.591422796249389648e-01,-2.247435599565505981e-01,-1.948218643665313721e-01,-1.467056125402450562e-01,-9.663003683090209961e-02,-4.931461438536643982e-02,-6.821028364356607199e-06,4.930719733238220215e-02,9.644787013530731201e-02,1.466790735721588135e-01,1.945337057113647461e-01,2.288672327995300293e-01,2.592847943305969238e-01,3.012303411960601807e-01,3.477846086025238037e-01,3.967409431934356689e-01,4.494135677814483643e-01
-4.535645544528961182e-01,-4.026907682418823242e-01,-3.515629470348358154e-01,-3.026660084724426270e-01,-2.608884572982788086e-01,-2.237295508384704590e-01,-1.939885169267654419e-01,-1.474521756172180176e-01,-9.903423488140106201e-02,-4.934192076325416565e-02,-1.224272455147001892e-05,4.942723363637924194e-02,9.855728596448898315e-02,1.474374532699584961e-01,1.937026232481002808e-01,2.270838618278503418e-01,2.603128254413604736e-01,3.025903403759002686e-01,3.521006703376770020e-01,4.028773009777069092e-01,4.539730250835418701e-01
-4.597499370574951172e-01,-4.076804816722869873e-01,-3.545789420604705811e-01,-3.049959242343902588e-01,-2.628524899482727051e-01,-2.233185768127441406e-01,-1.921889185905456543e-01,-1.472079902887344360e-01,-1.000655367970466614e-01,-4.938040673732757568e-02,-1.147279272117884830e-05,4.941376298666000366e-02,9.892087429761886597e-02,1.472335159778594971e-01,1.917144358158111572e-01,2.254286110401153564e-01,2.618121504783630371e-01,3.049935102462768555e-01,3.552145361900329590e-01,4.079602658748626709e-01,4.600484967231750488e-01
-4.650987982749938965e-01,-4.117535948753356934e-01,-3.575472831726074219e-01,-3.091121613979339600e-01,-2.647840678691864014e-01,-2.232497930526733398e-01,-1.879671066999435425e-01,-1.484280675649642944e-01,-1.002061963081359863e-01,-5.014855787158012390e-02,-1.313149641646305099e-05,5.022684484720230103e-02,1.000388264656066895e-01,1.484102904796600342e-01,1.872749477624893188e-01,2.245023697614669800e-01,2.633643746376037598e-01,3.093401193618774414e-01,3.577696979045867920e-01,4.118274450302124023e-01,4.652481079101562500e-01
-4.697677195072174072e-01,-4.137897789478302002e-01,-3.628875613212585449e-01,-3.126110434532165527e-01,-2.667422890663146973e-01,-2.224151492118835449e-01,-1.863466799259185791e-01,-1.478050947189331055e-01,-1.020692065358161926e-01,-5.041261017322540283e-02,-1.618637907085940242e-05,5.061264708638191223e-02,1.016594544053077698e-01,1.476956158876419067e-01,1.861153990030288696e-01,2.233436703681945801e-01,2.649818360805511475e-01,3.129385709762573242e-01,3.631620109081268311e-01,4.137380421161651611e-01,4.698955118656158447e-01
-4.730946421623229980e-01,-4.197447896003723145e-01,-3.672555387020111084e-01,nan,-2.684043049812316895e-01,-2.226808220148086548e-01,-1.848763525485992432e-01,-1.470266133546829224e-01,-1.019911915063858032e-01,-4.985684528946876526e-02,-1.035430523188551888e-05,5.011833086609840393e-02,1.012664809823036194e-01,1.466623395681381226e-01,1.840654015541076660e-01,2.232364863157272339e-01,2.669108808040618896e-01,3.162188529968261719e-01,3.674912750720977783e-01,4.198131263256072998e-01,4.731881320476531982e-01
-4.777958393096923828e-01,-4.247560501098632812e-01,-3.713803887367248535e-01,-3.187186717987060547e-01,-2.687288224697113037e-01,-2.240792065858840942e-01,-1.832606941461563110e-01,-1.452558338642120361e-01,-1.018533110618591309e-01,-5.120004341006278992e-02,-1.556024108140263706e-05,5.118085443973541260e-02,1.017119064927101135e-01,1.445426642894744873e-01,1.824779212474822998e-01,2.244503051042556763e-01,2.681066393852233887e-01,3.192898631095886230e-01,3.714822232723236084e-01,4.249973595142364502e-01,4.778279066085815430e-01
-4.833548069000244141e-01,-4.289322793483734131e-01,-3.752158284187316895e-01,-3.206590116024017334e-01,-2.714432179927825928e-01,-2.252406179904937744e-01,-1.827863305807113647e-01,-1.424844413995742798e-01,-1.009574607014656067e-01,-5.262804403901100159e-02,-8.620355401944834739e-06,5.244776979088783264e-02,1.006871163845062256e-01,1.421739459037780762e-01,1.807352751493453979e-01,2.254396677017211914e-01,2.710115611553192139e-01,3.214776217937469482e-01,3.753716647624969482e-01,4.292068481445312500e-01,4.833332300186157227e-01
-4.891177117824554443e-01,-4.327120780944824219e-01,-3.782702684402465820e-01,-3.241886198520660400e-01,-2.741982340812683105e-01,-2.264005690813064575e-01,-1.822538673877716064e-01,-1.408270746469497681e-01,-9.989064186811447144e-02,-5.184686183929443359e-02,8.943953434936702251e-05,5.116415023803710938e-02,9.960079193115234375e-02,nan,1.797867268323898315e-01,2.263663262128829956e-01,2.741270065307617188e-01,3.244059979915618896e-01,3.785425722599029541e-01,4.328758716583251953e-01,4.891317188739776611e-01
-4.939964711666107178e-01,-4.366541802883148193e-01,-3.809208571910858154e-01,-3.281436860561370850e-01,-2.764100432395935059e-01,-2.276010811328887939e-01,-1.816840320825576782e-01,nan,nan,-5.167568102478981018e-02,2.753144690359476954e-05,5.123528093099594116e-02,9.768155217170715332e-02,1.389078795909881592e-01,1.792539656162261963e-01,2.272922843694686890e-01,2.766368985176086426e-01,3.283937871456146240e-01,3.812618553638458252e-01,4.367590844631195068e-01,4.940555691719055176e-01
-4.980656504631042480e-01,-4.398959279060363770e-01,-3.851995468139648438e-01,-3.314423859119415283e-01,-2.782755494117736816e-01,-2.292761653661727905e-01,-1.815435141324996948e-01,-1.382207423448562622e-01,-9.430129081010818481e-02,-5.154797807335853577e-02,2.338322228752076626e-04,5.034850165247917175e-02,9.394106268882751465e-02,1.369264721870422363e-01,1.793137490749359131e-01,2.280645966529846191e-01,2.791954874992370605e-01,3.316735923290252686e-01,3.854212462902069092e-01,4.399932622909545898e-01,4.980296492576599121e-01
-5.014205574989318848e-01,-4.455932676792144775e-01,-3.902269303798675537e-01,-3.345988392829895020e-01,-2.806230187416076660e-01,-2.304920107126235962e-01,-1.813972443342208862e-01,-1.374741345643997192e-01,nan,-5.128101259469985962e-02,6.643941742368042469e-05,4.931910708546638489e-02,9.126917272806167603e-02,1.350965052843093872e-01,1.795734018087387085e-01,2.295257896184921265e-01,2.811653316020965576e-01,3.347172439098358154e-01,3.904007673263549805e-01,4.456519484519958496e-01,5.012170076370239258e-01
-5.051433444023132324e-01,-4.504274725914001465e-01,-3.949685990810394287e-01,-3.377347588539123535e-01,-2.821495831012725830e-01,-2.322283089160919189e-01,nan,nan,-8.951217681169509888e-02,-4.907279834151268005e-02,3.634695895016193390e-04,4.704631865024566650e-02,8.886333554983139038e-02,1.335944682359695435e-01,1.799299865961074829e-01,2.313649654388427734e-01,2.832297682762145996e-01,3.378445208072662354e-01,3.952668905258178711e-01,4.503681957721710205e-01,5.046699643135070801e-01
-5.090274810791015625e-01,-4.542097449302673340e-01,-3.985903263092041016e-01,-3.405679166316986084e-01,-2.847730219364166260e-01,-2.339352071285247803e-01,-1.809760481119155884e-01,-1.355153173208236694e-01,-8.775332570075988770e-02,-4.593834653496742249e-02,1.124746049754321575e-04,4.360277578234672546e-02,8.713965117931365967e-02,1.323396116495132446e-01,1.807425022125244141e-01,2.328379452228546143e-01,2.852144837379455566e-01,3.407544493675231934e-01,3.990794122219085693e-01,4.540969133377075195e-01,5.083945393562316895e-01
-5.121690034866333008e-01,-4.573231339454650879e-01,-4.012817740440368652e-01,-3.428544104099273682e-01,-2.876902520656585693e-01,-2.347553223371505737e-01,-1.809610277414321899e-01,-1.346179842948913574e-01,-8.635751157999038696e-02,-4.269576817750930786e-02,7.654226465092506260e-06,4.101030528545379639e-02,8.579748868942260742e-02,1.309454888105392456e-01,1.809696555137634277e-01,2.339527606964111328e-01,2.880378067493438721e-01,3.431349098682403564e-01,4.018018841743469238e-01,4.572529494762420654e-01,5.116450786590576172e-01
-5.147662162780761719e-01,-4.598887264728546143e-01,-4.036792218685150146e-01,-3.469500243663787842e-01,-2.903163433074951172e-01,-2.353895157575607300e-01,-1.818006932735443115e-01,-1.337639689445495605e-01,-8.473835885524749756e-02,-3.921587020158767700e-02,nan,3.864580765366554260e-02,8.417371660470962524e-02,nan,1.819096952676773071e-01,2.346968799829483032e-01,2.906770110130310059e-01,3.471649587154388428e-01,4.040157794952392578e-01,4.598394036293029785e-01,5.144726634025573730e-01
-5.170536637306213379e-01,-4.620314836502075195e-01,-4.060513079166412354e-01,-3.510049283504486084e-01,-2.915866076946258545e-01,-2.363566905260086060e-01,-1.825768947601318359e-01,-1.328541785478591919e-01,-8.298094570636749268e-02,-3.706574812531471252e-02,-1.306218444369733334e-03,3.607456013560295105e-02,8.200514316558837891e-02,1.291439384222030640e-01,1.825813055038452148e-01,2.358606308698654175e-01,2.917306423187255859e-01,3.511414229869842529e-01,4.062470793724060059e-01,4.618705809116363525e-01,5.169245600700378418e-01
-5.189985036849975586e-01,-4.640614092350006104e-01,-4.094620347023010254e-01,-3.537832796573638916e-01,-2.922782003879547119e-01,-2.378455400466918945e-01,-1.821853816509246826e-01,-1.321128904819488525e-01,-8.144769072532653809e-02,-3.584579005837440491e-02,-1.415415317751467228e-03,3.528035059571266174e-02,7.977765798568725586e-02,1.293187290430068970e-01,1.820043325424194336e-01,2.378229945898056030e-01,2.923697531223297119e-01,3.539771139621734619e-01,4.095948338508605957e-01,4.636833965778350830e-01,5.189583897590637207e-01
-5.207688808441162109e-01,-4.663052856922149658e-01,-4.122511446475982666e-01,-3.546745479106903076e-01,-2.950865328311920166e-01,-2.383964210748672485e-01,-1.822103112936019897e-01,nan,-8.050195127725601196e-02,-3.563765436410903931e-02,-1.842937432229518890e-03,nan,7.710875570774078369e-02,1.283618658781051636e-01,1.821321994066238403e-01,2.388181090354919434e-01,2.952225804328918457e-01,3.550557494163513184e-01,4.124262034893035889e-01,4.656604826450347900e-01,5.207475423812866211e-01
