# 1st dimension: Re = np.logspace(np.log10(1.4e6), np.log10(1.05e7), 20); 2nd dimension: alpha = np.arange(-5., 5.5, .5)
nan,nan,nan,nan,nan,nan,nan,nan,nan,nan,4.030655622482299805e-01,nan,nan,nan,nan,nan,nan,nan,nan,nan,nan
nan,nan,nan,nan,nan,nan,nan,nan,nan,nan,4.026616513729095459e-01,nan,nan,nan,nan,nan,nan,nan,nan,nan,nan
nan,nan,nan,nan,nan,nan,nan,nan,nan,nan,4.023647308349609375e-01,nan,nan,nan,nan,nan,nan,nan,nan,nan,nan
-7.004176080226898193e-02,-2.902803942561149597e-02,1.511743944138288498e-02,6.154407560825347900e-02,1.086649298667907715e-01,1.568952500820159912e-01,1.884813010692596436e-01,2.416723072528839111e-01,2.958646714687347412e-01,nan,nan,4.579882621765136719e-01,5.143595933914184570e-01,5.671995878219604492e-01,6.242319941520690918e-01,6.808272004127502441e-01,7.372066974639892578e-01,7.938123345375061035e-01,8.503915667533874512e-01,9.069465398788452148e-01,9.634186029434204102e-01
nan,nan,nan,nan,nan,nan,nan,nan,nan,nan,nan,nan,5.142425298690795898e-01,5.667204260826110840e-01,6.243115663528442383e-01,6.810016632080078125e-01,nan,7.941589951515197754e-01,8.508319854736328125e-01,9.074725508689880371e-01,9.640867710113525391e-01
nan,nan,nan,nan,nan,nan,nan,nan,nan,nan,nan,nan,5.097697377204895020e-01,5.648643374443054199e-01,nan,nan,nan,7.944810390472412109e-01,8.512409925460815430e-01,9.079521894454956055e-01,9.646720290184020996e-01
nan,nan,nan,nan,nan,nan,nan,nan,nan,nan,nan,nan,nan,5.628867745399475098e-01,6.243850588798522949e-01,6.813001632690429688e-01,7.381486296653747559e-01,7.947850227355957031e-01,8.516184687614440918e-01,9.084116816520690918e-01,9.651780724525451660e-01
nan,nan,nan,nan,nan,nan,nan,nan,nan,nan,nan,nan,5.059294700622558594e-01,5.623355507850646973e-01,6.243633031845092773e-01,6.814005374908447266e-01,7.383408546447753906e-01,7.952571511268615723e-01,8.519568443298339844e-01,9.088204503059387207e-01,9.656037688255310059e-01
nan,nan,nan,nan,nan,nan,nan,nan,nan,nan,nan,4.494078457355499268e-01,nan,5.621532797813415527e-01,6.242609024047851562e-01,6.814724206924438477e-01,7.385023236274719238e-01,7.954892516136169434e-01,8.522553443908691406e-01,9.091771841049194336e-01,9.659774303436279297e-01
nan,nan,nan,nan,nan,nan,nan,nan,nan,nan,nan,4.488352835178375244e-01,nan,5.619665384292602539e-01,6.238249540328979492e-01,6.814746260643005371e-01,7.386213541030883789e-01,7.956827282905578613e-01,8.525152802467346191e-01,9.094644188880920410e-01,9.662256240844726562e-01
nan,nan,nan,nan,nan,nan,nan,nan,nan,nan,3.921630680561065674e-01,nan,nan,nan,6.221774220466613770e-01,6.812685132026672363e-01,7.386575937271118164e-01,7.958060503005981445e-01,8.528649210929870605e-01,9.096020460128784180e-01,9.659781455993652344e-01
nan,nan,nan,nan,nan,nan,nan,nan,nan,nan,nan,4.363512694835662842e-01,nan,nan,6.207317113876342773e-01,6.800421476364135742e-01,7.382823824882507324e-01,7.956960797309875488e-01,8.527375459671020508e-01,9.091824293136596680e-01,9.650691151618957520e-01
nan,nan,nan,nan,nan,nan,nan,nan,nan,3.247067332267761230e-01,3.799807429313659668e-01,4.355435669422149658e-01,4.911395311355590820e-01,5.466970205307006836e-01,6.201333403587341309e-01,6.786401867866516113e-01,7.370055317878723145e-01,7.947068214416503906e-01,8.517925143241882324e-01,9.082012176513671875e-01,9.640740752220153809e-01
nan,nan,nan,nan,nan,nan,nan,nan,2.696107029914855957e-01,3.242920637130737305e-01,3.798753321170806885e-01,4.355665147304534912e-01,4.912574291229248047e-01,5.468946099281311035e-01,6.199589371681213379e-01,6.777924895286560059e-01,7.358530163764953613e-01,7.936037778854370117e-01,8.508124351501464844e-01,9.075383543968200684e-01,9.633162021636962891e-01
nan,nan,nan,nan,nan,nan,nan,nan,2.685053348541259766e-01,3.240482509136199951e-01,3.797929584980010986e-01,4.355808794498443604e-01,4.913500249385833740e-01,5.470641851425170898e-01,6.198736429214477539e-01,6.774975061416625977e-01,7.351967692375183105e-01,7.928190231323242188e-01,8.501123189926147461e-01,9.069933891296386719e-01,9.630946516990661621e-01
nan,nan,nan,nan,nan,nan,nan,2.126740068197250366e-01,2.680848836898803711e-01,3.238561451435089111e-01,nan,4.356034100055694580e-01,4.914540350437164307e-01,5.472434163093566895e-01,nan,6.774067282676696777e-01,7.349764108657836914e-01,7.924898266792297363e-01,8.498195409774780273e-01,9.067336320877075195e-01,9.631621241569519043e-01
nan,nan,nan,nan,nan,nan,1.568804383277893066e-01,2.120122164487838745e-01,2.677832543849945068e-01,3.237088918685913086e-01,nan,4.356486499309539795e-01,4.915777742862701416e-01,5.474410057067871094e-01,nan,6.773740649223327637e-01,7.349063754081726074e-01,7.924225330352783203e-01,8.497482538223266602e-01,9.067136645317077637e-01,9.635785222053527832e-01
nan,nan,nan,nan,nan,nan,1.558453142642974854e-01,2.115876078605651855e-01,2.675527930259704590e-01,3.235984742641448975e-01,nan,4.357111454010009766e-01,4.917158484458923340e-01,5.476523041725158691e-01,6.051718592643737793e-01,nan,7.349399328231811523e-01,7.924221754074096680e-01,8.497433662414550781e-01,9.068700075149536133e-01,9.638500809669494629e-01
nan,nan,nan,nan,nan,9.958896040916442871e-02,1.552782356739044189e-01,2.112647294998168945e-01,2.673646509647369385e-01,3.235080540180206299e-01,3.796583116054534912e-01,4.357864260673522949e-01,4.918665587902069092e-01,5.478767156600952148e-01,6.052539944648742676e-01,nan,7.349621653556823730e-01,7.924858331680297852e-01,8.498551249504089355e-01,9.070502519607543945e-01,9.640784263610839844e-01
nan,nan,nan,nan,4.324160143733024597e-02,9.886048734188079834e-02,1.548531949520111084e-01,2.109897583723068237e-01,2.671941518783569336e-01,3.234301805496215820e-01,3.796630203723907471e-01,4.358674287796020508e-01,4.920217990875244141e-01,5.481051206588745117e-01,6.046016812324523926e-01,nan,7.349268198013305664e-01,7.925086617469787598e-01,8.499388694763183594e-01,9.072011709213256836e-01,9.641917943954467773e-01
