# 1st dimension: Re = np.logspace(np.log10(1.4e6), np.log10(1.05e7), 20); 2nd dimension: alpha = np.arange(-5., 5.5, .5)
-3.233393430709838867e-01,-2.730086147785186768e-01,-2.205596864223480225e-01,-1.691456735134124756e-01,-1.151216626167297363e-01,-6.220474839210510254e-02,-8.425543084740638733e-03,4.536726325750350952e-02,9.823899716138839722e-02,1.504471153020858765e-01,2.029433995485305786e-01,2.529903054237365723e-01,3.078014552593231201e-01,3.828104436397552490e-01,4.434317648410797119e-01,4.941579699516296387e-01,5.445381402969360352e-01,5.949636101722717285e-01,6.450480222702026367e-01,6.963019967079162598e-01,7.468329668045043945e-01
-3.268167376518249512e-01,-2.761500179767608643e-01,-2.233873158693313599e-01,-1.703984439373016357e-01,-1.161578819155693054e-01,-6.325101107358932495e-02,-8.750954642891883850e-03,4.474043101072311401e-02,9.811667352914810181e-02,1.509549766778945923e-01,2.032895535230636597e-01,2.540907561779022217e-01,3.044191896915435791e-01,3.750957250595092773e-01,4.436083734035491943e-01,4.943926632404327393e-01,5.441566109657287598e-01,5.951914787292480469e-01,6.453331708908081055e-01,6.962637305259704590e-01,7.475124597549438477e-01
-3.285628259181976318e-01,-2.786403000354766846e-01,-2.258837819099426270e-01,nan,-1.172466948628425598e-01,-6.399543583393096924e-02,-9.508373215794563293e-03,4.457554966211318970e-02,9.784548729658126831e-02,1.511459499597549438e-01,2.038771063089370728e-01,nan,nan,nan,nan,nan,nan,nan,nan,nan,nan
-3.315784037113189697e-01,-2.800220549106597900e-01,-2.274351119995117188e-01,-1.724251359701156616e-01,-1.184750422835350037e-01,-6.428192555904388428e-02,-1.040836516767740250e-02,4.441845417022705078e-02,9.749417006969451904e-02,1.508905440568923950e-01,2.039465457201004028e-01,2.556189596652984619e-01,3.068116903305053711e-01,3.608675003051757812e-01,nan,4.942694008350372314e-01,5.438508987426757812e-01,5.951280593872070312e-01,6.452860236167907715e-01,6.970604658126831055e-01,7.482993006706237793e-01
-3.339033126831054688e-01,-2.817941904067993164e-01,-2.283833771944046021e-01,-1.736872643232345581e-01,-1.192376017570495605e-01,-6.478454172611236572e-02,-1.081144157797098160e-02,4.416503012180328369e-02,9.778061509132385254e-02,1.511524468660354614e-01,2.039701938629150391e-01,2.563694119453430176e-01,3.078669905662536621e-01,3.578991293907165527e-01,4.279066622257232666e-01,4.942975342273712158e-01,5.441368222236633301e-01,5.949784517288208008e-01,6.457969546318054199e-01,6.973019838333129883e-01,7.485437989234924316e-01
-3.362042307853698730e-01,-2.835557162761688232e-01,-2.292125374078750610e-01,-1.749919503927230835e-01,-1.196863353252410889e-01,-6.558792293071746826e-02,-1.106783282011747360e-02,4.324848577380180359e-02,9.789057075977325439e-02,1.509421169757843018e-01,2.038638293743133545e-01,2.567555606365203857e-01,3.091635704040527344e-01,3.596010208129882812e-01,4.219576120376586914e-01,4.926131069660186768e-01,5.442599654197692871e-01,5.946797132492065430e-01,6.460703611373901367e-01,6.973400115966796875e-01,7.491649389266967773e-01
-3.385766744613647461e-01,-2.847204506397247314e-01,-2.299453765153884888e-01,-1.757523268461227417e-01,-1.202254369854927063e-01,-6.632428616285324097e-02,-1.138907484710216522e-02,4.314581304788589478e-02,9.749002754688262939e-02,1.506964117288589478e-01,2.037111520767211914e-01,2.576531469821929932e-01,3.100515604019165039e-01,3.611391782760620117e-01,4.138604700565338135e-01,4.872057139873504639e-01,5.441653132438659668e-01,5.947594642639160156e-01,6.460009217262268066e-01,6.977913379669189453e-01,7.497418522834777832e-01
-3.403129875659942627e-01,-2.858564555644989014e-01,-2.314057350158691406e-01,-1.761294901371002197e-01,-1.209694445133209229e-01,-6.658521294593811035e-02,-1.193849369883537292e-02,4.290549829602241516e-02,9.740241616964340210e-02,1.509130448102951050e-01,2.035253047943115234e-01,2.575447559356689453e-01,3.102278709411621094e-01,3.624970912933349609e-01,4.126912355422973633e-01,4.805642366409301758e-01,5.446457862854003906e-01,5.944467186927795410e-01,6.463127136230468750e-01,6.983473896980285645e-01,7.500386238098144531e-01
-3.414562046527862549e-01,-2.870540618896484375e-01,-2.323971241712570190e-01,-1.766277849674224854e-01,-1.219848766922950745e-01,-6.682295352220535278e-02,-1.264682039618492126e-02,4.218154028058052063e-02,9.684899449348449707e-02,1.502705216407775879e-01,2.036867886781692505e-01,2.578065097332000732e-01,3.111695051193237305e-01,3.637598454952239990e-01,4.151807129383087158e-01,4.730138778686523438e-01,5.450528860092163086e-01,5.949614048004150391e-01,6.468467712402343750e-01,6.986439824104309082e-01,7.502408623695373535e-01
-3.424760401248931885e-01,-2.883032560348510742e-01,-2.329698652029037476e-01,-1.773387044668197632e-01,-1.225607618689537048e-01,-6.744932383298873901e-02,-1.289986073970794678e-02,4.196667298674583435e-02,9.644372761249542236e-02,1.503402441740036011e-01,nan,2.579178214073181152e-01,3.115180730819702148e-01,3.644962906837463379e-01,4.167295992374420166e-01,4.666826426982879639e-01,5.395625233650207520e-01,5.953457355499267578e-01,6.470836400985717773e-01,6.987026929855346680e-01,7.507451772689819336e-01
-3.431181907653808594e-01,-2.892108261585235596e-01,-2.336032092571258545e-01,-1.782764196395874023e-01,-1.229797005653381348e-01,-6.822355091571807861e-02,-1.346102729439735413e-02,4.163607954978942871e-02,9.591808915138244629e-02,1.498450487852096558e-01,2.038161605596542358e-01,2.576775550842285156e-01,3.116559088230133057e-01,3.655628263950347900e-01,4.181393384933471680e-01,4.676962494850158691e-01,5.332530736923217773e-01,5.953153967857360840e-01,6.471083760261535645e-01,6.990940570831298828e-01,7.513467073440551758e-01
-3.420381546020507812e-01,-2.897638678550720215e-01,-2.343606501817703247e-01,-1.789992004632949829e-01,-1.236937865614891052e-01,-6.841745972633361816e-02,-1.401812396943569183e-02,4.076933115720748901e-02,9.565588086843490601e-02,1.500424742698669434e-01,2.043735384941101074e-01,2.579826116561889648e-01,3.123554587364196777e-01,3.659009635448455811e-01,4.189012944698333740e-01,4.700363278388977051e-01,5.244022607803344727e-01,5.956541895866394043e-01,6.475182771682739258e-01,6.996759772300720215e-01,7.517017722129821777e-01
-3.444688916206359863e-01,-2.903735339641571045e-01,-2.352181375026702881e-01,-1.793731302022933960e-01,-1.245665103197097778e-01,-6.873514503240585327e-02,-1.433755736798048019e-02,4.059027880430221558e-02,9.525167942047119141e-02,1.497607529163360596e-01,2.043724656105041504e-01,2.576774060726165771e-01,3.123343586921691895e-01,3.661897778511047363e-01,4.194752871990203857e-01,4.719345569610595703e-01,5.221479535102844238e-01,5.917215943336486816e-01,6.481149196624755859e-01,7.001173496246337891e-01,7.517756223678588867e-01
-3.456510007381439209e-01,-2.911393046379089355e-01,-2.358907163143157959e-01,-1.799627393484115601e-01,-1.248942762613296509e-01,-6.962430477142333984e-02,-1.501656603068113327e-02,3.975861892104148865e-02,9.481707960367202759e-02,1.496359556913375854e-01,2.041481286287307739e-01,2.579181790351867676e-01,3.125604689121246338e-01,3.667183220386505127e-01,4.201348125934600830e-01,4.730653762817382812e-01,5.244389772415161133e-01,5.847163796424865723e-01,6.485205888748168945e-01,7.002491950988769531e-01,7.522104382514953613e-01
-3.466466963291168213e-01,-2.915346324443817139e-01,-2.362306416034698486e-01,-1.809322386980056763e-01,-1.252733618021011353e-01,-6.991502642631530762e-02,-1.522224303334951401e-02,3.933413699269294739e-02,9.474837779998779297e-02,1.497986912727355957e-01,2.045444548130035400e-01,2.581315040588378906e-01,3.127757906913757324e-01,3.671401739120483398e-01,4.202502965927124023e-01,4.740766286849975586e-01,5.260195136070251465e-01,5.757645964622497559e-01,6.481913328170776367e-01,7.005443572998046875e-01,7.527985572814941406e-01
-3.477253019809722900e-01,-2.922828793525695801e-01,-2.366788685321807861e-01,-1.813791543245315552e-01,-1.260795444250106812e-01,-7.081063836812973022e-02,-1.603416725993156433e-02,3.876004368066787720e-02,9.401335567235946655e-02,1.492299586534500122e-01,2.041627317667007446e-01,2.578296363353729248e-01,3.124992549419403076e-01,3.672033846378326416e-01,4.210363030433654785e-01,4.750439822673797607e-01,5.268648862838745117e-01,5.786919593811035156e-01,6.436427831649780273e-01,7.010936141014099121e-01,7.531167864799499512e-01
-3.487650454044342041e-01,-2.927847504615783691e-01,-2.375745624303817749e-01,-1.818848550319671631e-01,-1.264601945877075195e-01,-7.119075953960418701e-02,-1.625324040651321411e-02,3.871971368789672852e-02,9.392794221639633179e-02,1.491660177707672119e-01,2.043064236640930176e-01,2.581689059734344482e-01,3.130399286746978760e-01,3.675335347652435303e-01,4.214845299720764160e-01,4.758310914039611816e-01,5.281454324722290039e-01,5.810939669609069824e-01,6.333690881729125977e-01,7.016841769218444824e-01,7.530930042266845703e-01
-3.494043648242950439e-01,-2.933371663093566895e-01,-2.381706535816192627e-01,-1.827334910631179810e-01,-1.272754222154617310e-01,-7.200279831886291504e-02,-1.707225851714611053e-02,3.811126574873924255e-02,9.343244135379791260e-02,1.489609628915786743e-01,2.041433155536651611e-01,2.581551074981689453e-01,3.128915727138519287e-01,3.682217895984649658e-01,4.217047691345214844e-01,4.763601720333099365e-01,5.293191671371459961e-01,5.829110145568847656e-01,6.341808438301086426e-01,6.998001337051391602e-01,7.535685896873474121e-01
-3.498950302600860596e-01,-2.942339181900024414e-01,-2.386783957481384277e-01,-1.830962747335433960e-01,-1.278523355722427368e-01,-7.247881591320037842e-02,-1.730363070964813232e-02,3.777233883738517761e-02,9.311144053936004639e-02,1.485321819782257080e-01,2.039126157760620117e-01,2.580124735832214355e-01,3.129363656044006348e-01,3.681857883930206299e-01,4.222727715969085693e-01,4.768567383289337158e-01,5.300489068031311035e-01,nan,6.366326212882995605e-01,6.911769509315490723e-01,7.539931535720825195e-01
-3.504641652107238770e-01,-2.949702143669128418e-01,-2.395450174808502197e-01,-1.838420629501342773e-01,-1.287309229373931885e-01,-7.332574576139450073e-02,-1.784917153418064117e-02,3.761805221438407898e-02,9.280089288949966431e-02,1.483188569545745850e-01,nan,2.583806812763214111e-01,3.132255077362060547e-01,3.684464693069458008e-01,4.228467047214508057e-01,nan,5.307928919792175293e-01,5.846666097640991211e-01,nan,6.888417601585388184e-01,7.538408637046813965e-01
