# 1st dimension: Re = np.logspace(np.log10(1.4e6), np.log10(1.05e7), 20); 2nd dimension: alpha = np.arange(-5., 5.5, .5)
-2.580362260341644287e-01,-2.049356698989868164e-01,-1.515409350395202637e-01,-9.871308505535125732e-02,-4.352516680955886841e-02,1.025488134473562241e-02,6.455469131469726562e-02,1.181617453694343567e-01,1.724234074354171753e-01,2.253455072641372681e-01,2.776914536952972412e-01,3.287803232669830322e-01,3.799651861190795898e-01,4.560008347034454346e-01,5.134564638137817383e-01,5.653951168060302734e-01,6.174906492233276367e-01,6.693806648254394531e-01,7.211404442787170410e-01,7.727100849151611328e-01,8.236258625984191895e-01
-2.609645128250122070e-01,-2.071268260478973389e-01,-1.537036001682281494e-01,-9.931617230176925659e-02,-4.423392191529273987e-02,9.562665596604347229e-03,6.432772427797317505e-02,1.178789585828781128e-01,1.723491996526718140e-01,2.257225960493087769e-01,2.787512540817260742e-01,3.301917016506195068e-01,3.798615336418151855e-01,4.486177563667297363e-01,5.131950974464416504e-01,5.648464560508728027e-01,6.171885728836059570e-01,6.691046953201293945e-01,7.211681604385375977e-01,7.732452750205993652e-01,8.237608075141906738e-01
-2.607658207416534424e-01,-2.092379629611968994e-01,-1.551749110221862793e-01,-9.963466972112655640e-02,-4.517246410250663757e-02,9.371519088745117188e-03,6.361234933137893677e-02,1.181198731064796448e-01,1.716977208852767944e-01,2.257417440414428711e-01,2.788932025432586670e-01,3.312817811965942383e-01,3.820127546787261963e-01,4.416594505310058594e-01,5.137164592742919922e-01,5.652015805244445801e-01,6.174322962760925293e-01,6.696079373359680176e-01,7.215311527252197266e-01,7.733023166656494141e-01,8.239309787750244141e-01
-2.626410722732543945e-01,-2.110260277986526489e-01,-1.560150086879730225e-01,-1.006384789943695068e-01,-4.607910662889480591e-02,9.091602638363838196e-03,6.289993971586227417e-02,1.178816482424736023e-01,1.720090508460998535e-01,2.256387025117874146e-01,2.788937687873840332e-01,3.319811522960662842e-01,3.835772871971130371e-01,4.351675212383270264e-01,5.098322033882141113e-01,5.652480721473693848e-01,6.178389787673950195e-01,6.698719263076782227e-01,7.213870286941528320e-01,7.728531956672668457e-01,8.246839642524719238e-01
-2.649067640304565430e-01,-2.117219120264053345e-01,-1.567652821540832520e-01,-1.017014011740684509e-01,-4.644376039505004883e-02,8.736084215342998505e-03,6.290826946496963501e-02,1.172185465693473816e-01,1.715798228979110718e-01,2.259354740381240845e-01,2.794928550720214844e-01,3.330559432506561279e-01,3.851057291030883789e-01,4.357250034809112549e-01,5.027433633804321289e-01,5.649580955505371094e-01,6.175668239593505859e-01,6.694621443748474121e-01,7.214509844779968262e-01,7.733219861984252930e-01,8.250845074653625488e-01
-2.669233679771423340e-01,-2.118811905384063721e-01,-1.575117856264114380e-01,-1.026472747325897217e-01,-4.672325775027275085e-02,7.870003581047058105e-03,6.261818110942840576e-02,1.170848757028579712e-01,1.711837649345397949e-01,2.255494892597198486e-01,2.793213725090026855e-01,3.335953652858734131e-01,3.867388367652893066e-01,4.382518529891967773e-01,4.961094260215759277e-01,5.652717351913452148e-01,6.173356771469116211e-01,6.696048974990844727e-01,7.220515608787536621e-01,7.731193304061889648e-01,8.249840140342712402e-01
-2.682858407497406006e-01,-2.129551768302917480e-01,-1.583438217639923096e-01,-1.030696183443069458e-01,-4.713507369160652161e-02,7.445901632308959961e-03,6.212130561470985413e-02,1.168458685278892517e-01,1.712818592786788940e-01,2.255999892950057983e-01,2.796077132225036621e-01,3.337334692478179932e-01,3.877626359462738037e-01,4.398378133773803711e-01,4.904604554176330566e-01,5.638064146041870117e-01,6.177376508712768555e-01,6.697665452957153320e-01,7.223765850067138672e-01,7.731913328170776367e-01,8.254356384277343750e-01
-2.691972255706787109e-01,-2.139671295881271362e-01,-1.591126918792724609e-01,-1.033683344721794128e-01,-4.785175621509552002e-02,7.335368543863296509e-03,6.162560731172561646e-02,1.162840649485588074e-01,1.709818542003631592e-01,2.257277369499206543e-01,2.799997627735137939e-01,3.344962596893310547e-01,3.881384134292602539e-01,4.406531751155853271e-01,4.918899238109588623e-01,5.574414730072021484e-01,6.174376010894775391e-01,6.692793965339660645e-01,7.218694090843200684e-01,7.738193869590759277e-01,8.261249661445617676e-01
-2.700752317905426025e-01,-2.150614559650421143e-01,-1.597369760274887085e-01,-1.037292927503585815e-01,-4.870805889368057251e-02,6.755180191248655319e-03,6.149672716856002808e-02,1.160918846726417542e-01,1.706385910511016846e-01,2.252558767795562744e-01,2.801157534122467041e-01,3.348008692264556885e-01,3.887482285499572754e-01,4.419260323047637939e-01,4.939575493335723877e-01,5.486985445022583008e-01,6.172371506690979004e-01,6.695154905319213867e-01,7.220681905746459961e-01,7.742289304733276367e-01,8.264198303222656250e-01
-2.709855139255523682e-01,-2.161468714475631714e-01,-1.601797640323638916e-01,-1.043012440204620361e-01,-4.899106547236442566e-02,5.940238945186138153e-03,6.103678420186042786e-02,1.159201934933662415e-01,1.705970764160156250e-01,2.256411015987396240e-01,2.800713181495666504e-01,nan,nan,nan,nan,nan,nan,nan,nan,nan,nan
-2.720098793506622314e-01,-2.167528271675109863e-01,-1.606655418872833252e-01,-1.051142141222953796e-01,-4.946858808398246765e-02,5.762436427175998688e-03,6.047109141945838928e-02,1.153958961367607117e-01,1.702918559312820435e-01,2.255668491125106812e-01,2.803804278373718262e-01,nan,3.891203999519348145e-01,4.436968863010406494e-01,4.972504675388336182e-01,5.488454103469848633e-01,6.107043623924255371e-01,6.700321435928344727e-01,7.215066552162170410e-01,7.743233442306518555e-01,8.269175887107849121e-01
-2.730047404766082764e-01,-2.171968370676040649e-01,nan,nan,-5.036986619234085083e-02,5.474208388477563858e-03,6.018739938735961914e-02,1.152470484375953674e-01,1.700163334608078003e-01,2.252717167139053345e-01,2.804496884346008301e-01,3.354934155941009521e-01,3.897555470466613770e-01,4.440329670906066895e-01,4.977356791496276855e-01,5.506018400192260742e-01,6.011213660240173340e-01,6.698761582374572754e-01,7.219768762588500977e-01,7.749226689338684082e-01,8.276295065879821777e-01
-2.735133171081542969e-01,-2.177032977342605591e-01,-1.621195822954177856e-01,-1.059564426541328430e-01,-5.073932930827140808e-02,4.693866241723299026e-03,5.939471721649169922e-02,1.149724274873733521e-01,1.700468361377716064e-01,2.253650873899459839e-01,2.800906598567962646e-01,3.352577984333038330e-01,3.902651071548461914e-01,4.448070228099822998e-01,4.986039698123931885e-01,5.517418980598449707e-01,6.025749444961547852e-01,6.688542366027832031e-01,7.221124172210693359e-01,7.753908038139343262e-01,8.281335830688476562e-01
-2.731935381889343262e-01,-2.183661162853240967e-01,-1.626372188329696655e-01,-1.068343892693519592e-01,-5.114255845546722412e-02,4.396986681967973709e-03,5.933932587504386902e-02,1.145006418228149414e-01,1.696839332580566406e-01,2.254230380058288574e-01,2.804826200008392334e-01,3.352061808109283447e-01,3.901390731334686279e-01,4.449199736118316650e-01,4.995724260807037354e-01,5.531633496284484863e-01,6.053583025932312012e-01,6.611690521240234375e-01,7.219597101211547852e-01,7.753714919090270996e-01,8.281850218772888184e-01
-2.740429043769836426e-01,-2.191030979156494141e-01,-1.629381924867630005e-01,-1.074549928307533264e-01,-5.190744623541831970e-02,3.651627339422702789e-03,5.902444571256637573e-02,1.144264936447143555e-01,1.694753766059875488e-01,2.250099033117294312e-01,2.806257009506225586e-01,3.354074060916900635e-01,3.905788958072662354e-01,4.448719024658203125e-01,4.996589720249176025e-01,5.538391470909118652e-01,6.064202189445495605e-01,6.569262146949768066e-01,7.222966551780700684e-01,7.755059599876403809e-01,8.284314274787902832e-01
-2.750139236450195312e-01,-2.195595204830169678e-01,-1.635700017213821411e-01,-1.078695356845855713e-01,-5.222012475132942200e-02,3.180280560627579689e-03,5.847847461700439453e-02,1.139393523335456848e-01,1.695986837148666382e-01,2.248920947313308716e-01,2.804081439971923828e-01,3.351913690567016602e-01,3.909866809844970703e-01,4.455895125865936279e-01,5.000096559524536133e-01,5.543636083602905273e-01,6.075465679168701172e-01,6.591841578483581543e-01,7.204163074493408203e-01,7.760080695152282715e-01,8.290126323699951172e-01
-2.758818566799163818e-01,-2.198208123445510864e-01,-1.644158661365509033e-01,-1.087882667779922485e-01,-5.277824029326438904e-02,2.728749532252550125e-03,5.848826095461845398e-02,1.134803593158721924e-01,1.695597171783447266e-01,2.248589247465133667e-01,2.804782390594482422e-01,3.351679146289825439e-01,3.907969594001770020e-01,4.456588625907897949e-01,5.008578896522521973e-01,5.550396442413330078e-01,6.085966825485229492e-01,6.613359451293945312e-01,7.107470631599426270e-01,7.765850424766540527e-01,8.296562433242797852e-01
-2.764221429824829102e-01,-2.201369553804397583e-01,-1.647846400737762451e-01,-1.091014295816421509e-01,-5.353317409753799438e-02,2.105392748489975929e-03,5.824526399374008179e-02,1.135810539126396179e-01,1.690514683723449707e-01,2.243179976940155029e-01,2.806749045848846436e-01,3.355972468852996826e-01,3.906321525573730469e-01,4.457049667835235596e-01,5.013008117675781250e-01,5.556436181068420410e-01,6.095311045646667480e-01,6.620417833328247070e-01,7.140386104583740234e-01,7.767743468284606934e-01,8.300549387931823730e-01
-2.768564522266387939e-01,-2.211355715990066528e-01,-1.657560914754867554e-01,-1.096687465906143188e-01,-5.393925309181213379e-02,1.950456760823726654e-03,5.759672075510025024e-02,1.132905408740043640e-01,1.690381020307540894e-01,2.243713438510894775e-01,2.803980410099029541e-01,3.358755409717559814e-01,3.910617232322692871e-01,4.459599554538726807e-01,5.013747811317443848e-01,5.555105805397033691e-01,6.100189685821533203e-01,6.631559729576110840e-01,7.159570455551147461e-01,7.663291096687316895e-01,8.301140069961547852e-01
-2.775038778781890869e-01,-2.216249555349349976e-01,-1.661492437124252319e-01,-1.103740260004997253e-01,-5.475138127803802490e-02,1.628639758564531803e-03,5.753049254417419434e-02,1.127894222736358643e-01,1.689213961362838745e-01,2.245078533887863159e-01,2.801545262336730957e-01,3.357643783092498779e-01,3.905875682830810547e-01,4.465925395488739014e-01,5.017052292823791504e-01,5.559641122817993164e-01,6.106527447700500488e-01,nan,7.175690531730651855e-01,7.695914506912231445e-01,8.304421305656433105e-01
