# 1st dimension: Re = np.logspace(np.log10(1.4e6), np.log10(1.05e7), 20); 2nd dimension: alpha = np.arange(-5., 5.5, .5)
-4.504197537899017334e-01,-3.984125554561614990e-01,-3.455358445644378662e-01,-2.910560667514801025e-01,-2.395461201667785645e-01,-1.880974024534225464e-01,-1.347186118364334106e-01,-8.144505321979522705e-02,-2.912580035626888275e-02,2.401088178157806396e-02,7.565333694219589233e-02,1.241830363869667053e-01,1.986257284879684448e-01,2.859224081039428711e-01,3.548963069915771484e-01,4.252291023731231689e-01,4.975249469280242920e-01,5.497196912765502930e-01,6.016137599945068359e-01,6.531435251235961914e-01,7.043284773826599121e-01
-4.529013335704803467e-01,-4.005525410175323486e-01,-3.464815020561218262e-01,-2.922755479812622070e-01,-2.405122220516204834e-01,-1.886924207210540771e-01,-1.358406990766525269e-01,-8.173614740371704102e-02,-2.942751534283161163e-02,2.417441830039024353e-02,7.668359577655792236e-02,1.263729035854339600e-01,nan,2.812277674674987793e-01,nan,4.171301126480102539e-01,nan,5.505432486534118652e-01,6.024833917617797852e-01,6.540348529815673828e-01,7.053261995315551758e-01
-4.552531540393829346e-01,-4.022285342216491699e-01,-3.478282392024993896e-01,-2.937974631786346436e-01,-2.410446703433990479e-01,-1.893581449985504150e-01,-1.363931447267532349e-01,-8.238501846790313721e-02,-2.935390174388885498e-02,2.398343570530414581e-02,7.721947133541107178e-02,1.278416812419891357e-01,1.766595691442489624e-01,2.751882672309875488e-01,3.416984975337982178e-01,4.098314344882965088e-01,4.809571802616119385e-01,5.513086915016174316e-01,6.033117771148681641e-01,6.548378467559814453e-01,7.063448429107666016e-01
-4.569786190986633301e-01,-4.035067260265350342e-01,-3.491437137126922607e-01,-2.952041327953338623e-01,-2.417223602533340454e-01,-1.900360435247421265e-01,-1.367748379707336426e-01,-8.282702416181564331e-02,-3.010416962206363678e-02,2.417251095175743103e-02,7.754752039909362793e-02,1.290322095155715942e-01,1.792530566453933716e-01,2.554326057434082031e-01,3.378257453441619873e-01,4.027154445648193359e-01,4.716478288173675537e-01,5.459546446800231934e-01,6.039223074913024902e-01,6.554524302482604980e-01,7.072097063064575195e-01
-4.562442600727081299e-01,-4.046470522880554199e-01,-3.505042195320129395e-01,-2.961873114109039307e-01,-2.423638701438903809e-01,-1.906162947416305542e-01,-1.376319527626037598e-01,-8.304028213024139404e-02,-3.011562488973140717e-02,2.359952218830585480e-02,7.807095348834991455e-02,1.303463429212570190e-01,1.811900138854980469e-01,2.295220643281936646e-01,3.320455849170684814e-01,3.956806063652038574e-01,4.638677835464477539e-01,5.357383489608764648e-01,6.044860482215881348e-01,6.561889648437500000e-01,7.079080343246459961e-01
-4.585976004600524902e-01,-4.055637419223785400e-01,-3.518477380275726318e-01,-2.968089282512664795e-01,-2.434916198253631592e-01,-1.907993108034133911e-01,-1.385101824998855591e-01,-8.373679965734481812e-02,-3.016471676528453827e-02,2.336716465651988983e-02,7.749899476766586304e-02,1.308454126119613647e-01,1.827184110879898071e-01,2.310398072004318237e-01,3.243875205516815186e-01,3.912660479545593262e-01,4.568829834461212158e-01,5.257689356803894043e-01,nan,6.571921706199645996e-01,7.087906002998352051e-01
-4.604827463626861572e-01,-4.061267673969268799e-01,-3.529115021228790283e-01,-2.977873384952545166e-01,-2.443646490573883057e-01,-1.916103959083557129e-01,-1.386222094297409058e-01,-8.455762267112731934e-02,-3.007500246167182922e-02,2.357063442468643188e-02,7.774349302053451538e-02,1.313979625701904297e-01,1.840046644210815430e-01,2.346896678209304810e-01,2.996940910816192627e-01,3.892731666564941406e-01,4.505815804004669189e-01,5.188693404197692871e-01,5.888109803199768066e-01,6.581820845603942871e-01,7.099112272262573242e-01
-4.621474146842956543e-01,-4.080358445644378662e-01,-3.536267876625061035e-01,-2.989511489868164062e-01,-2.449397146701812744e-01,-1.921732425689697266e-01,-1.390877217054367065e-01,-8.480721712112426758e-02,-3.052755445241928101e-02,2.302138507366180420e-02,7.772052288055419922e-02,1.317628175020217896e-01,1.850019842386245728e-01,2.371741682291030884e-01,2.826908826828002930e-01,3.838642239570617676e-01,4.441293179988861084e-01,5.119523406028747559e-01,5.796943306922912598e-01,6.495918631553649902e-01,7.110344767570495605e-01
-4.637483656406402588e-01,-4.095713496208190918e-01,-3.543423712253570557e-01,-3.001630008220672607e-01,-2.457485795021057129e-01,-1.925172209739685059e-01,-1.398027837276458740e-01,-8.498319238424301147e-02,-3.020313940942287445e-02,2.267427742481231689e-02,7.754651457071304321e-02,1.319382041692733765e-01,1.850788593292236328e-01,2.388683855533599854e-01,nan,3.685166239738464355e-01,4.403261244297027588e-01,5.047383308410644531e-01,5.719479918479919434e-01,6.406558156013488770e-01,7.096592187881469727e-01
-4.653662741184234619e-01,-4.107250571250915527e-01,-3.556007444858551025e-01,-3.009869754314422607e-01,-2.467761784791946411e-01,-1.929451078176498413e-01,-1.397800147533416748e-01,-8.578085899353027344e-02,-3.052280843257904053e-02,2.269672416150569916e-02,7.752786576747894287e-02,1.325108408927917480e-01,1.856880784034729004e-01,2.393335998058319092e-01,2.898307442665100098e-01,3.379973471164703369e-01,4.395419061183929443e-01,4.977035820484161377e-01,5.653010010719299316e-01,6.319871544837951660e-01,7.005668878555297852e-01
-4.668095111846923828e-01,-4.118197858333587646e-01,-3.569652140140533447e-01,-3.018297851085662842e-01,-2.475688755512237549e-01,-1.934393644332885742e-01,-1.402348130941390991e-01,-8.652514219284057617e-02,-3.115254268050193787e-02,2.234059385955333710e-02,7.708789408206939697e-02,1.321029514074325562e-01,1.862523108720779419e-01,2.397381961345672607e-01,2.921196222305297852e-01,3.399341404438018799e-01,4.353238344192504883e-01,4.915121197700500488e-01,5.588384866714477539e-01,6.239591240882873535e-01,6.921472549438476562e-01
-4.679565131664276123e-01,-4.129363298416137695e-01,-3.580518364906311035e-01,-3.027984201908111572e-01,-2.482145428657531738e-01,-1.940375566482543945e-01,-1.407205760478973389e-01,-8.663828670978546143e-02,-3.148466721177101135e-02,2.248570881783962250e-02,7.709424197673797607e-02,1.319245994091033936e-01,1.866395175457000732e-01,2.406795322895050049e-01,2.935770153999328613e-01,3.430715501308441162e-01,4.008935391902923584e-01,4.912530481815338135e-01,5.522676706314086914e-01,6.184606552124023438e-01,6.839562058448791504e-01
-4.690373539924621582e-01,-4.141909778118133545e-01,-3.590142726898193359e-01,-3.037744760513305664e-01,-2.489811778068542480e-01,-1.941853016614913940e-01,-1.410893648862838745e-01,-8.700055629014968872e-02,-3.170752897858619690e-02,2.217631228268146515e-02,7.728333026170730591e-02,1.322366744279861450e-01,1.869050115346908569e-01,2.408428490161895752e-01,2.948800921440124512e-01,3.450603485107421875e-01,3.944364786148071289e-01,4.901627302169799805e-01,5.454220175743103027e-01,6.124886274337768555e-01,6.753011941909790039e-01
-4.701135456562042236e-01,-4.153154194355010986e-01,-3.601812422275543213e-01,-3.045781850814819336e-01,-2.498497962951660156e-01,-1.947931200265884399e-01,-1.416259109973907471e-01,-8.778614550828933716e-02,-3.232062608003616333e-02,2.272510342299938202e-02,7.665082812309265137e-02,1.320150941610336304e-01,1.868318617343902588e-01,2.412657737731933594e-01,2.956346571445465088e-01,3.468872010707855225e-01,3.983881473541259766e-01,4.795595705509185791e-01,5.421344041824340820e-01,6.060772538185119629e-01,6.695525050163269043e-01
-4.712823927402496338e-01,-4.162191450595855713e-01,-3.611889481544494629e-01,-3.054778277873992920e-01,-2.505146265029907227e-01,-1.955160200595855713e-01,-1.419820934534072876e-01,-8.832576125860214233e-02,-3.314407542347908020e-02,2.262445352971553802e-02,7.618092000484466553e-02,1.319568902254104614e-01,1.872609555721282959e-01,2.410327643156051636e-01,2.962073981761932373e-01,3.485681712627410889e-01,4.004788100719451904e-01,4.468322098255157471e-01,5.420243740081787109e-01,5.998014211654663086e-01,6.637135744094848633e-01
-4.722305238246917725e-01,-4.172869026660919189e-01,-3.619733452796936035e-01,-3.065157532691955566e-01,-2.512418925762176514e-01,-1.961103081703186035e-01,-1.422894746065139771e-01,-8.838339895009994507e-02,-3.333447128534317017e-02,2.279559709131717682e-02,7.643093168735504150e-02,1.318257004022598267e-01,1.874347478151321411e-01,2.416128814220428467e-01,2.962908744812011719e-01,3.499822318553924561e-01,4.022640883922576904e-01,4.522529840469360352e-01,5.323153138160705566e-01,5.937842726707458496e-01,6.578482985496520996e-01
-4.722670316696166992e-01,-4.183494448661804199e-01,-3.628467619419097900e-01,-3.073342740535736084e-01,-2.520977258682250977e-01,-1.966414600610733032e-01,-1.427228897809982300e-01,-8.878579735755920410e-02,-3.339594602584838867e-02,2.213849313557147980e-02,7.625075429677963257e-02,1.314607709646224976e-01,1.868978291749954224e-01,2.418799251317977905e-01,2.963324785232543945e-01,3.507279157638549805e-01,4.039062857627868652e-01,4.555457532405853271e-01,5.007550716400146484e-01,5.943343639373779297e-01,6.524449586868286133e-01
-4.735384285449981689e-01,-4.191119372844696045e-01,-3.638283610343933105e-01,-3.080417811870574951e-01,-2.526879310607910156e-01,-1.974302381277084351e-01,-1.427038311958312988e-01,-8.944729715585708618e-02,-3.387859836220741272e-02,2.165524289011955261e-02,7.568988204002380371e-02,1.314016133546829224e-01,1.869360357522964478e-01,2.424174845218658447e-01,2.965848445892333984e-01,3.509333431720733643e-01,4.049368798732757568e-01,nan,nan,5.647165179252624512e-01,6.474339962005615234e-01
-4.748827219009399414e-01,-4.199452102184295654e-01,-3.646372854709625244e-01,-3.090135455131530762e-01,-2.532689571380615234e-01,-1.983455270528793335e-01,-1.432424038648605347e-01,-8.933702111244201660e-02,-3.462432697415351868e-02,2.161672152578830719e-02,7.608037441968917847e-02,1.315789520740509033e-01,1.869426667690277100e-01,2.422081530094146729e-01,2.970484793186187744e-01,3.518072664737701416e-01,nan,4.582957327365875244e-01,5.102766156196594238e-01,5.583329796791076660e-01,6.459540128707885742e-01
-4.759354293346405029e-01,-4.207764565944671631e-01,-3.653131425380706787e-01,-3.098668754100799561e-01,-2.539364397525787354e-01,-1.989523470401763916e-01,-1.435859203338623047e-01,-8.964726328849792480e-02,-3.503257781267166138e-02,2.129521593451499939e-02,7.612915337085723877e-02,1.309956312179565430e-01,1.867523640394210815e-01,2.421999871730804443e-01,2.966125309467315674e-01,3.521114885807037354e-01,4.058121740818023682e-01,4.595425128936767578e-01,5.122518539428710938e-01,5.626378059387207031e-01,6.095232367515563965e-01
