# 1st dimension: Re = np.logspace(np.log10(1.4e6), np.log10(1.05e7), 20); 2nd dimension: alpha = np.arange(-5., 5.5, .5)
-4.501099288463592529e-01,-3.977410197257995605e-01,-3.447097539901733398e-01,-2.918683886528015137e-01,-2.388245165348052979e-01,-1.859242320060729980e-01,-1.316404342651367188e-01,-7.831900566816329956e-02,-2.452013082802295685e-02,2.915801107883453369e-02,8.135927468538284302e-02,1.296314001083374023e-01,2.188042104244232178e-01,nan,nan,4.309993684291839600e-01,4.837276935577392578e-01,5.366328358650207520e-01,5.888769626617431641e-01,6.405117511749267578e-01,6.918460130691528320e-01
-4.525099396705627441e-01,-3.993960916996002197e-01,-3.462254703044891357e-01,-2.927325963973999023e-01,-2.394562512636184692e-01,-1.865430176258087158e-01,-1.321535855531692505e-01,-7.860883325338363647e-02,-2.426604367792606354e-02,2.911396883428096771e-02,8.224106580018997192e-02,1.320047229528427124e-01,1.882195323705673218e-01,2.862144112586975098e-01,3.566997051239013672e-01,4.315757453441619873e-01,4.842078089714050293e-01,5.369253158569335938e-01,5.890868902206420898e-01,6.409693956375122070e-01,6.925423741340637207e-01
-4.545388519763946533e-01,-4.009256958961486816e-01,-3.473075926303863525e-01,-2.936064898967742920e-01,-2.402681261301040649e-01,-1.869577616453170776e-01,-1.325805038213729858e-01,-7.856561988592147827e-02,-2.473456412553787231e-02,2.909081801772117615e-02,8.252944052219390869e-02,1.342070847749710083e-01,1.818693280220031738e-01,2.812643647193908691e-01,3.494868874549865723e-01,4.213625490665435791e-01,4.848608076572418213e-01,5.374478101730346680e-01,5.896964669227600098e-01,6.417447328567504883e-01,6.930712461471557617e-01
-4.559318423271179199e-01,-4.024235308170318604e-01,-3.479327857494354248e-01,-2.945021390914916992e-01,-2.409148067235946655e-01,-1.872269213199615479e-01,-1.333492398262023926e-01,-7.863191515207290649e-02,-2.505614422261714935e-02,2.941557206213474274e-02,8.263558894395828247e-02,1.356405168771743774e-01,1.847582757472991943e-01,2.740207910537719727e-01,3.416507542133331299e-01,4.116775393486022949e-01,4.854373335838317871e-01,5.381228327751159668e-01,5.902529358863830566e-01,6.423910856246948242e-01,6.932080984115600586e-01
-4.571323990821838379e-01,-4.037553668022155762e-01,-3.489964902400970459e-01,-2.954443693161010742e-01,-2.412222921848297119e-01,-1.879916042089462280e-01,-1.338268965482711792e-01,-7.877708971500396729e-02,-2.516872808337211609e-02,2.907732315361499786e-02,8.308786153793334961e-02,1.365271210670471191e-01,1.871135681867599487e-01,2.459424734115600586e-01,3.371161520481109619e-01,4.045460820198059082e-01,nan,5.386026501655578613e-01,5.905636548995971680e-01,6.427982449531555176e-01,6.939553022384643555e-01
-4.576622843742370605e-01,-4.046550095081329346e-01,-3.501147925853729248e-01,-2.963083684444427490e-01,-2.418094724416732788e-01,-1.885790526866912842e-01,-1.339189559221267700e-01,-7.950064539909362793e-02,-2.545130252838134766e-02,2.912054583430290222e-02,8.325300365686416626e-02,1.370835602283477783e-01,1.887216866016387939e-01,2.368705123662948608e-01,3.337986171245574951e-01,3.983412384986877441e-01,nan,5.390225052833557129e-01,5.911970734596252441e-01,6.433667540550231934e-01,6.944419741630554199e-01
-4.590631425380706787e-01,-4.054310023784637451e-01,-3.512208163738250732e-01,-2.969735860824584961e-01,-2.425857633352279663e-01,-1.887675821781158447e-01,-1.342696845531463623e-01,-7.983546704053878784e-02,-2.524029463529586792e-02,2.882194519042968750e-02,8.339869230985641479e-02,1.374753266572952271e-01,1.899755746126174927e-01,2.403682172298431396e-01,3.231448829174041748e-01,nan,4.600008130073547363e-01,nan,5.920201539993286133e-01,6.442188024520874023e-01,6.948979496955871582e-01
-4.605773091316223145e-01,-4.059933125972747803e-01,-3.521263301372528076e-01,-2.976142466068267822e-01,-2.432820647954940796e-01,-1.891726255416870117e-01,-1.349573880434036255e-01,-7.987745106220245361e-02,-2.553186379373073578e-02,2.916682697832584381e-02,8.315929025411605835e-02,1.377592533826828003e-01,1.911845654249191284e-01,2.427586168050765991e-01,2.953827679157257080e-01,3.877165913581848145e-01,4.533983767032623291e-01,5.229268670082092285e-01,5.926851630210876465e-01,6.450158953666687012e-01,6.957868933677673340e-01
-4.618655443191528320e-01,-4.073983430862426758e-01,-3.527715206146240234e-01,-2.982539534568786621e-01,-2.437673509120941162e-01,-1.893048286437988281e-01,-1.355149596929550171e-01,-8.025798201560974121e-02,-2.556758187711238861e-02,2.908341027796268463e-02,8.332797884941101074e-02,1.376591473817825317e-01,1.916782110929489136e-01,2.443592399358749390e-01,2.915172576904296875e-01,3.858438134193420410e-01,4.471082389354705811e-01,5.139912962913513184e-01,nan,6.455129981040954590e-01,6.967036128044128418e-01
-4.631153047084808350e-01,-4.085829555988311768e-01,-3.533892035484313965e-01,-2.989734709262847900e-01,-2.442591637372970581e-01,-1.897031962871551514e-01,-1.356927752494812012e-01,-8.051669597625732422e-02,-2.571206167340278625e-02,2.864439226686954498e-02,8.348193019628524780e-02,1.374985128641128540e-01,1.921037733554840088e-01,2.455892562866210938e-01,2.953050434589385986e-01,3.690527379512786865e-01,4.413552284240722656e-01,5.079110860824584961e-01,5.764753818511962891e-01,6.442455053329467773e-01,6.973795890808105469e-01
-4.643782377243041992e-01,-4.095032513141632080e-01,-3.541083633899688721e-01,-2.997299730777740479e-01,-2.447409927845001221e-01,-1.904394626617431641e-01,-1.360369026660919189e-01,-8.078794926404953003e-02,-2.568156830966472626e-02,2.857359312474727631e-02,8.304328471422195435e-02,1.379717439413070679e-01,1.925660520792007446e-01,2.464743703603744507e-01,2.982275485992431641e-01,3.454846739768981934e-01,4.388799369335174561e-01,5.016672611236572266e-01,5.678129792213439941e-01,6.361452937126159668e-01,6.980057358741760254e-01
-4.655055999755859375e-01,-4.103704392910003662e-01,-3.551008701324462891e-01,-3.003472089767456055e-01,-2.452009767293930054e-01,-1.909141242504119873e-01,-1.364638060331344604e-01,-8.134839683771133423e-02,-2.588238008320331573e-02,2.835224941372871399e-02,8.317338675260543823e-02,1.376999318599700928e-01,1.927148997783660889e-01,2.464682012796401978e-01,3.003276288509368896e-01,3.491850793361663818e-01,4.366096258163452148e-01,4.957146346569061279e-01,5.607760548591613770e-01,6.283652782440185547e-01,6.947948932647705078e-01
-4.664362668991088867e-01,-4.112557768821716309e-01,-3.560421168804168701e-01,-3.008680045604705811e-01,-2.458331435918807983e-01,-1.911228448152542114e-01,-1.367020457983016968e-01,-8.171166479587554932e-02,-2.652799524366855621e-02,2.795707434415817261e-02,8.308254927396774292e-02,1.377199292182922363e-01,1.930878013372421265e-01,2.470302432775497437e-01,3.012290596961975098e-01,3.523418009281158447e-01,4.023398756980895996e-01,4.905651211738586426e-01,5.552903413772583008e-01,6.202383637428283691e-01,6.869618892669677734e-01
-4.673079550266265869e-01,-4.122082293033599854e-01,-3.568133115768432617e-01,-3.014274239540100098e-01,-2.465226352214813232e-01,-1.915642023086547852e-01,-1.371531635522842407e-01,-8.189113438129425049e-02,-2.688313461840152740e-02,2.789056859910488129e-02,8.334858715534210205e-02,1.376632452011108398e-01,1.931768655776977539e-01,2.477221488952636719e-01,3.016647994518280029e-01,3.540867865085601807e-01,4.039421677589416504e-01,4.895929694175720215e-01,5.499675869941711426e-01,6.120425462722778320e-01,6.785898804664611816e-01
-4.681950807571411133e-01,-4.131046533584594727e-01,-3.575052618980407715e-01,-3.021417856216430664e-01,-2.471136152744293213e-01,-1.921972036361694336e-01,-1.376090049743652344e-01,-8.239161968231201172e-02,-2.683603204786777496e-02,2.767023444175720215e-02,8.330514281988143921e-02,1.378856301307678223e-01,1.927039921283721924e-01,2.478469014167785645e-01,3.025319874286651611e-01,3.554365932941436768e-01,4.073148965835571289e-01,4.726798832416534424e-01,5.447562336921691895e-01,6.072543263435363770e-01,6.700167059898376465e-01
-4.691132605075836182e-01,-4.138571023941040039e-01,-3.582479059696197510e-01,-3.028610348701477051e-01,-2.476633042097091675e-01,-1.924948096275329590e-01,-1.377440094947814941e-01,-8.289328962564468384e-02,-2.730698697268962860e-02,2.799335680902004242e-02,8.275430649518966675e-02,1.381406486034393311e-01,1.929818242788314819e-01,2.481710612773895264e-01,3.026266694068908691e-01,3.566762804985046387e-01,4.093908369541168213e-01,4.562039971351623535e-01,5.424777269363403320e-01,6.026781201362609863e-01,6.622170805931091309e-01
-4.699198603630065918e-01,-4.145145118236541748e-01,-3.591045141220092773e-01,-3.034370541572570801e-01,-2.483471035957336426e-01,-1.928751915693283081e-01,-1.380982995033264160e-01,-8.325181156396865845e-02,-2.795101515948772430e-02,2.788289822638034821e-02,8.283609151840209961e-02,1.376708596944808960e-01,1.930225044488906860e-01,2.481212764978408813e-01,3.028238713741302490e-01,3.574495911598205566e-01,4.106863141059875488e-01,4.608300030231475830e-01,5.142647027969360352e-01,5.981133580207824707e-01,6.584551930427551270e-01
-4.705779254436492920e-01,-4.152112305164337158e-01,-3.598234057426452637e-01,-3.039367794990539551e-01,-2.491526007652282715e-01,-1.932196617126464844e-01,-1.387579143047332764e-01,-8.349497616291046143e-02,-2.819965034723281860e-02,2.760072797536849976e-02,8.280176669359207153e-02,1.377947926521301270e-01,1.925850063562393188e-01,2.484811544418334961e-01,3.027099967002868652e-01,3.579193949699401855e-01,4.113524258136749268e-01,4.631925225257873535e-01,5.123319029808044434e-01,5.943725109100341797e-01,6.546828150749206543e-01
-4.710939824581146240e-01,-4.160675108432769775e-01,-3.604218661785125732e-01,-3.045202791690826416e-01,-2.496563345193862915e-01,-1.936509460210800171e-01,-1.389034241437911987e-01,-8.394018560647964478e-02,-2.824950404465198517e-02,2.750982716679573059e-02,8.223728090524673462e-02,1.378255188465118408e-01,1.926066875457763672e-01,2.487668693065643311e-01,3.034848570823669434e-01,3.583751916885375977e-01,4.117052555084228516e-01,4.650729894638061523e-01,5.161880254745483398e-01,5.695221424102783203e-01,6.510084271430969238e-01
-4.715663492679595947e-01,-4.168056845664978027e-01,-3.609883487224578857e-01,-3.053704798221588135e-01,-2.499567866325378418e-01,-1.943460851907730103e-01,-1.391308307647705078e-01,-8.435871452093124390e-02,-2.872366085648536682e-02,2.723344415426254272e-02,8.187083899974822998e-02,1.377948075532913208e-01,1.926588267087936401e-01,2.483623176813125610e-01,3.035729825496673584e-01,3.584160506725311279e-01,4.123506247997283936e-01,4.662734568119049072e-01,5.182781219482421875e-01,5.683493018150329590e-01,6.471549868583679199e-01
