# 1st dimension: Re = np.logspace(np.log10(1.4e6), np.log10(1.05e7), 20); 2nd dimension: alpha = np.arange(-5., 5.5, .5)
-5.298646092414855957e-01,-4.753670096397399902e-01,-4.201697707176208496e-01,-3.695478737354278564e-01,-3.137028217315673828e-01,-2.570546865463256836e-01,-2.017091214656829834e-01,-1.475055962800979614e-01,-9.243790805339813232e-02,-3.933864086866378784e-02,nan,5.721994116902351379e-02,1.139623224735260010e-01,1.725409030914306641e-01,2.293274998664855957e-01,2.870115041732788086e-01,3.435191214084625244e-01,3.969227671623229980e-01,4.499724209308624268e-01,5.042263269424438477e-01,5.610591173171997070e-01
-5.346025228500366211e-01,-4.798863530158996582e-01,-4.242038428783416748e-01,-3.700658977031707764e-01,-3.146635293960571289e-01,-2.580061256885528564e-01,-2.024592161178588867e-01,-1.475518941879272461e-01,-9.214527159929275513e-02,-3.844296932220458984e-02,1.085743028670549393e-02,5.830435827374458313e-02,1.148305013775825500e-01,1.732920706272125244e-01,2.308495789766311646e-01,2.883342206478118896e-01,3.453865945339202881e-01,4.003914892673492432e-01,nan,nan,5.645633935928344727e-01
-5.383325815200805664e-01,-4.831127524375915527e-01,-4.271829426288604736e-01,-3.706276118755340576e-01,-3.156674802303314209e-01,-2.589912414550781250e-01,-2.030340731143951416e-01,-1.481006294488906860e-01,-9.245937317609786987e-02,-3.766447305679321289e-02,1.259289868175983429e-02,6.006497517228126526e-02,1.160027086734771729e-01,1.739142239093780518e-01,2.323333770036697388e-01,2.895553112030029297e-01,3.470087349414825439e-01,4.035605788230895996e-01,4.584650099277496338e-01,5.132685303688049316e-01,5.695278644561767578e-01
-5.413536429405212402e-01,-4.855924546718597412e-01,-4.293943941593170166e-01,-3.727147281169891357e-01,-3.166837096214294434e-01,-2.599305808544158936e-01,-2.035356909036636353e-01,-1.481573134660720825e-01,-9.240777045488357544e-02,-3.755993023514747620e-02,1.404132694005966187e-02,6.357304006814956665e-02,1.168745309114456177e-01,1.746040731668472290e-01,2.330452501773834229e-01,2.908282577991485596e-01,3.484194576740264893e-01,nan,nan,5.171901583671569824e-01,5.730090737342834473e-01
-5.437819361686706543e-01,-4.876183867454528809e-01,-4.311922788619995117e-01,-3.743530213832855225e-01,-3.175864517688751221e-01,-2.608287632465362549e-01,-2.042756378650665283e-01,-1.484396159648895264e-01,-9.276206046342849731e-02,-3.720623627305030823e-02,1.527479849755764008e-02,6.635557860136032104e-02,1.173946186900138855e-01,1.754989475011825562e-01,2.335078120231628418e-01,2.920371890068054199e-01,3.499535918235778809e-01,4.074066281318664551e-01,4.651564061641693115e-01,5.207666158676147461e-01,5.764285326004028320e-01
-5.455017089843750000e-01,-4.892948567867279053e-01,-4.327335059642791748e-01,-3.757402002811431885e-01,-3.183481693267822266e-01,-2.616822123527526855e-01,-2.049354910850524902e-01,-1.487505733966827393e-01,-9.324062615633010864e-02,-3.696846961975097656e-02,1.641769893467426300e-02,6.874953210353851318e-02,1.191191524267196655e-01,1.765374541282653809e-01,2.340916395187377930e-01,2.926621437072753906e-01,3.515427708625793457e-01,4.090000987052917480e-01,4.668256938457489014e-01,5.241398215293884277e-01,5.795827507972717285e-01
-5.466709733009338379e-01,-4.905735850334167480e-01,-4.340559542179107666e-01,-3.769709765911102295e-01,-3.195573389530181885e-01,-2.624897360801696777e-01,-2.054292261600494385e-01,-1.489235609769821167e-01,-9.326807409524917603e-02,-3.698238730430603027e-02,1.743747666478157043e-02,7.061779499053955078e-02,1.207641437649726868e-01,1.767200082540512085e-01,2.349302917718887329e-01,2.932863831520080566e-01,3.526889383792877197e-01,4.105758070945739746e-01,4.683671593666076660e-01,5.264427661895751953e-01,5.826048254966735840e-01
-5.474092364311218262e-01,-4.916200935840606689e-01,-4.351243972778320312e-01,-3.780950903892517090e-01,-3.206819593906402588e-01,-2.632633149623870850e-01,-2.059252560138702393e-01,-1.495004892349243164e-01,-9.361571818590164185e-02,-3.715870901942253113e-02,1.839586906135082245e-02,7.177198678255081177e-02,1.231018826365470886e-01,1.771328449249267578e-01,2.359846383333206177e-01,nan,3.533109724521636963e-01,4.122134447097778320e-01,4.697141051292419434e-01,5.278934240341186523e-01,5.853908061981201172e-01
-5.487257242202758789e-01,-4.925184547901153564e-01,-4.360218942165374756e-01,-3.791270554065704346e-01,-3.217222392559051514e-01,-2.640410661697387695e-01,-2.066104859113693237e-01,-1.498867124319076538e-01,-9.404146671295166016e-02,-3.702510893344879150e-02,1.888003945350646973e-02,7.267941534519195557e-02,1.249347552657127380e-01,1.785361468791961670e-01,nan,2.947989404201507568e-01,3.538634777069091797e-01,4.133310317993164062e-01,4.710431993007659912e-01,5.291804671287536621e-01,5.868706107139587402e-01
-5.504620075225830078e-01,-4.936316609382629395e-01,-4.368672370910644531e-01,-3.800515532493591309e-01,-3.226833939552307129e-01,-2.648338675498962402e-01,-2.073113322257995605e-01,-1.502338498830795288e-01,-9.390209615230560303e-02,-3.729785606265068054e-02,1.921890862286090851e-02,7.358009368181228638e-02,1.264384835958480835e-01,1.794660538434982300e-01,2.368960976600646973e-01,2.960559427738189697e-01,3.544463217258453369e-01,4.139012694358825684e-01,4.724835753440856934e-01,5.302406549453735352e-01,5.880224108695983887e-01
-5.519979000091552734e-01,-4.949983358383178711e-01,-4.377052783966064453e-01,-3.808743655681610107e-01,-3.235824108123779297e-01,-2.656251192092895508e-01,-2.080097794532775879e-01,-1.508232802152633667e-01,-9.425316005945205688e-02,-3.763313218951225281e-02,1.966660656034946442e-02,7.384336739778518677e-02,1.278073489665985107e-01,1.816892027854919434e-01,2.381842285394668579e-01,2.967253923416137695e-01,3.551555871963500977e-01,4.144398570060729980e-01,4.736681878566741943e-01,5.312467813491821289e-01,5.890432000160217285e-01
-5.533694624900817871e-01,-4.962447285652160645e-01,-4.388583004474639893e-01,-3.816035389900207520e-01,-3.244213163852691650e-01,-2.664194703102111816e-01,-2.086919844150543213e-01,-1.513294428586959839e-01,-9.431762248277664185e-02,-3.754309564828872681e-02,1.956271938979625702e-02,7.446445524692535400e-02,1.291277557611465454e-01,1.837320774793624878e-01,2.390106469392776489e-01,2.971940338611602783e-01,3.561450541019439697e-01,4.150336682796478271e-01,4.741800427436828613e-01,5.323179960250854492e-01,5.900105237960815430e-01
-5.546159744262695312e-01,-4.973929822444915771e-01,-4.399562180042266846e-01,-3.823740184307098389e-01,-3.251998126506805420e-01,-2.672143280506134033e-01,-2.093446403741836548e-01,-1.516452878713607788e-01,-9.446117281913757324e-02,-3.766646981239318848e-02,1.955410651862621307e-02,7.504288107156753540e-02,1.303655952215194702e-01,1.853586882352828979e-01,2.407237738370895386e-01,2.984464168548583984e-01,3.570061624050140381e-01,4.157973229885101318e-01,4.745415747165679932e-01,5.332459807395935059e-01,5.910965800285339355e-01
-5.557735562324523926e-01,-4.984743595123291016e-01,-4.409920573234558105e-01,-3.832406997680664062e-01,-3.259244859218597412e-01,-2.680101990699768066e-01,-2.099715471267700195e-01,-1.520591974258422852e-01,-9.482935070991516113e-02,-3.804050758481025696e-02,1.956947706639766693e-02,7.520609349012374878e-02,1.313858777284622192e-01,1.867721080780029297e-01,2.423795163631439209e-01,2.992098629474639893e-01,3.573626875877380371e-01,4.167156517505645752e-01,4.749661982059478760e-01,5.337267518043518066e-01,5.923127532005310059e-01
-5.568444132804870605e-01,-4.995117485523223877e-01,-4.419630467891693115e-01,nan,-3.265825510025024414e-01,-2.687917053699493408e-01,-2.105736285448074341e-01,-1.525946855545043945e-01,-9.489572048187255859e-02,-3.802737966179847717e-02,1.922057941555976868e-02,7.582494616508483887e-02,1.320031881332397461e-01,1.878668963909149170e-01,2.437745928764343262e-01,3.008154332637786865e-01,3.582331240177154541e-01,4.171493053436279297e-01,4.757343530654907227e-01,5.341377854347229004e-01,5.933499932289123535e-01
-5.578231215476989746e-01,-5.004783272743225098e-01,-4.428820312023162842e-01,-3.849791586399078369e-01,-3.271854221820831299e-01,-2.695367932319641113e-01,-2.111801356077194214e-01,-1.531291007995605469e-01,-9.523014724254608154e-02,-3.817214816808700562e-02,1.896153390407562256e-02,nan,1.326281726360321045e-01,1.884628534317016602e-01,2.450646609067916870e-01,nan,3.593245148658752441e-01,4.172864258289337158e-01,4.765255749225616455e-01,5.346564054489135742e-01,5.939467549324035645e-01
-5.587290525436401367e-01,-5.013621449470520020e-01,-4.437343776226043701e-01,-3.858108520507812500e-01,-3.278280198574066162e-01,-2.702309191226959229e-01,-2.117859721183776855e-01,-1.536261737346649170e-01,-9.571179747581481934e-02,-3.842792287468910217e-02,1.911582984030246735e-02,7.633360475301742554e-02,1.332652419805526733e-01,1.893689185380935669e-01,2.462345212697982788e-01,3.036363720893859863e-01,3.609877824783325195e-01,4.176531136035919189e-01,4.768030941486358643e-01,5.355241298675537109e-01,nan
-5.596234202384948730e-01,-5.021696090698242188e-01,-4.445230364799499512e-01,-3.866170048713684082e-01,-3.284937143325805664e-01,-2.708834111690521240e-01,-2.123854905366897583e-01,-1.540960073471069336e-01,-9.613310545682907104e-02,-3.838636353611946106e-02,1.894048228859901428e-02,7.630764693021774292e-02,1.334067881107330322e-01,1.901129782199859619e-01,2.470792680978775024e-01,3.048168420791625977e-01,3.624485135078430176e-01,4.186953902244567871e-01,4.771623611450195312e-01,5.365969538688659668e-01,5.949888825416564941e-01
-5.605286955833435059e-01,-5.029614567756652832e-01,-4.452557563781738281e-01,-3.873929381370544434e-01,-3.292505145072937012e-01,-2.714937329292297363e-01,nan,-1.545612066984176636e-01,-9.642063081264495850e-02,-3.870854526758193970e-02,1.865226589143276215e-02,7.674638181924819946e-02,1.336483210325241089e-01,1.905145347118377686e-01,2.477567642927169800e-01,3.057439625263214111e-01,3.632819652557373047e-01,4.200522005558013916e-01,4.781985282897949219e-01,5.370352268218994141e-01,5.957453250885009766e-01
-5.614207983016967773e-01,-5.037748217582702637e-01,-4.459519684314727783e-01,-3.881346881389617920e-01,-3.299723267555236816e-01,-2.720426321029663086e-01,-2.135698050260543823e-01,-1.550502777099609375e-01,-9.678970277309417725e-02,-3.881813213229179382e-02,1.872115582227706909e-02,7.665259391069412231e-02,1.339966356754302979e-01,1.913209259510040283e-01,2.487348020076751709e-01,3.060468137264251709e-01,3.641930222511291504e-01,4.215581715106964111e-01,4.788376390933990479e-01,5.377749204635620117e-01,5.968218445777893066e-01
