# 1st dimension: Re = np.logspace(np.log10(1.4e6), np.log10(1.05e7), 20); 2nd dimension: alpha = np.arange(-5., 5.5, .5)
-2.154241204261779785e-01,-1.554433405399322510e-01,-9.472979605197906494e-02,-3.309503942728042603e-02,2.906960621476173401e-02,9.233683347702026367e-02,1.523017287254333496e-01,2.118285298347473145e-01,2.717478573322296143e-01,3.311923444271087646e-01,3.902972936630249023e-01,4.484157860279083252e-01,5.023857355117797852e-01,5.554633140563964844e-01,6.098898649215698242e-01,6.652024388313293457e-01,7.209388017654418945e-01,7.764284014701843262e-01,8.323863744735717773e-01,8.871268630027770996e-01,9.429516196250915527e-01
-2.157447785139083862e-01,-1.552576422691345215e-01,-9.475748240947723389e-02,-3.348432108759880066e-02,2.866116538643836975e-02,9.203410148620605469e-02,1.524002999067306519e-01,2.124520540237426758e-01,2.720070481300354004e-01,3.314951360225677490e-01,3.906487226486206055e-01,4.482473134994506836e-01,5.015733838081359863e-01,5.557597279548645020e-01,6.107903718948364258e-01,6.664696931838989258e-01,7.222296595573425293e-01,7.780962586402893066e-01,8.343305587768554688e-01,8.894520998001098633e-01,9.454576969146728516e-01
-2.156287580728530884e-01,-1.551156640052795410e-01,-9.483855217695236206e-02,-3.376234322786331177e-02,2.858447842299938202e-02,9.113381803035736084e-02,1.522648781538009644e-01,2.127706706523895264e-01,2.726178467273712158e-01,3.321276307106018066e-01,3.910554051399230957e-01,4.475567340850830078e-01,nan,5.560567975044250488e-01,6.115440726280212402e-01,6.675542593002319336e-01,7.238714098930358887e-01,7.799482941627502441e-01,8.360002636909484863e-01,8.918526172637939453e-01,9.477394819259643555e-01
-2.155584841966629028e-01,-1.550964117050170898e-01,-9.492184221744537354e-02,-3.358666971325874329e-02,2.842982672154903412e-02,9.065207093954086304e-02,1.524587422609329224e-01,2.129650264978408813e-01,2.728489041328430176e-01,3.324894607067108154e-01,3.912398815155029297e-01,4.464905560016632080e-01,5.010190606117248535e-01,5.564109683036804199e-01,6.122902035713195801e-01,6.688970327377319336e-01,7.252575755119323730e-01,7.816954851150512695e-01,8.376152515411376953e-01,8.940047025680541992e-01,9.497203826904296875e-01
-2.156321257352828979e-01,-1.551771163940429688e-01,-9.466014802455902100e-02,-3.345198929309844971e-02,2.807604521512985229e-02,9.006182104349136353e-02,1.524760276079177856e-01,2.132069319486618042e-01,2.732346355915069580e-01,3.327884078025817871e-01,3.910216093063354492e-01,4.457094669342041016e-01,5.010514855384826660e-01,5.568148493766784668e-01,6.132625937461853027e-01,6.698952317237854004e-01,7.263703942298889160e-01,7.832732200622558594e-01,8.392928242683410645e-01,8.960050940513610840e-01,9.513585567474365234e-01
-2.157855182886123657e-01,-1.551451534032821655e-01,-9.436237066984176636e-02,-3.346149250864982605e-02,2.782159857451915741e-02,8.950186520814895630e-02,1.521530002355575562e-01,2.135196924209594727e-01,2.735561430454254150e-01,3.329382240772247314e-01,3.903843164443969727e-01,4.453555643558502197e-01,5.011196136474609375e-01,5.573626160621643066e-01,6.141203045845031738e-01,6.708685755729675293e-01,7.275635004043579102e-01,7.846466898918151855e-01,8.410408496856689453e-01,8.978774547576904297e-01,nan
nan,-1.548303961753845215e-01,-9.414759278297424316e-02,-3.343806043267250061e-02,2.788209356367588043e-02,8.950135856866836548e-02,nan,2.134042084217071533e-01,2.736573815345764160e-01,3.330670297145843506e-01,3.893639147281646729e-01,4.450553655624389648e-01,5.013052225112915039e-01,5.580463409423828125e-01,6.149976849555969238e-01,6.721164584159851074e-01,7.289900779724121094e-01,7.858282327651977539e-01,8.427938818931579590e-01,8.995758295059204102e-01,nan
nan,-1.545272022485733032e-01,-9.399262815713882446e-02,-3.347503021359443665e-02,2.767953835427761078e-02,8.930268138647079468e-02,nan,2.135001122951507568e-01,2.738063931465148926e-01,3.327251672744750977e-01,3.887160718441009521e-01,4.450602829456329346e-01,5.016798973083496094e-01,5.584447979927062988e-01,6.160105466842651367e-01,6.731322407722473145e-01,7.303273081779479980e-01,7.870731353759765625e-01,8.443792462348937988e-01,9.010832905769348145e-01,9.559662342071533203e-01
-2.149474322795867920e-01,-1.542833745479583740e-01,-9.385931491851806641e-02,-3.315684944391250610e-02,2.761165797710418701e-02,8.906867355108261108e-02,1.510485112667083740e-01,2.132120281457901001e-01,2.737839519977569580e-01,3.320145308971405029e-01,3.883803784847259521e-01,4.450501501560211182e-01,5.021002888679504395e-01,5.592882037162780762e-01,6.166614294052124023e-01,6.739540696144104004e-01,7.315217852592468262e-01,7.884386777877807617e-01,8.458181619644165039e-01,9.023784399032592773e-01,nan
nan,-1.541104316711425781e-01,-9.363707900047302246e-02,-3.289238736033439636e-02,2.778920158743858337e-02,8.912198990583419800e-02,1.508740484714508057e-01,2.130551636219024658e-01,2.734049856662750244e-01,3.311500549316406250e-01,3.880398571491241455e-01,4.451918005943298340e-01,5.024294853210449219e-01,5.598735809326171875e-01,6.174215078353881836e-01,6.749363541603088379e-01,7.325438857078552246e-01,7.898319363594055176e-01,8.472593426704406738e-01,9.035693407058715820e-01,9.597728252410888672e-01
-2.143094837665557861e-01,-1.539578735828399658e-01,-9.322252124547958374e-02,-3.282763436436653137e-02,2.780076488852500916e-02,8.896220475435256958e-02,1.507863104343414307e-01,2.124073058366775513e-01,2.725280523300170898e-01,3.304901719093322754e-01,3.879596292972564697e-01,4.454147219657897949e-01,5.028771162033081055e-01,5.607258677482604980e-01,6.184313893318176270e-01,6.759658455848693848e-01,7.335066795349121094e-01,7.911939620971679688e-01,8.485881090164184570e-01,9.048564434051513672e-01,9.614474177360534668e-01
-2.140944451093673706e-01,-1.536823064088821411e-01,-9.294822067022323608e-02,-3.261981904506683350e-02,2.786303125321865082e-02,8.895633369684219360e-02,1.504844278097152710e-01,2.115553319454193115e-01,2.714366316795349121e-01,3.299814462661743164e-01,3.879218995571136475e-01,4.456147551536560059e-01,5.033395290374755859e-01,5.614823102951049805e-01,6.191914677619934082e-01,6.769649982452392578e-01,7.344929575920104980e-01,7.924532890319824219e-01,8.497580885887145996e-01,9.062151312828063965e-01,nan
-2.138717919588088989e-01,-1.533281803131103516e-01,-9.287279844284057617e-02,-3.242556378245353699e-02,2.815331518650054932e-02,8.893049508333206177e-02,1.503962576389312744e-01,nan,2.702395319938659668e-01,3.293931484222412109e-01,3.880366981029510498e-01,4.458626806735992432e-01,5.039690732955932617e-01,5.619487762451171875e-01,6.198742985725402832e-01,6.778729557991027832e-01,7.354961633682250977e-01,7.935978174209594727e-01,8.508046865463256836e-01,9.075050354003906250e-01,9.646415114402770996e-01
-2.135028541088104248e-01,-1.530412882566452026e-01,-9.279872477054595947e-02,-3.237742930650711060e-02,2.809933386743068695e-02,8.889910578727722168e-02,1.500620990991592407e-01,nan,2.692402601242065430e-01,3.290100991725921631e-01,3.881494700908660889e-01,4.462442696094512939e-01,5.044333934783935547e-01,5.626031160354614258e-01,6.207420825958251953e-01,6.786881089210510254e-01,7.366340756416320801e-01,7.946196794509887695e-01,8.518118858337402344e-01,nan,9.661861062049865723e-01
-2.131376117467880249e-01,-1.528640240430831909e-01,-9.247033298015594482e-02,-3.208437934517860413e-02,2.829610928893089294e-02,8.904024213552474976e-02,1.493174135684967041e-01,2.085386812686920166e-01,2.682304084300994873e-01,3.286087810993194580e-01,3.881813883781433105e-01,4.465146660804748535e-01,5.050965547561645508e-01,5.634097456932067871e-01,6.215717196464538574e-01,6.795358657836914062e-01,7.377426028251647949e-01,7.955529689788818359e-01,8.528302311897277832e-01,9.102527499198913574e-01,9.676433801651000977e-01
-2.128274887800216675e-01,-1.527394503355026245e-01,-9.229785203933715820e-02,-3.186432272195816040e-02,2.831820584833621979e-02,8.892735093832015991e-02,1.482896953821182251e-01,2.077481299638748169e-01,2.675123512744903564e-01,3.279925286769866943e-01,3.884578049182891846e-01,4.471007883548736572e-01,5.054796934127807617e-01,5.639331936836242676e-01,6.222290396690368652e-01,6.804128289222717285e-01,7.387774586677551270e-01,7.964732050895690918e-01,8.538550734519958496e-01,9.114887714385986328e-01,9.690153002738952637e-01
-2.126085758209228516e-01,-1.524205952882766724e-01,-9.213882684707641602e-02,-3.172024711966514587e-02,2.850870043039321899e-02,8.890286087989807129e-02,1.473961621522903442e-01,nan,2.670390009880065918e-01,3.271877765655517578e-01,3.885661363601684570e-01,4.473807215690612793e-01,5.059639215469360352e-01,5.644515752792358398e-01,6.228704452514648438e-01,6.812665462493896484e-01,7.397172451019287109e-01,7.973526120185852051e-01,8.549408316612243652e-01,9.126582741737365723e-01,9.702982902526855469e-01
-2.124489545822143555e-01,-1.522068083286285400e-01,-9.185179322957992554e-02,-3.146373108029365540e-02,2.848396822810173035e-02,8.870386332273483276e-02,1.469952911138534546e-01,2.067505121231079102e-01,2.667146027088165283e-01,3.265757560729980469e-01,3.886919617652893066e-01,4.477913081645965576e-01,5.066482424736022949e-01,5.650712251663208008e-01,6.235501170158386230e-01,6.820905804634094238e-01,7.405222058296203613e-01,7.982409000396728516e-01,8.560361266136169434e-01,9.137955904006958008e-01,9.714985489845275879e-01
-2.121548801660537720e-01,-1.520727425813674927e-01,-9.180158376693725586e-02,-3.150198981165885925e-02,2.834916487336158752e-02,8.815595507621765137e-02,1.464792490005493164e-01,2.064547687768936157e-01,2.664715349674224854e-01,nan,3.888482451438903809e-01,4.482871294021606445e-01,5.071452260017395020e-01,5.657338500022888184e-01,6.242274045944213867e-01,6.829195022583007812e-01,7.412024140357971191e-01,7.991327047348022461e-01,8.570958971977233887e-01,9.149694442749023438e-01,9.726485013961791992e-01
-2.119338661432266235e-01,-1.517558693885803223e-01,-9.158007800579071045e-02,-3.141849860548973083e-02,nan,8.737848699092864990e-02,nan,nan,2.663157582283020020e-01,3.261194229125976562e-01,3.888317048549652100e-01,4.484844505786895752e-01,5.073968172073364258e-01,5.662563443183898926e-01,6.248451471328735352e-01,6.837538480758666992e-01,7.418467998504638672e-01,7.999946475028991699e-01,8.581226468086242676e-01,9.160913825035095215e-01,9.737976193428039551e-01
