# 1st dimension: Re = np.logspace(np.log10(1.4e6), np.log10(1.05e7), 20); 2nd dimension: alpha = np.arange(-5., 5.5, .5)
-5.387189388275146484e-01,-4.829609990119934082e-01,-4.300637245178222656e-01,-3.779241442680358887e-01,-3.251917362213134766e-01,-2.717297077178955078e-01,-2.180893421173095703e-01,-1.638110727071762085e-01,-1.093037202954292297e-01,-5.468712747097015381e-02,3.757973654483492965e-10,5.468737706542015076e-02,1.093045920133590698e-01,1.638130098581314087e-01,nan,2.717349529266357422e-01,3.251990377902984619e-01,3.779333233833312988e-01,4.300745427608489990e-01,4.829721450805664062e-01,5.387337207794189453e-01
-5.385344028472900391e-01,-4.840896427631378174e-01,-4.321191012859344482e-01,-3.796896934509277344e-01,-3.264987468719482422e-01,-2.729999125003814697e-01,-2.189819812774658203e-01,-1.645470261573791504e-01,nan,-5.487437918782234192e-02,-5.178493665880523622e-06,5.487459152936935425e-02,nan,1.645489037036895752e-01,2.189853638410568237e-01,2.730051279067993164e-01,3.265061974525451660e-01,3.796994388103485107e-01,4.321307837963104248e-01,4.841026067733764648e-01,5.385478138923645020e-01
-5.388174057006835938e-01,-4.861812591552734375e-01,-4.341318607330322266e-01,-3.812647759914398193e-01,-3.280630111694335938e-01,-2.740849852561950684e-01,-2.196889817714691162e-01,-1.652046591043472290e-01,-1.103490814566612244e-01,-5.521840974688529968e-02,1.579046893240843019e-10,5.521859973669052124e-02,1.103498861193656921e-01,1.652065068483352661e-01,2.196923196315765381e-01,2.740902006626129150e-01,3.280704319477081299e-01,3.812747299671173096e-01,4.341444373130798340e-01,4.861958026885986328e-01,5.388320088386535645e-01
-5.402829647064208984e-01,-4.882923662662506104e-01,-4.358547031879425049e-01,-3.829846084117889404e-01,-3.293288648128509521e-01,-2.751031219959259033e-01,-2.206144630908966064e-01,-1.658014953136444092e-01,-1.107332780957221985e-01,-5.546148866415023804e-02,-2.343049365638449899e-10,5.546167865395545959e-02,1.107340753078460693e-01,1.658032834529876709e-01,2.206176817417144775e-01,2.751081883907318115e-01,3.293363153934478760e-01,3.829946815967559814e-01,4.358674883842468262e-01,4.883078634738922119e-01,5.403002500534057617e-01
-5.427237153053283691e-01,-4.906096458435058594e-01,-4.376561045646667480e-01,-3.842380046844482422e-01,-3.305105865001678467e-01,-2.761882543563842773e-01,-2.213385552167892456e-01,-1.662091314792633057e-01,-1.109034717082977295e-01,-5.549723654985427856e-02,3.117195945812056834e-10,5.549743026494979858e-02,1.109042391180992126e-01,1.662109047174453735e-01,2.213417142629623413e-01,2.761932611465454102e-01,3.305178582668304443e-01,3.842481672763824463e-01,4.376691579818725586e-01,4.906257092952728271e-01,5.427421331405639648e-01
-5.449656844139099121e-01,-4.925083518028259277e-01,-4.391329586505889893e-01,-3.856768608093261719e-01,-3.314992785453796387e-01,-2.768961489200592041e-01,-2.219507694244384766e-01,-1.667384207248687744e-01,-1.113145276904106140e-01,-5.568885803222656250e-02,-3.726839622686384246e-06,5.568904057145118713e-02,1.113152652978897095e-01,1.667401045560836792e-01,2.219538241624832153e-01,2.769010961055755615e-01,3.315064907073974609e-01,3.856867551803588867e-01,4.391460120677947998e-01,4.925245344638824463e-01,5.449849963188171387e-01
-5.474780797958374023e-01,-4.945584237575531006e-01,-4.408376812934875488e-01,-3.867837786674499512e-01,-3.322698175907135010e-01,-2.776365578174591064e-01,nan,-1.672523617744445801e-01,-1.116048246622085571e-01,-5.583132430911064148e-02,-9.251299379342547979e-12,5.583150684833526611e-02,1.116055473685264587e-01,1.672540158033370972e-01,nan,2.776412963867187500e-01,3.322768509387969971e-01,3.867936432361602783e-01,4.408506453037261963e-01,4.945747554302215576e-01,5.474979877471923828e-01
-5.498043894767761230e-01,-4.962358176708221436e-01,-4.421547949314117432e-01,-3.879761099815368652e-01,-3.332556784152984619e-01,-2.782911956310272217e-01,-2.230213582515716553e-01,-1.674946099519729614e-01,-1.117753535509109497e-01,-5.593632906675338745e-02,5.158626859014248112e-09,5.593650788068771362e-02,1.117760688066482544e-01,1.674962341785430908e-01,2.230243086814880371e-01,2.782958745956420898e-01,3.332625329494476318e-01,3.879856169223785400e-01,4.421674907207489014e-01,4.962518513202667236e-01,5.498242378234863281e-01
-5.516088604927062988e-01,-4.978166818618774414e-01,-4.436237514019012451e-01,-3.889653980731964111e-01,-3.339582085609436035e-01,-2.787769436836242676e-01,-2.234449833631515503e-01,-1.678586900234222412e-01,-1.120368465781211853e-01,-5.605916306376457214e-02,2.768490298121761839e-12,5.605933070182800293e-02,1.120375320315361023e-01,1.678602546453475952e-01,2.234478294849395752e-01,2.787815332412719727e-01,3.339650034904479980e-01,3.889748454093933105e-01,4.436362981796264648e-01,4.978328943252563477e-01,5.516288876533508301e-01
-5.535039305686950684e-01,-4.992019236087799072e-01,-4.447434246540069580e-01,-3.898460268974304199e-01,-3.347770571708679199e-01,-2.795159816741943359e-01,-2.239153385162353516e-01,-1.681094616651535034e-01,-1.121627688407897949e-01,-5.610015988349914551e-02,4.217792781702200955e-09,5.610033124685287476e-02,1.121634542942047119e-01,1.681110113859176636e-01,2.239181548357009888e-01,2.795204520225524902e-01,3.347836136817932129e-01,3.898550868034362793e-01,4.447556138038635254e-01,4.992176294326782227e-01,5.535238385200500488e-01
-5.552258491516113281e-01,-5.004372000694274902e-01,-4.458061158657073975e-01,-3.907472789287567139e-01,-3.354710340499877930e-01,-2.799570262432098389e-01,-2.242741882801055908e-01,-1.683809161186218262e-01,-1.123588383197784424e-01,-5.623886734247207642e-02,2.259243573471403366e-12,5.623903125524520874e-02,1.123595088720321655e-01,1.683824360370635986e-01,2.242769300937652588e-01,2.799614071846008301e-01,3.354775011539459229e-01,3.907562792301177979e-01,4.458182156085968018e-01,5.004528164863586426e-01,5.552452206611633301e-01
-5.566504001617431641e-01,-5.018323063850402832e-01,-4.469113647937774658e-01,-3.914404511451721191e-01,-3.362111151218414307e-01,-2.806542217731475830e-01,-2.248282134532928467e-01,-1.688094586133956909e-01,-1.126132830977439880e-01,-5.634045600891113281e-02,6.967779131450413388e-10,5.634061992168426514e-02,1.126139387488365173e-01,1.688109338283538818e-01,2.248308807611465454e-01,2.806584537029266357e-01,3.362173438072204590e-01,3.914491534233093262e-01,4.469229876995086670e-01,5.018475055694580078e-01,5.566692948341369629e-01
-5.580819845199584961e-01,-5.029415488243103027e-01,-4.477269351482391357e-01,-3.922841250896453857e-01,-3.367644548416137695e-01,-2.809745967388153076e-01,-2.249867320060729980e-01,-1.688524037599563599e-01,-1.125946789979934692e-01,-5.630848556756973267e-02,2.791267494917093472e-10,5.630864575505256653e-02,1.125953271985054016e-01,1.688538789749145508e-01,2.249893695116043091e-01,2.809788286685943604e-01,3.367706239223480225e-01,3.922927081584930420e-01,4.477383196353912354e-01,5.029562711715698242e-01,5.581006407737731934e-01
-5.595440268516540527e-01,-5.040072798728942871e-01,-4.487425684928894043e-01,-3.930055499076843262e-01,-3.373950123786926270e-01,-2.814273536205291748e-01,-2.253514379262924194e-01,-1.691844314336776733e-01,-1.129052713513374329e-01,-5.650405958294868469e-02,-3.409096061002259148e-10,5.650421604514122009e-02,1.129059046506881714e-01,1.691858619451522827e-01,2.253540158271789551e-01,2.814314067363739014e-01,3.374009728431701660e-01,3.930138647556304932e-01,4.487536847591400146e-01,5.040217638015747070e-01,5.595620870590209961e-01
-5.607791543006896973e-01,-5.051705837249755859e-01,-4.494778513908386230e-01,-3.936259150505065918e-01,-3.378211557865142822e-01,-2.817750275135040283e-01,-2.256385982036590576e-01,-1.694198846817016602e-01,-1.130855381488800049e-01,-5.654872581362724304e-02,-5.516243618330918252e-05,5.654888600111007690e-02,1.130861565470695496e-01,1.694213002920150757e-01,2.256411612033843994e-01,2.817790806293487549e-01,3.378270864486694336e-01,3.936341404914855957e-01,4.494885802268981934e-01,5.051845908164978027e-01,5.607966780662536621e-01
-5.618165135383605957e-01,-5.061312913894653320e-01,-4.502687454223632812e-01,-3.944372534751892090e-01,-3.384564518928527832e-01,-2.821619510650634766e-01,-2.259758710861206055e-01,-1.696064174175262451e-01,-1.130566149950027466e-01,-5.649513378739356995e-02,1.659152676358743861e-11,5.649529397487640381e-02,1.130572333931922913e-01,1.696077883243560791e-01,2.259783595800399780e-01,2.821658849716186523e-01,3.384621739387512207e-01,3.944452106952667236e-01,4.502793848514556885e-01,5.061448812484741211e-01,5.618335604667663574e-01
-5.628991127014160156e-01,-5.069689154624938965e-01,-4.510889947414398193e-01,-3.949899673461914062e-01,-3.388670384883880615e-01,-2.826874852180480957e-01,-2.263533324003219604e-01,-1.698385775089263916e-01,-1.133240684866905212e-01,-5.677832290530204773e-02,-2.271296750677720411e-08,5.677846446633338928e-02,1.133246719837188721e-01,1.698399484157562256e-01,2.263557910919189453e-01,2.826913893222808838e-01,3.388727307319641113e-01,3.949977159500122070e-01,4.510992467403411865e-01,5.069822072982788086e-01,5.629158020019531250e-01
-5.640303492546081543e-01,-5.079514384269714355e-01,-4.517010748386383057e-01,-3.957328200340270996e-01,nan,-2.830471098423004150e-01,-2.265748828649520874e-01,-1.700353324413299561e-01,-1.134310662746429443e-01,-5.668541789054870605e-02,4.049177437792650380e-09,5.668556690216064453e-02,1.134316623210906982e-01,1.700366735458374023e-01,2.265772819519042969e-01,2.830508649349212646e-01,nan,3.957404494285583496e-01,4.517111778259277344e-01,5.079643726348876953e-01,5.640465617179870605e-01
-5.649943947792053223e-01,-5.089027285575866699e-01,-4.525604546070098877e-01,-3.964552581310272217e-01,-3.398460447788238525e-01,-2.834280729293823242e-01,-2.269801944494247437e-01,-1.704429835081100464e-01,-1.136143282055854797e-01,-5.676383525133132935e-02,2.801275877928333102e-10,5.676398053765296936e-02,1.136149019002914429e-01,1.704442948102951050e-01,2.269825488328933716e-01,2.834318280220031738e-01,3.398514688014984131e-01,3.964626193046569824e-01,4.525703191757202148e-01,5.089153051376342773e-01,5.650100111961364746e-01
-5.657838582992553711e-01,-5.096888542175292969e-01,-4.533606767654418945e-01,-3.969696164131164551e-01,-3.404085338115692139e-01,-2.839159667491912842e-01,-2.273229956626892090e-01,-1.704325675964355469e-01,-1.136955022811889648e-01,-5.697755888104438782e-02,-2.291969114498471072e-10,5.697769671678543091e-02,1.136960834264755249e-01,1.704338639974594116e-01,2.273252606391906738e-01,2.839195728302001953e-01,3.404138088226318359e-01,3.969768285751342773e-01,4.533702135086059570e-01,5.097010135650634766e-01,5.657991170883178711e-01
