# 1st dimension: Re = np.logspace(np.log10(1.4e6), np.log10(1.05e7), 20); 2nd dimension: alpha = np.arange(-5., 5.5, .5)
-3.061296641826629639e-01,-2.512773871421813965e-01,-1.958403140306472778e-01,-1.400057673454284668e-01,-8.541108667850494385e-02,-2.962228097021579742e-02,2.581855282187461853e-02,8.059461414813995361e-02,1.363937705755233765e-01,1.912738978862762451e-01,2.458069324493408203e-01,3.010661900043487549e-01,3.554188311100006104e-01,4.104895889759063721e-01,4.643898904323577881e-01,5.179035663604736328e-01,5.705647468566894531e-01,6.224253773689270020e-01,6.802908182144165039e-01,7.440178990364074707e-01,8.157517910003662109e-01
-3.078174889087677002e-01,-2.519869804382324219e-01,-1.967797577381134033e-01,-1.410573124885559082e-01,-8.576422929763793945e-02,-3.086739219725131989e-02,2.567085064947605133e-02,8.079659938812255859e-02,1.357921957969665527e-01,1.918082237243652344e-01,2.462157011032104492e-01,3.017595708370208740e-01,3.564218580722808838e-01,4.120069742202758789e-01,4.658317267894744873e-01,5.204057693481445312e-01,5.731147527694702148e-01,6.254090666770935059e-01,6.785072088241577148e-01,7.416926622390747070e-01,8.071632385253906250e-01
-3.090511560440063477e-01,-2.529292404651641846e-01,-1.973929107189178467e-01,-1.423891186714172363e-01,-8.633711189031600952e-02,-3.082850575447082520e-02,2.508394420146942139e-02,8.120268583297729492e-02,1.360588818788528442e-01,1.920882165431976318e-01,2.469735145568847656e-01,3.024810850620269775e-01,3.575472235679626465e-01,4.133663773536682129e-01,4.676481187343597412e-01,5.228624939918518066e-01,5.752851366996765137e-01,6.284353137016296387e-01,6.796028017997741699e-01,7.386127710342407227e-01,7.998892068862915039e-01
-3.098831772804260254e-01,-2.543284296989440918e-01,-1.983482092618942261e-01,-1.427391916513442993e-01,-8.734445273876190186e-02,-3.091072104871273041e-02,2.457292377948760986e-02,8.072789013385772705e-02,1.365110278129577637e-01,1.919154226779937744e-01,2.479557245969772339e-01,3.027620315551757812e-01,3.591330647468566895e-01,4.138066470623016357e-01,4.695799946784973145e-01,5.242593288421630859e-01,5.779746770858764648e-01,6.301410198211669922e-01,6.811251044273376465e-01,7.353528141975402832e-01,7.943426370620727539e-01
-3.108593225479125977e-01,-2.549537420272827148e-01,-1.996475756168365479e-01,-1.428846418857574463e-01,-8.792451769113540649e-02,-3.165771439671516418e-02,2.459670044481754303e-02,7.999720424413681030e-02,1.366247683763504028e-01,1.918951421976089478e-01,2.483336627483367920e-01,3.036006689071655273e-01,3.597911596298217773e-01,4.148285686969757080e-01,4.713854789733886719e-01,5.253262519836425781e-01,5.806574821472167969e-01,6.319538950920104980e-01,6.831172704696655273e-01,7.359682321548461914e-01,7.922422289848327637e-01
-3.121823668479919434e-01,-2.558576464653015137e-01,-2.003671228885650635e-01,-1.435505896806716919e-01,-8.804114162921905518e-02,-3.257456049323081970e-02,2.442592382431030273e-02,8.044313639402389526e-02,1.365268975496292114e-01,1.925200670957565308e-01,2.484198659658432007e-01,3.047467172145843506e-01,3.603956699371337891e-01,4.158411026000976562e-01,4.726776182651519775e-01,5.268421173095703125e-01,5.826017260551452637e-01,6.345300674438476562e-01,6.853686571121215820e-01,7.363254427909851074e-01,7.901794910430908203e-01
-3.130319714546203613e-01,-2.572346329689025879e-01,-2.005310654640197754e-01,-1.447620689868927002e-01,-8.881632238626480103e-02,-3.265333920717239380e-02,2.391403168439865112e-02,8.070497214794158936e-02,1.363581568002700806e-01,1.928895860910415649e-01,2.489366978406906128e-01,3.058075904846191406e-01,3.608458340167999268e-01,4.174426198005676270e-01,4.733079969882965088e-01,5.285792350769042969e-01,5.841474533081054688e-01,6.363151073455810547e-01,6.883440017700195312e-01,7.375245690345764160e-01,7.881907224655151367e-01
-3.136069774627685547e-01,-2.583909034729003906e-01,-2.010503411293029785e-01,-1.452413201332092285e-01,-8.989119529724121094e-02,-3.264835476875305176e-02,2.356843091547489166e-02,8.028467744588851929e-02,1.365350931882858276e-01,1.926049292087554932e-01,2.494771033525466919e-01,3.062601387500762939e-01,3.615010678768157959e-01,4.184826910495758057e-01,4.738295376300811768e-01,5.304659605026245117e-01,5.843222141265869141e-01,6.372750997543334961e-01,6.907672286033630371e-01,7.408795952796936035e-01,7.903784513473510742e-01
-3.147808313369750977e-01,-2.587936222553253174e-01,-2.021549642086029053e-01,-1.458270847797393799e-01,-9.020216763019561768e-02,-3.297751396894454956e-02,2.363678254187107086e-02,7.973300665616989136e-02,1.368359029293060303e-01,1.925297081470489502e-01,2.501974403858184814e-01,3.063047230243682861e-01,3.628200590610504150e-01,4.193961918354034424e-01,4.744864702224731445e-01,5.315344929695129395e-01,5.856819748878479004e-01,6.385927200317382812e-01,6.924827098846435547e-01,7.425764203071594238e-01,7.933677434921264648e-01
-3.161782920360565186e-01,-2.593150138854980469e-01,-2.029126882553100586e-01,-1.468672454357147217e-01,-9.022491425275802612e-02,-3.360767289996147156e-02,2.324871905148029327e-02,7.983952015638351440e-02,1.368812620639801025e-01,1.931394040584564209e-01,2.508258819580078125e-01,3.068786561489105225e-01,3.637995719909667969e-01,4.196505546569824219e-01,4.759265482425689697e-01,5.322367548942565918e-01,5.866529941558837891e-01,6.404301524162292480e-01,6.932606697082519531e-01,7.445218563079833984e-01,7.950979471206665039e-01
-3.168153762817382812e-01,-2.601935863494873047e-01,-2.034071236848831177e-01,-1.472273617982864380e-01,-9.052240103483200073e-02,-3.379249572753906250e-02,2.250594273209571838e-02,8.030592650175094604e-02,1.365034282207489014e-01,1.938804686069488525e-01,2.507069408893585205e-01,3.074223399162292480e-01,3.649047911167144775e-01,4.200185835361480713e-01,4.768601655960083008e-01,5.323309898376464844e-01,5.863468647003173828e-01,6.417177319526672363e-01,6.951147317886352539e-01,7.467311620712280273e-01,7.975033521652221680e-01
-3.175922632217407227e-01,-2.609041333198547363e-01,-2.044675648212432861e-01,-1.472419053316116333e-01,-9.116680920124053955e-02,-3.399565443396568298e-02,2.246332913637161255e-02,8.020584285259246826e-02,1.365398168563842773e-01,1.941802203655242920e-01,2.504435479640960693e-01,3.082610964775085449e-01,3.650780022144317627e-01,4.210133254528045654e-01,4.774723351001739502e-01,5.331344008445739746e-01,5.869725346565246582e-01,6.418314576148986816e-01,6.971478462219238281e-01,7.487599253654479980e-01,8.000689744949340820e-01
-3.188007771968841553e-01,-2.612549960613250732e-01,-2.054365873336791992e-01,-1.477632820606231689e-01,-9.150170534849166870e-02,-3.479267284274101257e-02,2.281800657510757446e-02,7.945828139781951904e-02,1.370131671428680420e-01,1.943798661231994629e-01,2.507471442222595215e-01,3.091481924057006836e-01,3.652342557907104492e-01,4.218315184116363525e-01,4.775602817535400391e-01,5.341972708702087402e-01,5.883108377456665039e-01,6.424226164817810059e-01,6.980227828025817871e-01,7.498062252998352051e-01,8.025785088539123535e-01
-3.197613060474395752e-01,-2.620894014835357666e-01,-2.055743336677551270e-01,-1.486725509166717529e-01,-9.163987636566162109e-02,-3.527787327766418457e-02,2.282538637518882751e-02,7.914467155933380127e-02,1.375091969966888428e-01,1.944152712821960449e-01,2.515288889408111572e-01,3.094846606254577637e-01,3.655780851840972900e-01,4.228858053684234619e-01,4.780057966709136963e-01,5.336444973945617676e-01,5.885591506958007812e-01,6.436431407928466797e-01,6.982776522636413574e-01,7.503058910369873047e-01,8.039826154708862305e-01
-3.201448321342468262e-01,-2.633314132690429688e-01,-2.059690356254577637e-01,-1.491969972848892212e-01,-9.219847619533538818e-02,-3.505980223417282104e-02,2.217163704335689545e-02,7.944450527429580688e-02,1.374842822551727295e-01,1.943759322166442871e-01,2.521076202392578125e-01,3.090241849422454834e-01,3.664162158966064453e-01,4.225465059280395508e-01,4.791248440742492676e-01,5.336176753044128418e-01,5.885931849479675293e-01,6.448743343353271484e-01,6.991546750068664551e-01,7.518283128738403320e-01,8.050479888916015625e-01
-3.206450045108795166e-01,-2.638947963714599609e-01,-2.067618072032928467e-01,-1.493731737136840820e-01,-9.300942718982696533e-02,-3.502417355775833130e-02,2.157793752849102020e-02,7.982088625431060791e-02,1.370916515588760376e-01,1.947388052940368652e-01,2.524262666702270508e-01,3.089726269245147705e-01,3.672303557395935059e-01,4.229345619678497314e-01,4.798578023910522461e-01,5.343397259712219238e-01,5.891278982162475586e-01,6.450287103652954102e-01,7.004817128181457520e-01,7.535399198532104492e-01,8.064051866531372070e-01
-3.215945959091186523e-01,-2.646045684814453125e-01,-2.072413563728332520e-01,-1.497511267662048340e-01,-9.293313324451446533e-02,-3.556122630834579468e-02,2.155632711946964264e-02,7.969586551189422607e-02,1.369264870882034302e-01,1.954114288091659546e-01,2.524476647377014160e-01,3.095328509807586670e-01,3.673484325408935547e-01,4.234830141067504883e-01,4.795627593994140625e-01,5.340223908424377441e-01,5.903073549270629883e-01,6.453208327293395996e-01,7.015758156776428223e-01,7.540752291679382324e-01,8.082526922225952148e-01
-3.220480978488922119e-01,-2.657427787780761719e-01,-2.074614018201828003e-01,-1.505609750747680664e-01,-9.292984753847122192e-02,-3.623346239328384399e-02,2.182449772953987122e-02,7.925614714622497559e-02,1.370783299207687378e-01,1.957422047853469849e-01,2.524591982364654541e-01,3.101001381874084473e-01,3.664841353893280029e-01,4.244553148746490479e-01,4.792616367340087891e-01,5.340262651443481445e-01,5.907897949218750000e-01,6.461008191108703613e-01,7.018337845802307129e-01,7.543852925300598145e-01,8.096806406974792480e-01
-3.225930929183959961e-01,-2.662315666675567627e-01,-2.079191952943801880e-01,-1.508597880601882935e-01,-9.359973669052124023e-02,-3.649228066205978394e-02,2.160320058465003967e-02,7.905356585979461670e-02,1.376230865716934204e-01,1.954192668199539185e-01,2.525052130222320557e-01,3.104465305805206299e-01,3.667255640029907227e-01,4.248723685741424561e-01,4.801494777202606201e-01,5.347239971160888672e-01,5.903415083885192871e-01,6.473609209060668945e-01,nan,7.553843259811401367e-01,8.100507259368896484e-01
-3.238267004489898682e-01,-2.662726044654846191e-01,-2.089512050151824951e-01,-1.509230881929397583e-01,-9.423489123582839966e-02,-3.647614270448684692e-02,2.113375812768936157e-02,7.908178865909576416e-02,1.379847675561904907e-01,1.949957311153411865e-01,2.531393766403198242e-01,3.100173175334930420e-01,3.673886954784393311e-01,4.239088892936706543e-01,4.792262017726898193e-01,nan,5.909588932991027832e-01,6.481378674507141113e-01,7.029522061347961426e-01,7.566764354705810547e-01,8.108483552932739258e-01
