# 1st dimension: Re = np.logspace(np.log10(1.4e6), np.log10(1.05e7), 20); 2nd dimension: alpha = np.arange(-5., 5.5, .5)
-1.831789165735244751e-01,-1.828269809484481812e-01,-2.030922323465347290e-01,-1.912785023450851440e-01,-1.638137698173522949e-01,-1.198020055890083313e-01,-6.150430440902709961e-02,-3.314236411824822426e-03,5.584286525845527649e-02,1.135987490415573120e-01,1.721547394990921021e-01,2.316558212041854858e-01,2.918906509876251221e-01,3.517264425754547119e-01,4.093465209007263184e-01,4.643411040306091309e-01,5.221527814865112305e-01,5.350690484046936035e-01,5.070516467094421387e-01,4.828873574733734131e-01,4.668792784214019775e-01
-1.882676780223846436e-01,-1.781082302331924438e-01,-1.982405781745910645e-01,nan,-1.560787856578826904e-01,-1.195032745599746704e-01,-6.072799116373062134e-02,-3.144440939649939537e-03,5.522618070244789124e-02,1.150745674967765808e-01,1.751004606485366821e-01,2.350619882345199585e-01,2.947367131710052490e-01,3.537186384201049805e-01,4.094361960887908936e-01,4.669106900691986084e-01,5.169589519500732422e-01,5.140609145164489746e-01,4.812583327293395996e-01,4.610394239425659180e-01,nan
-1.932878792285919189e-01,-1.765906363725662231e-01,-1.823004037141799927e-01,-1.783463656902313232e-01,-1.500835716724395752e-01,-1.119577810168266296e-01,-6.098232045769691467e-02,-2.470731036737561226e-03,5.661430209875106812e-02,1.164809763431549072e-01,1.765786856412887573e-01,2.367739379405975342e-01,2.967866063117980957e-01,3.547644019126892090e-01,4.104879796504974365e-01,4.691565036773681641e-01,4.976959228515625000e-01,4.820223450660705566e-01,nan,4.468781650066375732e-01,4.416408538818359375e-01
-1.990606933832168579e-01,-1.775779575109481812e-01,-1.771972477436065674e-01,-1.730290055274963379e-01,-1.439778506755828857e-01,-1.061737611889839172e-01,-6.069821864366531372e-02,-8.832861785776913166e-04,5.779172107577323914e-02,1.176804974675178528e-01,1.778262704610824585e-01,2.381381839513778687e-01,2.977687418460845947e-01,3.544558286666870117e-01,4.126384854316711426e-01,4.703370332717895508e-01,4.806393682956695557e-01,4.571074843406677246e-01,4.412998259067535400e-01,4.345107674598693848e-01,4.325090050697326660e-01
-2.061315774917602539e-01,-1.839703470468521118e-01,-1.703565418720245361e-01,-1.703901737928390503e-01,-1.387245059013366699e-01,-1.014170646667480469e-01,-5.871937051415443420e-02,-4.731344233732670546e-05,5.909956619143486023e-02,1.187240555882453918e-01,1.789231151342391968e-01,2.392565757036209106e-01,2.978439629077911377e-01,3.546920716762542725e-01,4.142053723335266113e-01,4.546469151973724365e-01,4.642491042613983154e-01,4.344936907291412354e-01,4.245864152908325195e-01,4.211825430393218994e-01,4.247949421405792236e-01
-2.151171714067459106e-01,-1.899970471858978271e-01,-1.663922667503356934e-01,-1.666643172502517700e-01,nan,-9.565257281064987183e-02,-5.149215832352638245e-02,5.722698988392949104e-04,6.050905585289001465e-02,1.196974217891693115e-01,1.799324899911880493e-01,2.400606870651245117e-01,2.971451580524444580e-01,3.561341464519500732e-01,4.152031540870666504e-01,4.383651316165924072e-01,nan,4.161187410354614258e-01,4.134097695350646973e-01,4.113604128360748291e-01,4.097945988178253174e-01
-2.275016754865646362e-01,-1.962559223175048828e-01,-1.828299015760421753e-01,-1.623066216707229614e-01,-1.291427910327911377e-01,-9.121612459421157837e-02,-4.592818021774291992e-02,1.231094356626272202e-03,6.148110330104827881e-02,1.208260655403137207e-01,1.808512657880783081e-01,2.400115579366683960e-01,2.973454594612121582e-01,3.573481440544128418e-01,4.029935002326965332e-01,4.246311485767364502e-01,4.140422642230987549e-01,3.980780243873596191e-01,nan,4.061911106109619141e-01,4.033265113830566406e-01
-2.369772493839263916e-01,-2.037468105554580688e-01,-1.978870183229446411e-01,-1.598811298608779907e-01,-1.260108798742294312e-01,-8.745507895946502686e-02,-4.026752337813377380e-02,4.495181608945131302e-03,6.206808239221572876e-02,1.220920979976654053e-01,1.816919893026351929e-01,2.392109632492065430e-01,2.985388934612274170e-01,3.582473099231719971e-01,3.907593488693237305e-01,4.115422070026397705e-01,3.965040743350982666e-01,3.834021687507629395e-01,3.857916593551635742e-01,3.953810036182403564e-01,nan
-2.450943887233734131e-01,-2.121499478816986084e-01,-2.038617283105850220e-01,-1.628396511077880859e-01,-1.237733364105224609e-01,-8.353576064109802246e-02,-3.618546947836875916e-02,9.756251238286495209e-03,6.269145011901855469e-02,1.231562122702598572e-01,1.822189539670944214e-01,2.392055243253707886e-01,2.995453774929046631e-01,3.510810136795043945e-01,3.778067529201507568e-01,3.980566859245300293e-01,3.813080489635467529e-01,3.781332373619079590e-01,nan,3.897899687290191650e-01,4.021210074424743652e-01
-2.526839375495910645e-01,-2.227408736944198608e-01,-2.093364298343658447e-01,-1.655137389898300171e-01,-1.212053000926971436e-01,-7.966756075620651245e-02,-3.248285874724388123e-02,1.487864274531602859e-02,6.341367214918136597e-02,1.237242072820663452e-01,1.820471435785293579e-01,2.402674704790115356e-01,3.003431260585784912e-01,nan,3.672199249267578125e-01,3.810187280178070068e-01,3.592280745506286621e-01,nan,3.660595417022705078e-01,3.868409395217895508e-01,4.072438180446624756e-01
-2.601306140422821045e-01,-2.517972588539123535e-01,-2.144351601600646973e-01,-1.680582463741302490e-01,-1.194166839122772217e-01,-7.792387902736663818e-02,-2.942428179085254669e-02,nan,6.789665669202804565e-02,1.240433603525161743e-01,1.818051785230636597e-01,2.413052469491958618e-01,nan,3.282147645950317383e-01,3.573687374591827393e-01,3.600424826145172119e-01,3.478306531906127930e-01,3.562638163566589355e-01,nan,3.914667069911956787e-01,4.199751615524291992e-01
-2.664280533790588379e-01,-2.630085945129394531e-01,-2.190917581319808960e-01,-1.707312166690826416e-01,-1.211001574993133545e-01,-7.338412851095199585e-02,-2.815776504576206207e-02,2.240340970456600189e-02,7.231106609106063843e-02,1.238590553402900696e-01,1.822944879531860352e-01,2.423241734504699707e-01,2.880291640758514404e-01,3.181368708610534668e-01,3.475219607353210449e-01,nan,nan,3.471284508705139160e-01,3.619182109832763672e-01,3.959607183933258057e-01,4.310912787914276123e-01
-2.689503133296966553e-01,-2.689467966556549072e-01,-2.232929915189743042e-01,-1.735451966524124146e-01,-1.226119473576545715e-01,nan,-2.549931593239307404e-02,2.554879337549209595e-02,7.563736289739608765e-02,1.240436583757400513e-01,1.830018162727355957e-01,2.431107014417648315e-01,nan,3.100351989269256592e-01,3.386696279048919678e-01,3.316843211650848389e-01,3.273243904113769531e-01,3.464665412902832031e-01,3.661530315876007080e-01,4.015830159187316895e-01,4.386306405067443848e-01
nan,-2.734738886356353760e-01,-2.270397543907165527e-01,-1.763018220663070679e-01,-1.241313144564628601e-01,-7.141640782356262207e-02,-2.229582518339157104e-02,2.789587341248989105e-02,7.892738282680511475e-02,1.281788498163223267e-01,1.836036741733551025e-01,2.370855808258056641e-01,2.679894268512725830e-01,3.025948405265808105e-01,3.350562155246734619e-01,3.135721087455749512e-01,3.237017989158630371e-01,3.506820499897003174e-01,3.707642853260040283e-01,4.080219268798828125e-01,nan
-2.780510187149047852e-01,-2.750068008899688721e-01,nan,-1.789282262325286865e-01,-1.258275657892227173e-01,-7.244099676609039307e-02,-1.993435434997081757e-02,3.012223728001117706e-02,8.092613518238067627e-02,1.323591917753219604e-01,1.841566562652587891e-01,2.286847382783889771e-01,2.603006064891815186e-01,2.970629036426544189e-01,nan,2.988719046115875244e-01,3.214892446994781494e-01,3.558451235294342041e-01,3.769298493862152100e-01,4.146453440189361572e-01,4.450775384902954102e-01
-3.109486699104309082e-01,-2.776124775409698486e-01,-2.335144281387329102e-01,-1.814143806695938110e-01,-1.276269853115081787e-01,-7.341110706329345703e-02,nan,2.960991673171520233e-02,8.266994357109069824e-02,nan,1.869607567787170410e-01,2.191931605339050293e-01,2.539751231670379639e-01,nan,2.912403345108032227e-01,3.042959272861480713e-01,3.263130784034729004e-01,3.615865409374237061e-01,3.848266005516052246e-01,4.210807383060455322e-01,4.505421221256256104e-01
nan,-2.808190584182739258e-01,-2.362383157014846802e-01,-1.837037801742553711e-01,-1.294141858816146851e-01,-7.447271049022674561e-02,-1.968455500900745392e-02,3.252759948372840881e-02,8.408774435520172119e-02,1.372143179178237915e-01,nan,2.115620225667953491e-01,2.492269873619079590e-01,2.783925235271453857e-01,2.872318327426910400e-01,2.998379468917846680e-01,3.309741318225860596e-01,3.683274686336517334e-01,4.055580496788024902e-01,4.271613359451293945e-01,nan
nan,nan,-2.381738424301147461e-01,nan,-1.311611235141754150e-01,-7.577604055404663086e-02,-2.085637673735618591e-02,3.294042125344276428e-02,nan,nan,nan,2.065618187189102173e-01,nan,2.745846807956695557e-01,nan,3.162909746170043945e-01,3.365817368030548096e-01,3.753442466259002686e-01,nan,4.267136752605438232e-01,nan
nan,nan,-2.383316308259963989e-01,-1.878151893615722656e-01,-1.328930258750915527e-01,-7.733385264873504639e-02,-2.211434021592140198e-02,nan,8.766341954469680786e-02,nan,1.729008406400680542e-01,2.046470642089843750e-01,nan,2.783619761466979980e-01,2.934078872203826904e-01,3.226989507675170898e-01,3.434282839298248291e-01,3.822454512119293213e-01,4.203536212444305420e-01,4.328393638134002686e-01,nan
nan,nan,-2.403504103422164917e-01,-1.897084563970565796e-01,-1.346089392900466919e-01,-7.912881672382354736e-02,-2.323111146688461304e-02,3.293273970484733582e-02,8.899583667516708374e-02,nan,1.664198338985443115e-01,nan,2.354006469249725342e-01,2.774054408073425293e-01,3.181387484073638916e-01,3.303056657314300537e-01,3.514370024204254150e-01,3.889156877994537354e-01,4.203220307826995850e-01,4.393419623374938965e-01,nan
