# 1st dimension: Re = np.logspace(np.log10(1.4e6), np.log10(1.05e7), 20); 2nd dimension: alpha = np.arange(-5., 5.5, .5)
-7.785254716873168945e-02,-1.767725311219692230e-02,4.294709861278533936e-02,1.027121543884277344e-01,1.621381938457489014e-01,2.223958373069763184e-01,2.830214202404022217e-01,3.429598510265350342e-01,4.019110798835754395e-01,4.603025913238525391e-01,5.185303092002868652e-01,5.781624317169189453e-01,6.374310851097106934e-01,6.955496668815612793e-01,7.506566047668457031e-01,8.081833720207214355e-01,8.638630509376525879e-01,9.163968563079833984e-01,9.720674157142639160e-01,1.020346164703369141e+00,1.062578678131103516e+00
-7.683019340038299561e-02,-1.685300655663013458e-02,4.338716715574264526e-02,1.033105179667472839e-01,1.633080393075942993e-01,2.240185588598251343e-01,2.843838036060333252e-01,3.442550897598266602e-01,4.028557837009429932e-01,4.612655043601989746e-01,5.207893252372741699e-01,5.804704427719116211e-01,6.395555734634399414e-01,6.959767341613769531e-01,7.523812055587768555e-01,8.106796145439147949e-01,8.639919161796569824e-01,9.195426106452941895e-01,9.721153974533081055e-01,1.022733092308044434e+00,1.056053996086120605e+00
-7.591969519853591919e-02,-1.621493324637413025e-02,4.376820102334022522e-02,1.039743423461914062e-01,1.646285057067871094e-01,2.255094647407531738e-01,2.855613231658935547e-01,3.452115058898925781e-01,4.038167297840118408e-01,4.625784754753112793e-01,5.229122042655944824e-01,5.826086401939392090e-01,6.412994861602783203e-01,6.963996291160583496e-01,7.550472021102905273e-01,8.114428520202636719e-01,8.655298948287963867e-01,9.221146106719970703e-01,9.713976383209228516e-01,1.017356038093566895e+00,1.051367878913879395e+00
-7.517401874065399170e-02,-1.578750275075435638e-02,4.407021403312683105e-02,1.049054414033889771e-01,1.660337448120117188e-01,2.267601639032363892e-01,2.866822779178619385e-01,3.459027111530303955e-01,4.048739373683929443e-01,4.645025730133056641e-01,5.248321294784545898e-01,5.844592452049255371e-01,6.423060297966003418e-01,6.984634995460510254e-01,7.569931149482727051e-01,8.112401962280273438e-01,8.683505654335021973e-01,9.217753410339355469e-01,9.732307791709899902e-01,1.010673642158508301e+00,1.045321345329284668e+00
-7.458067685365676880e-02,-1.551408134400844574e-02,4.446709901094436646e-02,1.059625893831253052e-01,1.673275977373123169e-01,2.277128845453262329e-01,2.875194251537322998e-01,3.465979397296905518e-01,4.062164425849914551e-01,4.664882421493530273e-01,5.265048742294311523e-01,5.859093070030212402e-01,6.427585482597351074e-01,7.008342146873474121e-01,7.573872804641723633e-01,8.128476142883300781e-01,8.705251216888427734e-01,9.214048981666564941e-01,9.679440855979919434e-01,1.004595518112182617e+00,1.036396741867065430e+00
-7.423776388168334961e-02,-1.512393262237310410e-02,4.530408233404159546e-02,1.069922670722007751e-01,1.683135032653808594e-01,2.285268753767013550e-01,2.881918549537658691e-01,3.475092351436614990e-01,4.078544676303863525e-01,4.682971239089965820e-01,5.279596447944641113e-01,5.868245959281921387e-01,6.436387300491333008e-01,7.026306390762329102e-01,7.572613954544067383e-01,8.150332570075988770e-01,8.701123595237731934e-01,9.211118221282958984e-01,9.614244103431701660e-01,9.982614517211914062e-01,1.027838110923767090e+00
-7.400734722614288330e-02,-1.461465749889612198e-02,4.622069746255874634e-02,1.077576875686645508e-01,1.690247058868408203e-01,2.292022258043289185e-01,2.888156473636627197e-01,3.488278090953826904e-01,4.093641042709350586e-01,4.698453247547149658e-01,5.292902588844299316e-01,5.871574282646179199e-01,6.457403898239135742e-01,7.029595971107482910e-01,7.589516043663024902e-01,8.167466521263122559e-01,8.693042993545532227e-01,9.142344594001770020e-01,9.543897509574890137e-01,9.928938150405883789e-01,1.026667356491088867e+00
-7.366524636745452881e-02,-1.378388237208127975e-02,4.708233103156089783e-02,nan,1.694291234016418457e-01,2.297939360141754150e-01,2.895632088184356689e-01,3.503283262252807617e-01,4.107925295829772949e-01,4.710726439952850342e-01,5.302532315254211426e-01,5.877022147178649902e-01,6.474344134330749512e-01,7.027073502540588379e-01,7.608584165573120117e-01,8.163822293281555176e-01,8.679774999618530273e-01,9.074239730834960938e-01,9.477832317352294922e-01,9.863477349281311035e-01,1.020065784454345703e+00
-7.319537550210952759e-02,-1.293201930820941925e-02,4.782327264547348022e-02,1.089916378259658813e-01,1.697731167078018188e-01,2.301774919033050537e-01,2.906993031501770020e-01,3.516033887863159180e-01,4.121631383895874023e-01,4.720169901847839355e-01,5.308975577354431152e-01,5.892594456672668457e-01,6.487901806831359863e-01,7.040491104125976562e-01,7.619591951370239258e-01,8.159514665603637695e-01,8.600844740867614746e-01,9.004932641983032227e-01,9.442995786666870117e-01,9.798563718795776367e-01,1.013476490974426270e+00
-7.249102741479873657e-02,-1.211866550147533417e-02,4.840791225433349609e-02,1.092718467116355896e-01,1.699107736349105835e-01,nan,2.919759154319763184e-01,3.527013659477233887e-01,4.133355617523193359e-01,4.726858735084533691e-01,5.314309000968933105e-01,5.908520221710205078e-01,6.492468118667602539e-01,7.055096626281738281e-01,7.609362602233886719e-01,8.154131770133972168e-01,8.526728749275207520e-01,8.972346186637878418e-01,9.426171779632568359e-01,9.769823551177978516e-01,nan
-7.175944000482559204e-02,-1.138858310878276825e-02,4.897642508149147034e-02,1.095142215490341187e-01,1.704427003860473633e-01,2.314065694808959961e-01,2.929427623748779297e-01,3.538050651550292969e-01,4.141939580440521240e-01,4.732298552989959717e-01,5.322203636169433594e-01,5.920560956001281738e-01,6.488237977027893066e-01,7.057974338531494141e-01,7.614027857780456543e-01,8.072308897972106934e-01,8.464967608451843262e-01,8.925899267196655273e-01,9.347037672996520996e-01,9.754841327667236328e-01,1.012457489967346191e+00
-7.108768820762634277e-02,-1.075854431837797165e-02,4.923862218856811523e-02,1.098787188529968262e-01,1.707304269075393677e-01,2.323445230722427368e-01,2.937924265861511230e-01,3.548110723495483398e-01,4.145210683345794678e-01,nan,5.334641337394714355e-01,5.927291512489318848e-01,6.496081352233886719e-01,7.045022249221801758e-01,7.609489560127258301e-01,8.005979657173156738e-01,8.415509462356567383e-01,nan,9.301030039787292480e-01,9.725610017776489258e-01,1.016183972358703613e+00
-7.048186659812927246e-02,-1.028847973793745041e-02,4.947100207209587097e-02,1.101602911949157715e-01,1.713558286428451538e-01,2.329621613025665283e-01,2.943934202194213867e-01,3.555209934711456299e-01,4.148300886154174805e-01,4.747223556041717529e-01,5.345011353492736816e-01,5.927235484123229980e-01,nan,7.053117752075195312e-01,7.536702752113342285e-01,7.948986291885375977e-01,8.437519073486328125e-01,8.832289576530456543e-01,9.283532500267028809e-01,9.756281971931457520e-01,1.020061373710632324e+00
-6.995827704668045044e-02,-1.003781054168939590e-02,4.981413111090660095e-02,1.107534170150756836e-01,1.719983667135238647e-01,2.337795943021774292e-01,2.950785160064697266e-01,3.554796874523162842e-01,4.154282212257385254e-01,4.755699336528778076e-01,5.346549153327941895e-01,5.928533077239990234e-01,6.507508158683776855e-01,7.034297585487365723e-01,nan,7.905952334403991699e-01,8.354640007019042969e-01,8.853041529655456543e-01,9.310268759727478027e-01,9.786295294761657715e-01,1.024763703346252441e+00
-6.959941238164901733e-02,-9.867100976407527924e-03,5.028637498617172241e-02,1.113586351275444031e-01,1.728269606828689575e-01,2.342152446508407593e-01,2.952537238597869873e-01,3.555448651313781738e-01,4.161343872547149658e-01,4.763990342617034912e-01,5.346218347549438477e-01,5.936530232429504395e-01,6.494854092597961426e-01,6.984159946441650391e-01,7.394573092460632324e-01,7.850950360298156738e-01,8.349984884262084961e-01,8.837011456489562988e-01,9.337120652198791504e-01,9.821527600288391113e-01,1.029790759086608887e+00
-6.945416331291198730e-02,-9.549722075462341309e-03,5.083043500781059265e-02,1.119574978947639465e-01,1.733177155256271362e-01,2.347217798233032227e-01,2.953698039054870605e-01,3.556928038597106934e-01,4.165901243686676025e-01,4.770614504814147949e-01,5.349625945091247559e-01,nan,6.501154303550720215e-01,6.930267810821533203e-01,7.323908209800720215e-01,7.830352783203125000e-01,8.339045643806457520e-01,8.860852122306823730e-01,9.365161061286926270e-01,9.862082004547119141e-01,1.034784555435180664e+00
-6.932712346315383911e-02,-9.109179489314556122e-03,5.146647617220878601e-02,1.126878038048744202e-01,1.739397197961807251e-01,2.349633127450942993e-01,2.951387763023376465e-01,3.558946549892425537e-01,nan,4.762452840805053711e-01,5.355355739593505859e-01,5.932951569557189941e-01,6.484409570693969727e-01,6.831725835800170898e-01,7.304239869117736816e-01,7.853659391403198242e-01,8.359962701797485352e-01,8.883653879165649414e-01,9.397501349449157715e-01,9.903433322906494141e-01,1.039409875869750977e+00
-6.904066354036331177e-02,-8.603373542428016663e-03,5.214868113398551941e-02,1.132155358791351318e-01,1.744890958070755005e-01,2.350445091724395752e-01,2.954908311367034912e-01,3.564872741699218750e-01,4.178250730037689209e-01,4.758503735065460205e-01,5.365267992019653320e-01,5.925664901733398438e-01,6.442440748214721680e-01,6.775637865066528320e-01,7.320188879966735840e-01,7.843534350395202637e-01,8.379359841346740723e-01,8.908532261848449707e-01,9.431515932083129883e-01,9.943894147872924805e-01,1.043778538703918457e+00
-6.864928454160690308e-02,-8.017450571060180664e-03,5.280132591724395752e-02,1.138247773051261902e-01,1.746436208486557007e-01,2.347907871007919312e-01,2.956765890121459961e-01,3.569415807723999023e-01,4.183563292026519775e-01,4.763317406177520752e-01,5.373491644859313965e-01,5.908428430557250977e-01,6.392859220504760742e-01,6.774078011512756348e-01,7.311092615127563477e-01,7.862334251403808594e-01,8.400263786315917969e-01,8.935355544090270996e-01,9.465035796165466309e-01,9.980901479721069336e-01,1.047921299934387207e+00
-6.820098310708999634e-02,-7.415731437504291534e-03,nan,1.143784373998641968e-01,nan,2.350886166095733643e-01,2.962331175804138184e-01,nan,4.169657826423645020e-01,4.768849015235900879e-01,5.359143018722534180e-01,5.876097679138183594e-01,6.322926878929138184e-01,6.793391704559326172e-01,7.327463030815124512e-01,7.880751490592956543e-01,8.423753380775451660e-01,8.963044881820678711e-01,9.496909976005554199e-01,1.001620769500732422e+00,1.051822781562805176e+00
