# 1st dimension: Re = np.logspace(np.log10(1.4e6), np.log10(1.05e7), 20); 2nd dimension: alpha = np.arange(-5., 5.5, .5)
8.802317827939987183e-02,1.416222155094146729e-01,1.885202974081039429e-01,2.350480109453201294e-01,2.868273258209228516e-01,3.345691561698913574e-01,3.852354586124420166e-01,4.330459237098693848e-01,4.837790727615356445e-01,5.334712266921997070e-01,5.812335610389709473e-01,6.334599852561950684e-01,6.815779209136962891e-01,7.314499616622924805e-01,7.851477265357971191e-01,nan,9.870211482048034668e-01,1.034749269485473633e+00,1.084807157516479492e+00,1.137503027915954590e+00,1.189768433570861816e+00
8.489948511123657227e-02,1.412385702133178711e-01,1.875576525926589966e-01,2.358051985502243042e-01,2.854734957218170166e-01,3.339332640171051025e-01,3.841168880462646484e-01,4.318551719188690186e-01,4.840093553066253662e-01,5.315978527069091797e-01,5.825018882751464844e-01,6.333125829696655273e-01,6.812505125999450684e-01,7.337813973426818848e-01,7.869386672973632812e-01,nan,9.891954064369201660e-01,1.037459731101989746e+00,1.089902877807617188e+00,1.142379283905029297e+00,1.193640828132629395e+00
8.342285454273223877e-02,nan,nan,nan,2.827998995780944824e-01,nan,3.818638920783996582e-01,4.327173233032226562e-01,4.831261038780212402e-01,5.307449102401733398e-01,5.833602547645568848e-01,6.323556900024414062e-01,6.821560263633728027e-01,7.356843352317810059e-01,7.881867885589599609e-01,8.423426747322082520e-01,9.919350147247314453e-01,1.042413353919982910e+00,1.094938635826110840e+00,1.147060155868530273e+00,1.195969223976135254e+00
8.191807568073272705e-02,nan,nan,nan,2.805783748626708984e-01,nan,3.801046311855316162e-01,4.330299198627471924e-01,4.814544022083282471e-01,5.318678021430969238e-01,5.834850668907165527e-01,6.317981481552124023e-01,6.840876936912536621e-01,7.371745705604553223e-01,7.886341214179992676e-01,8.395852446556091309e-01,9.955477118492126465e-01,1.047680974006652832e+00,1.099857091903686523e+00,1.151291608810424805e+00,1.196995854377746582e+00
8.004448562860488892e-02,1.309240609407424927e-01,nan,nan,2.808530926704406738e-01,3.310256600379943848e-01,3.805305361747741699e-01,4.323646426200866699e-01,4.806066751480102539e-01,5.328611135482788086e-01,5.826328396797180176e-01,6.322713494300842285e-01,6.857436895370483398e-01,7.381988763809204102e-01,7.887268066406250000e-01,8.402177095413208008e-01,nan,1.052916288375854492e+00,1.104627728462219238e+00,1.154493451118469238e+00,1.198837280273437500e+00
7.722500711679458618e-02,1.294240951538085938e-01,nan,nan,2.804805338382720947e-01,nan,3.809261620044708252e-01,4.306566715240478516e-01,4.814381003379821777e-01,5.333194136619567871e-01,5.819033384323120117e-01,6.339365243911743164e-01,6.870550513267517090e-01,7.386631369590759277e-01,7.892423868179321289e-01,8.415378928184509277e-01,1.006242632865905762e+00,1.058026194572448730e+00,1.109134435653686523e+00,1.155945062637329102e+00,1.202758073806762695e+00
7.406497746706008911e-02,1.284499317407608032e-01,1.798962652683258057e-01,nan,2.786364853382110596e-01,nan,3.805545270442962646e-01,4.295674264430999756e-01,4.823839366436004639e-01,5.326299667358398438e-01,5.820115208625793457e-01,6.353556513786315918e-01,6.879280209541320801e-01,7.388147711753845215e-01,7.901441454887390137e-01,8.440343141555786133e-01,9.109176993370056152e-01,1.062915563583374023e+00,1.113072633743286133e+00,1.157550930976867676e+00,nan
7.296268641948699951e-02,1.270663738250732422e-01,1.769668608903884888e-01,nan,2.765422761440277100e-01,3.290108144283294678e-01,3.790962100028991699e-01,4.298763275146484375e-01,4.826951920986175537e-01,5.316837430000305176e-01,5.833473205566406250e-01,6.364474892616271973e-01,6.882519125938415527e-01,7.392975091934204102e-01,7.915784716606140137e-01,8.466604948043823242e-01,9.080629348754882812e-01,1.067478775978088379e+00,1.115502715110778809e+00,1.160448551177978516e+00,1.211450338363647461e+00
7.255250960588455200e-02,1.245712563395500183e-01,1.759630143642425537e-01,2.276798039674758911e-01,2.764241695404052734e-01,3.284247517585754395e-01,3.780966103076934814e-01,4.305486679077148438e-01,4.819401502609252930e-01,5.316757559776306152e-01,5.845611095428466797e-01,6.370872259140014648e-01,6.883434653282165527e-01,7.401258945465087891e-01,7.939872741699218750e-01,8.491710424423217773e-01,9.060843586921691895e-01,nan,nan,nan,nan
7.169388234615325928e-02,1.220134943723678589e-01,1.754997819662094116e-01,2.248410880565643311e-01,2.768448889255523682e-01,3.266517221927642822e-01,3.782513737678527832e-01,4.307436048984527588e-01,4.808564782142639160e-01,5.327313542366027832e-01,5.856127738952636719e-01,6.372046470642089844e-01,6.887938976287841797e-01,7.413902878761291504e-01,7.962930202484130859e-01,8.514910340309143066e-01,9.076617956161499023e-01,nan,nan,nan,nan
6.965106725692749023e-02,1.210863366723060608e-01,1.739500910043716431e-01,2.238754481077194214e-01,2.764481008052825928e-01,3.254082202911376953e-01,3.788030743598937988e-01,4.300543367862701416e-01,4.806006848812103271e-01,5.338227748870849609e-01,5.861158370971679688e-01,6.372770667076110840e-01,6.895619630813598633e-01,7.435172796249389648e-01,7.984753251075744629e-01,8.536932468414306641e-01,9.094313383102416992e-01,nan,1.123921513557434082e+00,1.174049496650695801e+00,1.214472532272338867e+00
6.756561249494552612e-02,1.208463385701179504e-01,1.710504442453384399e-01,2.238210588693618774e-01,nan,3.253974914550781250e-01,3.787849545478820801e-01,4.291084408760070801e-01,4.812095761299133301e-01,5.345128178596496582e-01,5.859573483467102051e-01,6.377195119857788086e-01,6.906371116638183594e-01,7.455292344093322754e-01,8.005230426788330078e-01,8.557717800140380859e-01,9.105449914932250977e-01,9.713005423545837402e-01,nan,1.175424218177795410e+00,1.217304825782775879e+00
6.694388389587402344e-02,1.196977049112319946e-01,1.697504073381423950e-01,2.230576127767562866e-01,2.734969258308410645e-01,3.259522318840026855e-01,3.776829242706298828e-01,4.289371669292449951e-01,4.819028377532958984e-01,5.345032215118408203e-01,5.859138369560241699e-01,6.384258270263671875e-01,6.924046874046325684e-01,7.473915815353393555e-01,8.024558424949645996e-01,8.575726151466369629e-01,9.110854268074035645e-01,9.670236110687255859e-01,nan,1.174165606498718262e+00,1.212555885314941406e+00
6.704501807689666748e-02,1.169398128986358643e-01,1.696231216192245483e-01,2.209395319223403931e-01,2.732511460781097412e-01,3.260365128517150879e-01,3.763911128044128418e-01,4.293986558914184570e-01,4.820937812328338623e-01,5.341229438781738281e-01,5.863633751869201660e-01,6.394983530044555664e-01,6.941671371459960938e-01,7.491275668144226074e-01,8.042498230934143066e-01,8.587882518768310547e-01,9.112417697906494141e-01,9.673388004302978516e-01,1.040558099746704102e+00,1.177221536636352539e+00,1.213977336883544922e+00
6.636070460081100464e-02,1.155032664537429810e-01,1.686668992042541504e-01,2.195048630237579346e-01,2.734527289867401123e-01,3.249933123588562012e-01,3.759455978870391846e-01,4.299505352973937988e-01,4.817605316638946533e-01,5.339968204498291016e-01,5.871137976646423340e-01,6.411638855934143066e-01,nan,7.507517337799072266e-01,8.058615922927856445e-01,8.588204979896545410e-01,9.119517803192138672e-01,9.685429930686950684e-01,1.036797881126403809e+00,1.174854755401611328e+00,1.209606885910034180e+00
6.390113383531570435e-02,1.153682172298431396e-01,1.664174646139144897e-01,2.192010581493377686e-01,2.730660736560821533e-01,3.238361477851867676e-01,3.761532008647918701e-01,4.298122227191925049e-01,4.814312756061553955e-01,5.343272686004638672e-01,5.881362557411193848e-01,nan,6.972638964653015137e-01,7.522847652435302734e-01,8.070199489593505859e-01,8.586724400520324707e-01,9.131584167480468750e-01,9.698892235755920410e-01,1.029056429862976074e+00,1.163488745689392090e+00,1.211410403251647949e+00
6.257367134094238281e-02,1.143333241343498230e-01,1.651009172201156616e-01,2.192687243223190308e-01,2.714480459690093994e-01,3.234904408454895020e-01,3.765451312065124512e-01,4.288375675678253174e-01,4.814921617507934570e-01,5.348688364028930664e-01,5.893805027008056641e-01,6.439623236656188965e-01,6.986358165740966797e-01,7.537064552307128906e-01,8.068491220474243164e-01,8.593790531158447266e-01,9.144671559333801270e-01,9.712866544723510742e-01,1.024631381034851074e+00,1.092136502265930176e+00,1.208411812782287598e+00
6.241358816623687744e-02,1.120015382766723633e-01,1.648351699113845825e-01,2.186488360166549683e-01,2.700384557247161865e-01,3.236532211303710938e-01,3.762501478195190430e-01,4.280986785888671875e-01,4.818673729896545410e-01,5.356045365333557129e-01,5.905874967575073242e-01,6.452091336250305176e-01,6.999540925025939941e-01,7.547372579574584961e-01,8.062283992767333984e-01,8.604784011840820312e-01,nan,9.719949960708618164e-01,1.023983240127563477e+00,1.083460330963134766e+00,1.209229588508605957e+00
6.109842658042907715e-02,1.111790239810943604e-01,1.647985130548477173e-01,2.168090939521789551e-01,2.695471048355102539e-01,3.239085376262664795e-01,3.751736581325531006e-01,nan,4.823517203330993652e-01,5.366809964179992676e-01,5.916566252708435059e-01,6.464811563491821289e-01,7.013419270515441895e-01,7.543662190437316895e-01,8.065633773803710938e-01,8.616372346878051758e-01,nan,9.693164825439453125e-01,1.025010108947753906e+00,1.070763707160949707e+00,1.206376314163208008e+00
5.829200148582458496e-02,1.112960949540138245e-01,1.638955026865005493e-01,2.154948115348815918e-01,2.695712447166442871e-01,3.232730031013488770e-01,3.745732009410858154e-01,nan,4.829399883747100830e-01,5.378262400627136230e-01,5.926372408866882324e-01,6.477493643760681152e-01,7.021740674972534180e-01,7.535034418106079102e-01,8.075109124183654785e-01,8.631184101104736328e-01,9.185681343078613281e-01,9.687016606330871582e-01,1.019421458244323730e+00,nan,1.141372203826904297e+00
