# 1st dimension: Re = np.logspace(np.log10(1.4e6), np.log10(1.05e7), 20); 2nd dimension: alpha = np.arange(-5., 5.5, .5)
-4.751538634300231934e-01,-4.238595366477966309e-01,-3.782737255096435547e-01,-3.307240009307861328e-01,-2.799458205699920654e-01,-2.328424900770187378e-01,-1.885660141706466675e-01,-1.559786051511764526e-01,nan,-5.282215029001235962e-02,-1.076201515388675034e-04,5.171293765306472778e-02,1.021199598908424377e-01,1.525253504514694214e-01,1.839970797300338745e-01,2.279133647680282593e-01,2.752128541469573975e-01,3.239912390708923340e-01,3.703235387802124023e-01,nan,nan
-4.754581749439239502e-01,-4.254097044467926025e-01,-3.800071477890014648e-01,-3.323596119880676270e-01,-2.851361930370330811e-01,-2.384613603353500366e-01,-2.035546749830245972e-01,-1.570899933576583862e-01,-1.055411025881767273e-01,nan,6.452877787666011500e-09,nan,nan,nan,nan,nan,nan,nan,nan,nan,nan
-4.763889014720916748e-01,-4.265955090522766113e-01,-3.785396218299865723e-01,-3.345280289649963379e-01,-2.895290553569793701e-01,-2.442325949668884277e-01,-2.093882113695144653e-01,-1.581515967845916748e-01,-1.058149263262748718e-01,-5.313123390078544617e-02,-7.696098327869549394e-05,nan,nan,nan,nan,nan,nan,nan,nan,nan,nan
-4.744525849819183350e-01,-4.291526675224304199e-01,-3.800553679466247559e-01,-3.310057818889617920e-01,-2.937878966331481934e-01,-2.614894807338714600e-01,-2.101776897907257080e-01,-1.585792899131774902e-01,-1.060836911201477051e-01,-5.326275154948234558e-02,1.255687465118171531e-08,nan,1.060857698321342468e-01,1.585841178894042969e-01,2.101867794990539551e-01,2.615040540695190430e-01,2.938141524791717529e-01,nan,3.801223933696746826e-01,4.292355179786682129e-01,4.745588898658752441e-01
-4.785567820072174072e-01,-4.295313358306884766e-01,-3.828757703304290771e-01,-3.383382856845855713e-01,nan,-2.628005146980285645e-01,-2.113303840160369873e-01,-1.589002460241317749e-01,-1.063403338193893433e-01,nan,3.640971302232287599e-09,nan,nan,1.589049100875854492e-01,2.113389521837234497e-01,2.628145813941955566e-01,nan,3.383836150169372559e-01,3.829374611377716064e-01,4.296175241470336914e-01,4.786608517169952393e-01
nan,nan,nan,nan,nan,nan,nan,nan,nan,nan,7.562795508420094848e-05,nan,nan,1.561566889286041260e-01,2.076488882303237915e-01,2.582337260246276855e-01,3.012736439704895020e-01,nan,nan,4.330046176910400391e-01,4.832399189472198486e-01
nan,nan,nan,nan,nan,nan,nan,nan,nan,-5.348662286996841431e-02,nan,nan,nan,nan,nan,nan,nan,nan,nan,nan,nan
nan,nan,nan,nan,nan,nan,nan,nan,-1.069495305418968201e-01,nan,6.939443119335919619e-05,5.357806757092475891e-02,nan,nan,nan,nan,nan,nan,nan,nan,nan
nan,nan,nan,nan,nan,nan,nan,nan,-1.071411296725273132e-01,-5.365421995520591736e-02,5.503735155798494816e-05,5.365463346242904663e-02,1.071427688002586365e-01,nan,nan,nan,nan,nan,nan,nan,nan
nan,nan,nan,nan,nan,nan,nan,nan,-1.073331832885742188e-01,nan,2.669795685505960137e-05,5.373610928654670715e-02,1.073347553610801697e-01,nan,nan,nan,nan,nan,nan,nan,nan
nan,nan,nan,nan,nan,nan,nan,-1.611382812261581421e-01,-1.075256764888763428e-01,-5.382171273231506348e-02,-2.607386159070301801e-05,5.382208153605461121e-02,1.075271815061569214e-01,1.611417382955551147e-01,nan,nan,nan,nan,nan,nan,nan
nan,nan,nan,nan,nan,nan,-2.113068848848342896e-01,-1.586644500494003296e-01,-1.058572307229042053e-01,-5.297547951340675354e-02,nan,5.297510698437690735e-02,1.058557555079460144e-01,1.586611568927764893e-01,2.113010436296463013e-01,nan,nan,nan,nan,nan,nan
nan,nan,nan,nan,nan,-2.689450681209564209e-01,-2.155175060033798218e-01,-1.617422997951507568e-01,-1.078851148486137390e-01,-5.396961048245429993e-02,nan,5.396995693445205688e-02,1.078865081071853638e-01,1.617454737424850464e-01,2.155232578516006470e-01,2.689542174339294434e-01,nan,nan,nan,nan,nan
nan,nan,nan,nan,nan,-2.696869671344757080e-01,-2.159138619899749756e-01,-1.620215773582458496e-01,-1.080598756670951843e-01,nan,-3.471366749607796010e-09,5.404557660222053528e-02,1.080612093210220337e-01,1.620246320962905884e-01,2.159193754196166992e-01,2.696957886219024658e-01,nan,nan,nan,nan,nan
nan,nan,nan,nan,-3.239391446113586426e-01,-2.702000439167022705e-01,-2.162894755601882935e-01,-1.622936576604843140e-01,-1.082344129681587219e-01,-5.412423238158226013e-02,-3.472292897654938315e-09,5.412454903125762939e-02,1.082357019186019897e-01,1.622965931892395020e-01,2.162947654724121094e-01,2.702084779739379883e-01,3.239516317844390869e-01,nan,nan,nan,nan
nan,nan,nan,-3.782325685024261475e-01,-3.245870172977447510e-01,-2.706737816333770752e-01,-2.166532874107360840e-01,-1.625600308179855347e-01,-1.084026843309402466e-01,-5.420022457838058472e-02,nan,5.420052632689476013e-02,1.084039211273193359e-01,1.625628471374511719e-01,2.166583687067031860e-01,2.706818878650665283e-01,3.245989680290222168e-01,3.782493770122528076e-01,nan,nan,nan
nan,nan,-4.324944913387298584e-01,-3.790601491928100586e-01,-3.251622915267944336e-01,-2.711286544799804688e-01,-2.170071452856063843e-01,-1.628132909536361694e-01,-1.085656508803367615e-01,-5.428127199411392212e-02,2.804419474422559233e-10,5.428156629204750061e-02,1.085668429732322693e-01,1.628160029649734497e-01,2.170120328664779663e-01,2.711364328861236572e-01,3.251737654209136963e-01,3.790761828422546387e-01,4.325162172317504883e-01,nan,nan
nan,nan,-4.335884749889373779e-01,-3.797434568405151367e-01,-3.257083892822265625e-01,-2.715685367584228516e-01,-2.173459678888320923e-01,-1.630610972642898560e-01,-1.087257936596870422e-01,-5.436446890234947205e-02,-3.593865760542769294e-10,5.436475574970245361e-02,1.087269410490989685e-01,1.630637049674987793e-01,2.173506617546081543e-01,2.715759873390197754e-01,3.257193863391876221e-01,3.797588050365447998e-01,4.336092174053192139e-01,nan,nan
nan,-4.881515800952911377e-01,-4.343985021114349365e-01,-3.803812861442565918e-01,-3.262345194816589355e-01,-2.719917595386505127e-01,-2.176774889230728149e-01,-1.633033603429794312e-01,-1.088825836777687073e-01,-5.444601178169250488e-02,4.028725353322215597e-09,5.444628745317459106e-02,1.088836863636970520e-01,1.633058637380599976e-01,2.176820039749145508e-01,2.719989120960235596e-01,3.262450695037841797e-01,3.803960382938385010e-01,4.344183504581451416e-01,4.881776571273803711e-01,nan
-5.340042710304260254e-01,-4.813252985477447510e-01,-4.283055663108825684e-01,-3.750705122947692871e-01,-3.216996788978576660e-01,-2.682286202907562256e-01,-2.146750539541244507e-01,-1.610551923513412476e-01,-1.073875725269317627e-01,-5.370028316974639893e-02,nan,5.369989573955535889e-02,1.073860377073287964e-01,1.610517501831054688e-01,2.146689444780349731e-01,2.682191133499145508e-01,3.216860592365264893e-01,3.750520646572113037e-01,4.282816350460052490e-01,4.812952280044555664e-01,5.339674353599548340e-01
