# 1st dimension: Re = np.logspace(np.log10(1.4e6), np.log10(1.05e7), 20); 2nd dimension: alpha = np.arange(-5., 5.5, .5)
-4.486655592918395996e-01,-4.064306020736694336e-01,-3.630726337432861328e-01,-3.186715841293334961e-01,-2.738692164421081543e-01,-2.285427153110504150e-01,-1.829625666141510010e-01,-1.373032331466674805e-01,-9.157750010490417480e-02,-4.582588374614715576e-02,-7.024715614534216002e-06,4.582801461219787598e-02,9.158615022897720337e-02,1.373227387666702271e-01,1.829974204301834106e-01,2.285975664854049683e-01,2.739489376544952393e-01,3.187820911407470703e-01,3.632215857505798340e-01,4.066230654716491699e-01,4.489091932773590088e-01
-4.497212767601013184e-01,-4.075118303298950195e-01,-3.636862933635711670e-01,-3.192815184593200684e-01,-2.744920253753662109e-01,-2.291048616170883179e-01,-1.834655553102493286e-01,-1.376944035291671753e-01,-9.184589982032775879e-02,-4.592404514551162720e-02,6.756454695278080180e-06,nan,nan,nan,nan,nan,nan,nan,nan,nan,nan
-4.375797808170318604e-01,-3.968517780303955078e-01,-3.540768921375274658e-01,-3.110315501689910889e-01,-2.678101658821105957e-01,-2.237107008695602417e-01,-1.792327612638473511e-01,-1.345718801021575928e-01,-8.975025266408920288e-02,-4.488133639097213745e-02,nan,nan,nan,nan,nan,nan,nan,nan,nan,nan,nan
nan,nan,nan,nan,nan,nan,nan,nan,nan,nan,3.992531194541015793e-09,nan,nan,nan,nan,nan,nan,nan,nan,nan,nan
nan,nan,nan,nan,nan,nan,nan,nan,nan,nan,1.420653188688447699e-05,nan,9.267782419919967651e-02,1.388927102088928223e-01,1.849731504917144775e-01,2.306356728076934814e-01,nan,nan,nan,nan,nan
nan,nan,-3.600625693798065186e-01,-3.158512413501739502e-01,nan,nan,-1.851263493299484253e-01,-1.392346471548080444e-01,-9.297288209199905396e-02,-4.653654247522354126e-02,nan,nan,nan,nan,nan,nan,nan,nan,nan,nan,nan
nan,nan,nan,nan,nan,nan,nan,nan,nan,nan,nan,nan,nan,nan,nan,nan,nan,nan,nan,nan,nan
-4.695560038089752197e-01,nan,nan,nan,nan,nan,nan,nan,nan,nan,nan,nan,nan,nan,nan,nan,nan,nan,3.627116084098815918e-01,4.090151786804199219e-01,4.559657871723175049e-01
-4.730489253997802734e-01,nan,nan,nan,nan,nan,nan,nan,nan,nan,nan,nan,nan,nan,nan,nan,nan,nan,nan,nan,4.732453823089599609e-01
nan,nan,nan,nan,nan,nan,nan,nan,nan,nan,nan,nan,nan,nan,nan,nan,nan,nan,nan,nan,nan
-4.771459698677062988e-01,-4.266682267189025879e-01,nan,nan,nan,nan,nan,nan,nan,nan,nan,nan,nan,nan,nan,nan,nan,nan,nan,4.268248081207275391e-01,4.773266017436981201e-01
-4.787455797195434570e-01,-4.297384321689605713e-01,nan,nan,nan,nan,nan,nan,nan,nan,nan,nan,nan,nan,nan,nan,nan,nan,nan,4.298807084560394287e-01,4.789206087589263916e-01
-4.802362918853759766e-01,-4.315464794635772705e-01,nan,nan,nan,nan,nan,nan,nan,nan,nan,nan,nan,nan,nan,nan,nan,nan,nan,4.316830933094024658e-01,4.804061353206634521e-01
-4.816479980945587158e-01,-4.330059289932250977e-01,-3.839696049690246582e-01,nan,nan,nan,nan,nan,nan,-4.781781882047653198e-02,1.971570418390911072e-05,4.781939834356307983e-02,nan,nan,nan,nan,nan,nan,3.840744197368621826e-01,4.331383407115936279e-01,4.818128943443298340e-01
-4.829788506031036377e-01,-4.343203306198120117e-01,-3.854980170726776123e-01,nan,nan,nan,nan,-1.439330279827117920e-01,-9.598466753959655762e-02,-4.799048602581024170e-02,-2.297668288520071656e-05,4.799202829599380493e-02,9.599084407091140747e-02,1.439469307661056519e-01,nan,nan,nan,nan,3.855989873409271240e-01,4.344489574432373047e-01,4.831390082836151123e-01
-4.745879173278808594e-01,-4.269437789916992188e-01,nan,nan,nan,nan,-1.888359338045120239e-01,-1.416549235582351685e-01,-9.442152827978134155e-02,-4.720257222652435303e-02,2.561367728048935533e-05,4.720342531800270081e-02,9.442494809627532959e-02,1.416626125574111938e-01,1.888495087623596191e-01,nan,nan,nan,3.791492879390716553e-01,4.270157814025878906e-01,4.746776223182678223e-01
-4.854424297809600830e-01,-4.367293715476989746e-01,-3.877985477447509766e-01,-3.386088609695434570e-01,nan,-2.415847927331924438e-01,-1.932471990585327148e-01,-1.448860913515090942e-01,-9.655806422233581543e-02,-4.826859012246131897e-02,-2.884583045670296997e-05,4.827005416154861450e-02,9.656392782926559448e-02,1.448992788791656494e-01,1.932706981897354126e-01,2.416215389966964722e-01,nan,3.386858403682708740e-01,3.878939449787139893e-01,4.368510544300079346e-01,4.855932891368865967e-01
-4.771572947502136230e-01,-4.295308887958526611e-01,-3.814984858036041260e-01,nan,-2.853605747222900391e-01,-2.378118634223937988e-01,-1.901746690273284912e-01,-1.425673961639404297e-01,-9.500884264707565308e-02,-4.749178886413574219e-02,nan,4.749258607625961304e-02,9.501203149557113647e-02,1.425745785236358643e-01,1.901874542236328125e-01,2.378318458795547485e-01,2.853891551494598389e-01,nan,3.815506696701049805e-01,4.295976459980010986e-01,4.772384166717529297e-01
-4.781841039657592773e-01,-4.307674467563629150e-01,-3.826299309730529785e-01,-3.345077633857727051e-01,-2.864011824131011963e-01,-2.385624200105667114e-01,-1.907458901405334473e-01,-1.429855823516845703e-01,-9.528347849845886230e-02,-4.762802645564079285e-02,nan,4.762879759073257446e-02,9.528656303882598877e-02,1.429925262928009033e-01,1.907582432031631470e-01,2.385817468166351318e-01,2.864290475845336914e-01,3.345461487770080566e-01,3.826802074909210205e-01,4.308317005634307861e-01,4.782612323760986328e-01
-4.791486263275146484e-01,-4.319680631160736084e-01,-3.837215900421142578e-01,nan,-2.872911095619201660e-01,-2.392657697200775146e-01,-1.912940144538879395e-01,-1.433902978897094727e-01,nan,nan,nan,4.776219651103019714e-02,9.555415064096450806e-02,1.433970034122467041e-01,1.913059502840042114e-01,2.392844408750534058e-01,2.873180210590362549e-01,nan,3.837700784206390381e-01,4.320299029350280762e-01,4.792229533195495605e-01
