# 1st dimension: Re = np.logspace(np.log10(1.4e6), np.log10(1.05e7), 20); 2nd dimension: alpha = np.arange(-5., 5.5, .5)
-3.022186160087585449e-01,-2.522958219051361084e-01,-1.994160860776901245e-01,-1.460707783699035645e-01,-9.222768247127532959e-02,-3.703432157635688782e-02,1.731925643980503082e-02,6.896712630987167358e-02,1.194856688380241394e-01,1.712870895862579346e-01,2.277651280164718628e-01,2.849968969821929932e-01,3.403310477733612061e-01,3.973268866539001465e-01,4.556769132614135742e-01,5.142135024070739746e-01,5.702249407768249512e-01,6.271494030952453613e-01,6.848527193069458008e-01,7.391258478164672852e-01,nan
-2.998366355895996094e-01,-2.518216967582702637e-01,-1.996626704931259155e-01,-1.470560580492019653e-01,-9.293776750564575195e-02,-3.750886395573616028e-02,1.747540384531021118e-02,6.998784840106964111e-02,1.216921135783195496e-01,1.719953566789627075e-01,2.286378294229507446e-01,2.858862280845642090e-01,3.428688347339630127e-01,3.997768759727478027e-01,4.582960307598114014e-01,5.162333250045776367e-01,5.718318223953247070e-01,6.300135850906372070e-01,6.876391768455505371e-01,7.338753342628479004e-01,7.732990384101867676e-01
-3.060683608055114746e-01,-2.536604702472686768e-01,-2.022755742073059082e-01,-1.477148234844207764e-01,-9.338209778070449829e-02,-3.801444545388221741e-02,nan,nan,1.231914013624191284e-01,1.747642904520034790e-01,2.300279438495635986e-01,2.867527902126312256e-01,3.450659811496734619e-01,4.022158086299896240e-01,4.606830775737762451e-01,5.171911120414733887e-01,5.744151473045349121e-01,6.324937939643859863e-01,6.886874437332153320e-01,7.275035381317138672e-01,7.695976495742797852e-01
-3.106034994125366211e-01,-2.574869096279144287e-01,-2.044187486171722412e-01,-1.489968299865722656e-01,-9.358897060155868530e-02,-3.851163387298583984e-02,1.766939461231231689e-02,7.179971039295196533e-02,1.246636882424354553e-01,1.774621605873107910e-01,2.307113707065582275e-01,2.879839539527893066e-01,3.466137647628784180e-01,4.047324061393737793e-01,4.626469612121582031e-01,5.185453295707702637e-01,5.767610669136047363e-01,6.346455216407775879e-01,6.832035183906555176e-01,7.223068475723266602e-01,nan
-3.140017986297607422e-01,-2.602595984935760498e-01,-2.058661878108978271e-01,-1.501736342906951904e-01,-9.393134713172912598e-02,-3.898126631975173950e-02,1.737744174897670746e-02,7.169922441244125366e-02,1.259530931711196899e-01,1.793619841337203979e-01,2.316497713327407837e-01,2.892120480537414551e-01,3.479531407356262207e-01,4.065501391887664795e-01,4.636910557746887207e-01,5.206691026687622070e-01,5.788325071334838867e-01,6.357282996177673340e-01,6.766167283058166504e-01,7.198030948638916016e-01,7.586728334426879883e-01
-3.166959285736083984e-01,-2.623505294322967529e-01,-2.071902155876159668e-01,-1.511976122856140137e-01,-9.458354115486145020e-02,-3.943419083952903748e-02,1.698073558509349823e-02,7.233004271984100342e-02,1.265515685081481934e-01,1.810625940561294556e-01,2.345573753118515015e-01,2.906856834888458252e-01,3.490957319736480713e-01,4.078354239463806152e-01,4.643059074878692627e-01,5.225066542625427246e-01,5.806617736816406250e-01,6.305979490280151367e-01,6.712445616722106934e-01,nan,7.563120722770690918e-01
-3.189163804054260254e-01,-2.640294730663299561e-01,-2.083469927310943604e-01,-1.521279364824295044e-01,-9.553901106119155884e-02,-3.994686529040336609e-02,1.647337153553962708e-02,7.243050634860992432e-02,1.275772154331207275e-01,1.826510876417160034e-01,nan,2.921154499053955078e-01,3.501523435115814209e-01,4.084714651107788086e-01,4.653004705905914307e-01,5.239592194557189941e-01,5.798792243003845215e-01,6.267058253288269043e-01,6.679961085319519043e-01,7.114018797874450684e-01,7.547718882560729980e-01
-3.207811117172241211e-01,-2.653793692588806152e-01,-2.093982249498367310e-01,-1.529941856861114502e-01,-9.644016623497009277e-02,-4.056264832615852356e-02,1.599324494600296021e-02,7.284133881330490112e-02,1.285677105188369751e-01,1.840232908725738525e-01,2.394134700298309326e-01,2.928822040557861328e-01,3.513326644897460938e-01,4.084389507770538330e-01,4.665655791759490967e-01,5.250415205955505371e-01,5.765600800514221191e-01,6.203616857528686523e-01,nan,7.114474177360534668e-01,7.574125528335571289e-01
-3.223371207714080811e-01,-2.665607333183288574e-01,-2.103361189365386963e-01,-1.538011282682418823e-01,-9.727800637483596802e-02,-4.107467830181121826e-02,1.562255062162876129e-02,7.295686751604080200e-02,1.288810521364212036e-01,1.852046251296997070e-01,2.410693317651748657e-01,2.940309941768646240e-01,3.523805439472198486e-01,4.087200462818145752e-01,4.676673412322998047e-01,5.251764059066772461e-01,5.735142827033996582e-01,6.169171929359436035e-01,6.622350811958312988e-01,7.106223702430725098e-01,7.597190141677856445e-01
-3.235588073730468750e-01,-2.675712108612060547e-01,-2.111938893795013428e-01,-1.545861363410949707e-01,-9.796313941478729248e-02,-4.134073480963706970e-02,1.546751242130994797e-02,7.310395687818527222e-02,1.296487599611282349e-01,1.862507909536361694e-01,2.423830330371856689e-01,2.970539033412933350e-01,3.523312211036682129e-01,4.096926152706146240e-01,4.685710370540618896e-01,5.207154154777526855e-01,5.666451454162597656e-01,6.127235293388366699e-01,6.636354923248291016e-01,7.126539349555969238e-01,7.626808881759643555e-01
-3.246172964572906494e-01,-2.684956789016723633e-01,-2.120620459318161011e-01,-1.553795784711837769e-01,-9.851958602666854858e-02,-4.147946834564208984e-02,1.542526762932538986e-02,7.305558025836944580e-02,1.299637109041213989e-01,1.868894994258880615e-01,2.436070144176483154e-01,2.989062368869781494e-01,3.523517251014709473e-01,4.109896421432495117e-01,4.693104624748229980e-01,nan,nan,6.112553477287292480e-01,6.627238392829895020e-01,7.144277691841125488e-01,7.658785581588745117e-01
-3.256533443927764893e-01,-2.694448530673980713e-01,-2.129748165607452393e-01,-1.561222821474075317e-01,-9.902846068143844604e-02,nan,1.528874784708023071e-02,7.291740924119949341e-02,1.306137889623641968e-01,1.874537467956542969e-01,2.444727867841720581e-01,2.996250092983245850e-01,3.534635603427886963e-01,4.119179844856262207e-01,4.698397517204284668e-01,5.119976401329040527e-01,nan,6.128187179565429688e-01,6.640736460685729980e-01,7.165352106094360352e-01,7.687680721282958984e-01
-3.266833424568176270e-01,-2.704509496688842773e-01,-2.138692885637283325e-01,-1.568264365196228027e-01,-9.952905774116516113e-02,-4.214221611618995667e-02,1.505267247557640076e-02,7.282416522502899170e-02,1.307427287101745605e-01,1.877408325672149658e-01,2.452447116374969482e-01,3.004656136035919189e-01,3.558251261711120605e-01,4.125131070613861084e-01,4.658228456974029541e-01,nan,5.590620636940002441e-01,6.120390892028808594e-01,6.655272841453552246e-01,7.188296914100646973e-01,7.712777853012084961e-01
-3.277141749858856201e-01,-2.714463770389556885e-01,-2.146801501512527466e-01,-1.574835032224655151e-01,-9.998875856399536133e-02,-4.239954426884651184e-02,1.485218759626150131e-02,7.280708104372024536e-02,1.309118270874023438e-01,1.882997155189514160e-01,2.454262673854827881e-01,3.012320697307586670e-01,3.576278388500213623e-01,4.137227535247802734e-01,4.635697901248931885e-01,5.052185058593750000e-01,5.604817867279052734e-01,6.132680773735046387e-01,6.672822833061218262e-01,7.211987972259521484e-01,7.706903815269470215e-01
-3.287455737590789795e-01,-2.723493278026580811e-01,-2.154152095317840576e-01,-1.580825746059417725e-01,-1.004531607031822205e-01,-4.266330227255821228e-02,1.490232814103364944e-02,7.277118414640426636e-02,1.308515667915344238e-01,1.885368376970291138e-01,2.453361004590988159e-01,nan,3.590769469738006592e-01,4.135535359382629395e-01,4.594637453556060791e-01,5.062538981437683105e-01,5.598099827766418457e-01,6.145148873329162598e-01,6.691824793815612793e-01,7.233650088310241699e-01,7.729477882385253906e-01
-3.297076821327209473e-01,-2.731574177742004395e-01,-2.160916626453399658e-01,-1.586157679557800293e-01,-1.009092256426811218e-01,-4.298657923936843872e-02,1.486815791577100754e-02,7.262485474348068237e-02,1.307157725095748901e-01,1.885936260223388672e-01,2.452767491340637207e-01,3.029146194458007812e-01,3.601189255714416504e-01,4.119174778461456299e-01,4.596088230609893799e-01,nan,5.608705282211303711e-01,6.159758567810058594e-01,6.710532903671264648e-01,7.253588438034057617e-01,nan
-3.305275440216064453e-01,-2.738880217075347900e-01,-2.167093008756637573e-01,-1.591265797615051270e-01,-1.013516485691070557e-01,-4.334089905023574829e-02,1.469747815281152725e-02,7.239853590726852417e-02,1.305750459432601929e-01,1.884391605854034424e-01,2.457456588745117188e-01,nan,3.610638082027435303e-01,nan,4.558763504028320312e-01,5.073633193969726562e-01,5.623289346694946289e-01,6.175284385681152344e-01,6.727999448776245117e-01,nan,nan
-3.311904072761535645e-01,-2.745346128940582275e-01,-2.172653526067733765e-01,-1.596084237098693848e-01,-1.017870903015136719e-01,-4.370648786425590515e-02,1.459519844502210617e-02,7.212482392787933350e-02,1.303125917911529541e-01,1.882536709308624268e-01,nan,3.040298223495483398e-01,3.576003909111022949e-01,4.068264961242675781e-01,4.560257196426391602e-01,5.095834136009216309e-01,5.637533664703369141e-01,6.190806627273559570e-01,6.744493246078491211e-01,7.268261313438415527e-01,nan
-3.316545486450195312e-01,-2.750779688358306885e-01,-2.177755087614059448e-01,-1.601486802101135254e-01,-1.022111549973487854e-01,-4.407686740159988403e-02,1.425871066749095917e-02,7.181486487388610840e-02,1.299690604209899902e-01,nan,2.464193254709243774e-01,3.044151663780212402e-01,nan,4.031180143356323242e-01,4.569619596004486084e-01,5.112405419349670410e-01,5.650438666343688965e-01,6.206959486007690430e-01,6.759777069091796875e-01,7.285110950469970703e-01,nan
-3.330554664134979248e-01,-2.755908966064453125e-01,-2.183104902505874634e-01,nan,-1.026198267936706543e-01,-4.446424916386604309e-02,1.384060271084308624e-02,7.173615694046020508e-02,1.296850144863128662e-01,1.880759894847869873e-01,2.466463595628738403e-01,nan,3.534002602100372314e-01,4.028464853763580322e-01,nan,nan,5.672927498817443848e-01,6.223977208137512207e-01,6.761008501052856445e-01,7.301250696182250977e-01,nan
