# 1st dimension: Re = np.logspace(np.log10(1.4e6), np.log10(1.05e7), 20); 2nd dimension: alpha = np.arange(-5., 5.5, .5)
1.865476220846176147e-01,nan,nan,3.463414013385772705e-01,4.036977291107177734e-01,4.619234502315521240e-01,5.221142768859863281e-01,5.826005935668945312e-01,6.486692428588867188e-01,7.129273414611816406e-01,7.697439789772033691e-01,8.257260322570800781e-01,8.813918828964233398e-01,9.364289641380310059e-01,9.898911118507385254e-01,1.033239006996154785e+00,1.022226572036743164e+00,1.024038314819335938e+00,1.034047722816467285e+00,nan,1.062298893928527832e+00
nan,nan,nan,3.460108637809753418e-01,4.045699834823608398e-01,4.652020633220672607e-01,5.253782868385314941e-01,5.834653973579406738e-01,6.462997198104858398e-01,7.139586806297302246e-01,7.712388038635253906e-01,nan,nan,nan,nan,nan,nan,nan,nan,nan,nan
nan,nan,nan,3.467992246150970459e-01,4.076186716556549072e-01,4.674757122993469238e-01,5.261343717575073242e-01,5.842595100402832031e-01,6.454795598983764648e-01,7.154351472854614258e-01,7.727581858634948730e-01,nan,nan,nan,nan,nan,nan,nan,nan,nan,nan
nan,nan,nan,3.487820625305175781e-01,4.093269705772399902e-01,4.684025347232818604e-01,5.271382331848144531e-01,5.853508710861206055e-01,6.452041864395141602e-01,7.172312140464782715e-01,7.742362022399902344e-01,nan,nan,nan,nan,nan,nan,nan,nan,nan,nan
nan,nan,nan,nan,4.105307757854461670e-01,nan,5.285246372222900391e-01,5.868064165115356445e-01,6.457876563072204590e-01,7.189524173736572266e-01,7.753845453262329102e-01,nan,nan,nan,nan,nan,nan,nan,nan,nan,nan
nan,2.344762980937957764e-01,2.915946841239929199e-01,nan,4.121353626251220703e-01,nan,5.302790999412536621e-01,5.886217355728149414e-01,6.472312211990356445e-01,7.195918560028076172e-01,7.755370140075683594e-01,8.307270407676696777e-01,8.885793685913085938e-01,9.458275437355041504e-01,1.002489328384399414e+00,nan,9.902486205101013184e-01,9.740515351295471191e-01,1.014436960220336914e+00,1.056914448738098145e+00,1.098707437515258789e+00
nan,nan,nan,nan,4.141201376914978027e-01,nan,5.323500633239746094e-01,5.906178951263427734e-01,6.486739516258239746e-01,7.187138795852661133e-01,7.758294343948364258e-01,nan,nan,nan,nan,nan,nan,nan,nan,nan,nan
nan,nan,nan,nan,nan,4.759334921836853027e-01,5.344787836074829102e-01,5.922932028770446777e-01,6.493542194366455078e-01,7.154555320739746094e-01,7.775813937187194824e-01,8.350318670272827148e-01,8.929510116577148438e-01,9.509747028350830078e-01,1.008480668067932129e+00,nan,9.822118282318115234e-01,9.830348491668701172e-01,1.027346014976501465e+00,1.070965647697448730e+00,1.111269235610961914e+00
nan,nan,nan,nan,nan,nan,5.362724065780639648e-01,5.932795405387878418e-01,6.487343907356262207e-01,7.146027684211730957e-01,7.799899578094482422e-01,8.378044962882995605e-01,8.956546783447265625e-01,9.537671208381652832e-01,1.009976387023925781e+00,nan,9.801238775253295898e-01,nan,nan,nan,nan
nan,nan,nan,nan,nan,nan,5.375028252601623535e-01,5.935700535774230957e-01,6.494263410568237305e-01,nan,7.827519178390502930e-01,8.408405780792236328e-01,8.987777829170227051e-01,9.565878510475158691e-01,1.007815241813659668e+00,nan,nan,9.961124062538146973e-01,1.039662122726440430e+00,1.083358407020568848e+00,1.126021981239318848e+00
nan,nan,nan,nan,nan,nan,5.381855964660644531e-01,5.942002534866333008e-01,6.511925458908081055e-01,7.162866592407226562e-01,7.851961255073547363e-01,8.440185189247131348e-01,9.020340442657470703e-01,9.590293765068054199e-01,1.008238434791564941e+00,nan,nan,1.002812266349792480e+00,1.045790553092956543e+00,1.089464068412780762e+00,1.132970094680786133e+00
nan,nan,nan,nan,4.249590635299682617e-01,4.824357032775878906e-01,5.389939546585083008e-01,5.957341194152832031e-01,nan,7.181793451309204102e-01,7.876311540603637695e-01,8.472142219543457031e-01,9.050828218460083008e-01,9.607143998146057129e-01,1.009269237518310547e+00,1.027216434478759766e+00,nan,1.008914589881896973e+00,1.052057862281799316e+00,1.095544934272766113e+00,1.139250159263610840e+00
nan,nan,nan,nan,nan,4.835014641284942627e-01,5.403746366500854492e-01,5.980282425880432129e-01,6.582095026969909668e-01,7.209231257438659668e-01,7.885523438453674316e-01,8.503182530403137207e-01,9.076236486434936523e-01,9.611027240753173828e-01,nan,1.019909262657165527e+00,9.746773838996887207e-01,1.014220952987670898e+00,1.058574199676513672e+00,1.101643800735473633e+00,1.145309805870056152e+00
nan,nan,nan,nan,nan,4.848677814006805420e-01,5.423005819320678711e-01,6.012364625930786133e-01,6.611133217811584473e-01,7.232649326324462891e-01,7.885522842407226562e-01,8.531353473663330078e-01,9.089875817298889160e-01,9.621716737747192383e-01,9.981976151466369629e-01,1.012400865554809570e+00,9.760648012161254883e-01,1.019280791282653809e+00,1.065111517906188965e+00,1.107707500457763672e+00,1.151239514350891113e+00
nan,nan,nan,nan,4.291520118713378906e-01,4.867084026336669922e-01,nan,6.044831275939941406e-01,6.642343401908874512e-01,7.258869409561157227e-01,7.892364859580993652e-01,8.553576469421386719e-01,9.092893004417419434e-01,9.647201895713806152e-01,9.909178018569946289e-01,1.006542086601257324e+00,9.779531359672546387e-01,1.024248838424682617e+00,1.070765614509582520e+00,1.113883018493652344e+00,1.157082676887512207e+00
nan,nan,nan,nan,4.309721887111663818e-01,4.894878864288330078e-01,5.486311316490173340e-01,6.076910495758056641e-01,6.673763394355773926e-01,7.283909320831298828e-01,7.905439734458923340e-01,8.559707999229431152e-01,9.105850458145141602e-01,nan,9.841787815093994141e-01,1.002039670944213867e+00,9.828715324401855469e-01,1.029208779335021973e+00,1.075816392898559570e+00,1.120300889015197754e+00,1.162884593009948730e+00
nan,nan,nan,nan,4.334068894386291504e-01,4.926012158393859863e-01,5.517587065696716309e-01,6.108009219169616699e-01,6.704173088073730469e-01,7.306242585182189941e-01,7.916968464851379395e-01,8.560150265693664551e-01,9.131416082382202148e-01,9.703847169876098633e-01,9.777095913887023926e-01,9.986101388931274414e-01,9.884024262428283691e-01,1.034266114234924316e+00,1.080829501152038574e+00,1.126626968383789062e+00,1.168720364570617676e+00
nan,nan,nan,3.770553767681121826e-01,4.364087283611297607e-01,4.956273436546325684e-01,5.547636151313781738e-01,6.137739419937133789e-01,6.727814674377441406e-01,7.327817678451538086e-01,7.911077737808227539e-01,8.570332527160644531e-01,nan,nan,9.718595743179321289e-01,9.995810985565185547e-01,9.942308664321899414e-01,1.039656519889831543e+00,1.085806727409362793e+00,1.131963610649108887e+00,1.174717187881469727e+00
nan,nan,nan,3.800199329853057861e-01,4.393179118633270264e-01,4.985304772853851318e-01,5.576328039169311523e-01,6.165844202041625977e-01,6.753449440002441406e-01,nan,7.911620736122131348e-01,8.595097064971923828e-01,9.179043769836425781e-01,9.625248908996582031e-01,9.673131108283996582e-01,9.977048635482788086e-01,1.000112175941467285e+00,1.045114278793334961e+00,nan,nan,1.181057453155517578e+00
nan,nan,nan,3.828098475933074951e-01,4.420989453792572021e-01,5.012880563735961914e-01,5.603575110435485840e-01,6.191568970680236816e-01,6.772363185882568359e-01,7.333057522773742676e-01,7.926535606384277344e-01,8.611223697662353516e-01,9.180879592895507812e-01,9.555140733718872070e-01,9.650218486785888672e-01,9.946514368057250977e-01,1.005645751953125000e+00,1.050680518150329590e+00,1.096066474914550781e+00,1.141967415809631348e+00,1.187412858009338379e+00
