# 1st dimension: Re = np.logspace(np.log10(1.4e6), np.log10(1.05e7), 20); 2nd dimension: alpha = np.arange(-5., 5.5, .5)
-4.881550967693328857e-01,-4.338797032833099365e-01,-3.775808215141296387e-01,-3.219450116157531738e-01,-2.649036347866058350e-01,-2.076330631971359253e-01,-1.495664566755294800e-01,-9.116892516613006592e-02,-3.214740753173828125e-02,2.766626141965389252e-02,9.001106768846511841e-02,1.484989821910858154e-01,2.051933109760284424e-01,2.606235444545745850e-01,3.173462450504302979e-01,3.756052255630493164e-01,4.327651262283325195e-01,4.892256259918212891e-01,5.462368130683898926e-01,6.032357215881347656e-01,6.578117609024047852e-01
-4.907260239124298096e-01,-4.363371431827545166e-01,-3.805762827396392822e-01,-3.240150213241577148e-01,-2.667383551597595215e-01,-2.089742720127105713e-01,-1.505449861288070679e-01,-9.186438471078872681e-02,-3.248406574130058289e-02,2.760238572955131531e-02,9.060300886631011963e-02,1.495430171489715576e-01,2.065857350826263428e-01,2.627860307693481445e-01,3.197466135025024414e-01,3.774440884590148926e-01,4.358733296394348145e-01,4.928779006004333496e-01,5.495585203170776367e-01,6.067286133766174316e-01,6.640195846557617188e-01
-4.936386644840240479e-01,-4.385813772678375244e-01,-3.825752139091491699e-01,-3.252826631069183350e-01,-2.678579092025756836e-01,-2.097600996494293213e-01,-1.512314975261688232e-01,-9.230519086122512817e-02,-3.265320137143135071e-02,2.766077779233455658e-02,9.098523110151290894e-02,1.501822471618652344e-01,2.077335119247436523e-01,2.639351189136505127e-01,3.220562040805816650e-01,3.793568313121795654e-01,4.374597966670989990e-01,4.958547949790954590e-01,5.527922511100769043e-01,6.096979975700378418e-01,6.668676137924194336e-01
-4.960013926029205322e-01,-4.405654668807983398e-01,-3.842173218727111816e-01,-3.265657424926757812e-01,-2.688962817192077637e-01,-2.105511128902435303e-01,-1.517757922410964966e-01,-9.256587922573089600e-02,-3.269578889012336731e-02,2.776931971311569214e-02,9.097212553024291992e-02,1.506976783275604248e-01,nan,2.651659846305847168e-01,3.234907388687133789e-01,3.812131881713867188e-01,4.390999078750610352e-01,4.972872436046600342e-01,5.555471181869506836e-01,6.125279664993286133e-01,6.694746613502502441e-01
-4.982809424400329590e-01,-4.417540132999420166e-01,-3.853986263275146484e-01,-3.278258144855499268e-01,-2.696491777896881104e-01,-2.110905051231384277e-01,-1.522739976644515991e-01,-9.270668029785156250e-02,-3.262049332261085510e-02,2.802908979356288910e-02,9.072538465261459351e-02,1.510402709245681763e-01,2.092332243919372559e-01,2.664917707443237305e-01,3.243332505226135254e-01,3.829149305820465088e-01,4.406822025775909424e-01,4.987029731273651123e-01,5.569006800651550293e-01,6.149979233741760254e-01,6.719784140586853027e-01
-5.004674196243286133e-01,-4.434328973293304443e-01,-3.863281607627868652e-01,-3.286180198192596436e-01,-2.702606916427612305e-01,-2.114979028701782227e-01,-1.525509655475616455e-01,-9.268725663423538208e-02,-3.247663378715515137e-02,2.841510996222496033e-02,9.028281271457672119e-02,1.511762887239456177e-01,2.096798717975616455e-01,2.672978937625885010e-01,3.251852989196777344e-01,3.837404549121856689e-01,4.421623051166534424e-01,5.000653266906738281e-01,5.581309795379638672e-01,6.162888407707214355e-01,6.742247343063354492e-01
-5.021101832389831543e-01,-4.448935687541961670e-01,-3.873342573642730713e-01,-3.294558227062225342e-01,-2.707291543483734131e-01,-2.118071913719177246e-01,-1.526099294424057007e-01,-9.254763275384902954e-02,-3.229958936572074890e-02,2.879930473864078522e-02,8.993818610906600952e-02,1.511911898851394653e-01,2.100881785154342651e-01,2.681141495704650879e-01,3.261034488677978516e-01,3.844278752803802490e-01,4.431561827659606934e-01,5.013743638992309570e-01,5.593279004096984863e-01,6.173890829086303711e-01,6.754352450370788574e-01
-5.032861232757568359e-01,-4.458641111850738525e-01,-3.881523609161376953e-01,-3.300978839397430420e-01,-2.711625993251800537e-01,-2.119562476873397827e-01,-1.525669991970062256e-01,-9.242015331983566284e-02,-3.201727569103240967e-02,2.897895686328411102e-02,8.964284509420394897e-02,1.509735733270645142e-01,2.103349268436431885e-01,2.684594094753265381e-01,3.269352018833160400e-01,3.851357698440551758e-01,4.436974525451660156e-01,5.024387836456298828e-01,5.604777336120605469e-01,6.184378266334533691e-01,6.764134168624877930e-01
-5.044820308685302734e-01,-4.467942118644714355e-01,-3.888249099254608154e-01,-3.304671049118041992e-01,-2.714918255805969238e-01,-2.120289355516433716e-01,nan,-9.224982559680938721e-02,-3.165089339017868042e-02,2.902242727577686310e-02,8.883459120988845825e-02,1.506774276494979858e-01,2.104820907115936279e-01,2.688958644866943359e-01,3.272435069084167480e-01,3.858966827392578125e-01,4.442538321018218994e-01,5.029493570327758789e-01,5.614937543869018555e-01,6.194360852241516113e-01,6.773390769958496094e-01
-5.052022933959960938e-01,-4.474308192729949951e-01,-3.892782926559448242e-01,-3.307497203350067139e-01,-2.718017697334289551e-01,-2.121076881885528564e-01,-1.522901058197021484e-01,-9.197767823934555054e-02,-3.122131712734699249e-02,2.895044907927513123e-02,8.867896348237991333e-02,1.503667384386062622e-01,2.105631828308105469e-01,2.692267000675201416e-01,3.276627361774444580e-01,3.865014016628265381e-01,4.448195099830627441e-01,5.033931136131286621e-01,5.620721578598022461e-01,6.203891634941101074e-01,6.782326698303222656e-01
-5.059264302253723145e-01,-4.479522407054901123e-01,-3.896058499813079834e-01,-3.308456838130950928e-01,-2.718157768249511719e-01,-2.120817750692367554e-01,-1.520374566316604614e-01,-9.174479544162750244e-02,-3.094784729182720184e-02,2.888870984315872192e-02,8.846634626388549805e-02,1.499649584293365479e-01,2.104475498199462891e-01,2.695211172103881836e-01,3.280423581600189209e-01,3.867262303829193115e-01,4.453893899917602539e-01,5.038309693336486816e-01,5.624504089355468750e-01,6.210395097732543945e-01,6.791112422943115234e-01
-5.064722895622253418e-01,-4.483228027820587158e-01,-3.898170292377471924e-01,-3.309612870216369629e-01,-2.717168033123016357e-01,-2.119909971952438354e-01,-1.516776829957962036e-01,-9.137834608554840088e-02,-3.077723085880279541e-02,2.878338284790515900e-02,8.827433735132217407e-02,1.494641602039337158e-01,2.102513313293457031e-01,2.696292102336883545e-01,3.282397687435150146e-01,3.870889842510223389e-01,4.458526372909545898e-01,5.042780041694641113e-01,5.628135800361633301e-01,6.213876008987426758e-01,6.797914505004882812e-01
-5.069242119789123535e-01,-4.486414790153503418e-01,-3.898708522319793701e-01,-3.309616446495056152e-01,-2.715690433979034424e-01,-2.118354439735412598e-01,nan,nan,-3.074799478054046631e-02,2.874308452010154724e-02,8.817210793495178223e-02,1.490827649831771851e-01,2.099992185831069946e-01,2.696700096130371094e-01,3.284650743007659912e-01,3.873963952064514160e-01,4.460330605506896973e-01,5.047093033790588379e-01,5.631795525550842285e-01,6.217204332351684570e-01,6.801571846008300781e-01
-5.072550773620605469e-01,-4.487970471382141113e-01,-3.899660706520080566e-01,-3.308609127998352051e-01,-2.714028656482696533e-01,-2.116122841835021973e-01,-1.510184705257415771e-01,-9.066319465637207031e-02,-3.073298558592796326e-02,2.860597893595695496e-02,8.801279962062835693e-02,1.488053202629089355e-01,2.097164690494537354e-01,2.696743309497833252e-01,3.285735845565795898e-01,3.875148296356201172e-01,4.463407695293426514e-01,5.050352811813354492e-01,5.635491609573364258e-01,6.220405697822570801e-01,6.804491281509399414e-01
-5.075938701629638672e-01,-4.489163756370544434e-01,-3.899779617786407471e-01,-3.307179212570190430e-01,-2.712129950523376465e-01,-2.112659662961959839e-01,-1.506042778491973877e-01,nan,-3.077475354075431824e-02,2.852382324635982513e-02,8.787086606025695801e-02,1.484336704015731812e-01,2.093263715505599976e-01,2.696264386177062988e-01,3.286937177181243896e-01,3.876387178897857666e-01,4.465723335742950439e-01,5.051758885383605957e-01,5.638663768768310547e-01,6.223595142364501953e-01,6.807182431221008301e-01
-5.077653527259826660e-01,-4.489998817443847656e-01,-3.899085819721221924e-01,-3.305363357067108154e-01,-2.709987461566925049e-01,-2.107783704996109009e-01,-1.502600759267807007e-01,nan,-3.080681152641773224e-02,2.848104201257228851e-02,8.779715001583099365e-02,1.477212607860565186e-01,2.088687568902969360e-01,2.694457769393920898e-01,3.287883400917053223e-01,3.877138793468475342e-01,4.466601312160491943e-01,5.054269433021545410e-01,5.640764236450195312e-01,6.226476430892944336e-01,6.809977889060974121e-01
-5.079421401023864746e-01,-4.489950239658355713e-01,-3.898908793926239014e-01,-3.303352594375610352e-01,-2.707267999649047852e-01,-2.102525383234024048e-01,-1.499584615230560303e-01,-9.027879685163497925e-02,-3.092680312693119049e-02,2.835590019822120667e-02,8.773466199636459351e-02,1.474526822566986084e-01,nan,2.691518366336822510e-01,3.288135230541229248e-01,3.877665698528289795e-01,4.467453360557556152e-01,5.056075453758239746e-01,5.642034411430358887e-01,6.228693127632141113e-01,6.812866926193237305e-01
nan,-4.489535391330718994e-01,-3.898005485534667969e-01,-3.301291167736053467e-01,-2.703051567077636719e-01,-2.098083943128585815e-01,-1.498541235923767090e-01,-9.027113765478134155e-02,-3.096097335219383240e-02,2.825714834034442902e-02,8.758807182312011719e-02,1.472815871238708496e-01,2.080837935209274292e-01,2.688115537166595459e-01,3.287395834922790527e-01,3.878547251224517822e-01,4.467723369598388672e-01,5.056828856468200684e-01,5.644414424896240234e-01,6.230013966560363770e-01,6.815273761749267578e-01
-5.078639984130859375e-01,-4.488346874713897705e-01,-3.895831108093261719e-01,nan,-2.699030935764312744e-01,nan,-1.498223394155502319e-01,-9.028595685958862305e-02,-3.101913444697856903e-02,2.822775579988956451e-02,8.749881386756896973e-02,1.470758616924285889e-01,2.077728956937789917e-01,2.684720456600189209e-01,3.285907804965972900e-01,3.878517448902130127e-01,4.468089938163757324e-01,5.057451725006103516e-01,5.645791888236999512e-01,6.231296658515930176e-01,6.816926598548889160e-01
-5.077136158943176270e-01,-4.487017393112182617e-01,-3.893475234508514404e-01,-3.296599686145782471e-01,-2.693811953067779541e-01,-2.092721015214920044e-01,-1.497501581907272339e-01,-9.034685790538787842e-02,-3.114892356097698212e-02,2.815791964530944824e-02,8.747728168964385986e-02,1.469726711511611938e-01,2.074746787548065186e-01,2.680670917034149170e-01,3.284270763397216797e-01,3.878233432769775391e-01,4.468621015548706055e-01,5.057314038276672363e-01,5.646283030509948730e-01,6.233106255531311035e-01,6.817712187767028809e-01
