# 1st dimension: Re = np.logspace(np.log10(1.4e6), np.log10(1.05e7), 20); 2nd dimension: alpha = np.arange(-5., 5.5, .5)
nan,nan,-3.473767936229705811e-01,-2.987633049488067627e-01,-2.612443566322326660e-01,-2.292065471410751343e-01,-1.828621774911880493e-01,-1.320106238126754761e-01,-7.841747254133224487e-02,-2.454987727105617523e-02,2.780398167669773102e-02,7.935539633035659790e-02,nan,1.841531395912170410e-01,2.356620430946350098e-01,2.864739596843719482e-01,3.311060369014739990e-01,3.490795493125915527e-01,3.985138535499572754e-01,nan,nan
-4.417533874511718750e-01,-3.970954418182373047e-01,-3.498578071594238281e-01,-3.016671240329742432e-01,-2.606803178787231445e-01,-2.283311784267425537e-01,-1.824883520603179932e-01,-1.315301954746246338e-01,-7.831317931413650513e-02,-2.440617047250270844e-02,2.802520245313644409e-02,8.000979572534561157e-02,1.329285055398941040e-01,1.850210428237915039e-01,2.362824827432632446e-01,2.868092358112335205e-01,3.259079754352569580e-01,3.510209619998931885e-01,4.005840420722961426e-01,4.488752186298370361e-01,5.009235143661499023e-01
-4.434142708778381348e-01,nan,-3.528932929039001465e-01,-3.039496541023254395e-01,-2.595144212245941162e-01,-2.259735167026519775e-01,-1.815530359745025635e-01,-1.321450471878051758e-01,-7.864391058683395386e-02,-2.475236728787422180e-02,2.853881567716598511e-02,8.026040345430374146e-02,1.341020464897155762e-01,1.866928339004516602e-01,2.378451228141784668e-01,2.867216765880584717e-01,3.219055533409118652e-01,3.535519540309906006e-01,4.028010070323944092e-01,4.514563679695129395e-01,5.001108646392822266e-01
nan,nan,-3.552655279636383057e-01,nan,nan,-2.228568792343139648e-01,-1.801554560661315918e-01,-1.318218708038330078e-01,-7.873868942260742188e-02,-2.444078959524631500e-02,2.807451970875263214e-02,8.133338391780853271e-02,1.342050880193710327e-01,1.873430013656616211e-01,2.389411330223083496e-01,2.854959368705749512e-01,3.158989250659942627e-01,3.556632995605468750e-01,4.052149653434753418e-01,nan,4.986683130264282227e-01
nan,-4.054191112518310547e-01,-3.580146133899688721e-01,-3.083182573318481445e-01,-2.579682767391204834e-01,-2.176167666912078857e-01,-1.785679161548614502e-01,-1.306769102811813354e-01,-7.881250232458114624e-02,-2.559628151357173920e-02,2.846320904791355133e-02,8.226191252470016479e-02,1.349331736564636230e-01,1.883431971073150635e-01,2.399908155202865601e-01,2.834215462207794189e-01,3.123718202114105225e-01,3.582465052604675293e-01,4.080308973789215088e-01,nan,nan
nan,nan,-3.603503406047821045e-01,-3.104320168495178223e-01,-2.590655386447906494e-01,-2.163185775279998779e-01,-1.767887026071548462e-01,-1.296432018280029297e-01,-7.896760851144790649e-02,-2.539739012718200684e-02,2.835103496909141541e-02,8.224087208509445190e-02,1.355428248643875122e-01,1.888451725244522095e-01,2.402198910713195801e-01,2.797964811325073242e-01,3.098620176315307617e-01,3.603550791740417480e-01,4.101358354091644287e-01,nan,nan
-4.560851752758026123e-01,nan,-3.628784120082855225e-01,-3.121458292007446289e-01,-2.607192993164062500e-01,-2.159544825553894043e-01,-1.738928407430648804e-01,-1.288135349750518799e-01,-7.849130034446716309e-02,-2.621520683169364929e-02,2.803191542625427246e-02,8.313297480344772339e-02,1.358631402254104614e-01,1.887697279453277588e-01,nan,2.784020006656646729e-01,3.119828104972839355e-01,3.625696003437042236e-01,4.127216339111328125e-01,nan,nan
-4.608034491539001465e-01,nan,-3.653575479984283447e-01,-3.137893974781036377e-01,-2.619066834449768066e-01,nan,-1.679690629243850708e-01,-1.277485340833663940e-01,-7.825757563114166260e-02,-2.567858994007110596e-02,2.860310859978199005e-02,8.260399103164672852e-02,1.363878697156906128e-01,1.885060369968414307e-01,2.373433709144592285e-01,2.774985134601593018e-01,3.142926990985870361e-01,3.650104403495788574e-01,4.151952564716339111e-01,nan,5.107934474945068359e-01
nan,-4.166232347488403320e-01,-3.674004673957824707e-01,nan,-2.633618712425231934e-01,-2.148743718862533569e-01,nan,-1.255553066730499268e-01,-7.750055193901062012e-02,-2.566265501081943512e-02,2.843466401100158691e-02,8.269259333610534668e-02,1.363624781370162964e-01,1.878023147583007812e-01,2.329351305961608887e-01,2.727001309394836426e-01,3.170725703239440918e-01,3.670322000980377197e-01,4.172812104225158691e-01,nan,nan
nan,nan,-3.689825534820556641e-01,-3.169921338558197021e-01,nan,-2.150319218635559082e-01,-1.660036891698837280e-01,-1.232333704829216003e-01,-7.686039060354232788e-02,-2.471778914332389832e-02,2.882534824311733246e-02,8.254072070121765137e-02,1.361799538135528564e-01,1.870577931404113770e-01,nan,2.725533843040466309e-01,3.196694850921630859e-01,3.695538341999053955e-01,4.199149310588836670e-01,4.701084494590759277e-01,nan
nan,nan,nan,-3.184570372104644775e-01,-2.659944593906402588e-01,-2.154979705810546875e-01,-1.656950861215591431e-01,-1.189031079411506653e-01,-7.620588690042495728e-02,-2.377094700932502747e-02,2.975923381745815277e-02,8.228147774934768677e-02,1.358310580253601074e-01,1.854480654001235962e-01,2.283234447240829468e-01,2.726806998252868652e-01,3.217422664165496826e-01,3.723123371601104736e-01,4.217186868190765381e-01,nan,nan
-4.730547964572906494e-01,nan,nan,nan,nan,nan,nan,-1.159163862466812134e-01,-7.433434575796127319e-02,-2.327898703515529633e-02,3.040498122572898865e-02,8.219585567712783813e-02,1.354575157165527344e-01,1.819443851709365845e-01,2.268736809492111206e-01,nan,nan,nan,nan,nan,nan
-4.758132100105285645e-01,nan,-3.738841414451599121e-01,nan,nan,-2.152253091335296631e-01,-1.649983972311019897e-01,-1.152376011013984680e-01,-7.189772278070449829e-02,-2.221506461501121521e-02,3.056275285780429840e-02,8.183624595403671265e-02,1.339162588119506836e-01,1.791319400072097778e-01,2.233752161264419556e-01,2.719089686870574951e-01,nan,nan,4.265934228897094727e-01,nan,nan
-4.779372811317443848e-01,nan,-3.756031692028045654e-01,nan,nan,-2.161250710487365723e-01,-1.653096079826354980e-01,-1.155303940176963806e-01,-6.811203062534332275e-02,-2.183972671627998352e-02,nan,8.184897899627685547e-02,1.312008351087570190e-01,1.782562732696533203e-01,2.232476323843002319e-01,2.729191780090332031e-01,nan,nan,4.289334416389465332e-01,nan,nan
-4.803071618080139160e-01,nan,nan,nan,nan,nan,-1.659190505743026733e-01,-1.150566339492797852e-01,-6.394705921411514282e-02,-2.046291530132293701e-02,3.085712343454360962e-02,8.044041693210601807e-02,nan,1.765048056840896606e-01,2.240924537181854248e-01,nan,nan,nan,4.306619465351104736e-01,4.827809333801269531e-01,5.316353440284729004e-01
-4.821726083755493164e-01,nan,nan,nan,nan,nan,-1.666027754545211792e-01,nan,nan,-1.902641542255878448e-02,3.085200302302837372e-02,nan,nan,1.725939810276031494e-01,2.243712842464447021e-01,nan,nan,nan,4.339805841445922852e-01,nan,nan
-4.841037690639495850e-01,-4.321037828922271729e-01,-3.797780573368072510e-01,nan,nan,nan,-1.671393215656280518e-01,-1.152659058570861816e-01,-6.370931118726730347e-02,-1.429911423474550247e-02,nan,7.768447697162628174e-02,1.261576861143112183e-01,nan,2.240299284458160400e-01,nan,nan,nan,4.363009333610534668e-01,4.880445003509521484e-01,5.375789403915405273e-01
-4.860545992851257324e-01,-4.336013495922088623e-01,-3.811651766300201416e-01,nan,nan,nan,-1.676027625799179077e-01,-1.155077591538429260e-01,-6.379360705614089966e-02,-1.509689725935459137e-02,nan,7.809222489595413208e-02,1.233468502759933472e-01,1.742486953735351562e-01,2.247643768787384033e-01,nan,nan,nan,4.380517601966857910e-01,4.898820221424102783e-01,5.405467152595520020e-01
-4.875971972942352295e-01,-4.352587759494781494e-01,-3.822863399982452393e-01,-3.291924297809600830e-01,nan,nan,-1.689095944166183472e-01,-1.163716688752174377e-01,-6.460838764905929565e-02,nan,3.123472072184085846e-02,nan,nan,1.754694133996963501e-01,2.261973917484283447e-01,nan,nan,nan,nan,4.918181300163269043e-01,5.431491136550903320e-01
-4.892396628856658936e-01,-4.367010593414306641e-01,-3.835508227348327637e-01,-3.305912017822265625e-01,nan,nan,-1.697070896625518799e-01,-1.167765259742736816e-01,-6.586543470621109009e-02,-1.880861259996891022e-02,nan,7.951553165912628174e-02,nan,1.756184548139572144e-01,2.271938472986221313e-01,nan,nan,3.873071968555450439e-01,nan,4.932742714881896973e-01,5.451197028160095215e-01
