# 1st dimension: Re = np.logspace(np.log10(1.4e6), np.log10(1.05e7), 20); 2nd dimension: alpha = np.arange(-5., 5.5, .5)
-4.948854446411132812e-01,-4.423451721668243408e-01,-3.886092603206634521e-01,-3.339049518108367920e-01,-2.787575423717498779e-01,-2.232841849327087402e-01,-1.671238988637924194e-01,-1.115422397851943970e-01,-5.576872453093528748e-02,-1.313006319105625153e-02,3.954880312085151672e-02,9.595194458961486816e-02,1.493377238512039185e-01,1.994182169437408447e-01,2.541070878505706787e-01,3.120587468147277832e-01,3.717782497406005859e-01,4.391027390956878662e-01,4.964431822299957275e-01,5.628779530525207520e-01,6.289284825325012207e-01
-4.953340590000152588e-01,-4.434013068675994873e-01,-3.896219432353973389e-01,-3.350173830986022949e-01,-2.799212336540222168e-01,-2.240634113550186157e-01,-1.679723262786865234e-01,-1.125306487083435059e-01,-5.612728744745254517e-02,-3.231243230402469635e-03,4.053791612386703491e-02,9.674459695816040039e-02,1.501568108797073364e-01,2.034087181091308594e-01,2.538415193557739258e-01,3.100014925003051758e-01,3.680160045623779297e-01,4.334849119186401367e-01,4.951981604099273682e-01,5.554506778717041016e-01,6.213202476501464844e-01
-4.945532381534576416e-01,-4.437704086303710938e-01,-3.904895782470703125e-01,-3.360792696475982666e-01,-2.807917892932891846e-01,-2.248773872852325439e-01,-1.688485890626907349e-01,-1.130748316645622253e-01,-5.668987333774566650e-02,-1.252032932825386524e-03,4.121657833456993103e-02,9.704875200986862183e-02,1.506887078285217285e-01,2.061971873044967651e-01,2.551766037940979004e-01,3.101147413253784180e-01,3.672182559967041016e-01,4.273613989353179932e-01,4.913099706172943115e-01,5.484228730201721191e-01,6.146240234375000000e-01
-4.961801171302795410e-01,-4.434148669242858887e-01,-3.911396861076354980e-01,-3.370250761508941650e-01,-2.816025316715240479e-01,-2.257560342550277710e-01,-1.696966588497161865e-01,-1.133410856127738953e-01,-5.728691071271896362e-02,-1.176312682218849659e-03,4.160961136221885681e-02,9.695280343294143677e-02,1.511878222227096558e-01,nan,2.595870494842529297e-01,3.101077973842620850e-01,3.660341501235961914e-01,4.222110807895660400e-01,4.860294759273529053e-01,5.466670393943786621e-01,6.079123020172119141e-01
-5.003827810287475586e-01,-4.449150562286376953e-01,-3.913722336292266846e-01,-3.376207053661346436e-01,-2.824199497699737549e-01,-2.266745716333389282e-01,-1.703135371208190918e-01,-1.138989701867103577e-01,-5.796506255865097046e-02,-1.324533950537443161e-03,4.230318590998649597e-02,9.743421524763107300e-02,1.509662121534347534e-01,2.084209769964218140e-01,2.623804807662963867e-01,3.101787865161895752e-01,3.655793666839599609e-01,4.216451048851013184e-01,4.807088971138000488e-01,5.439124107360839844e-01,6.019672751426696777e-01
-5.037788748741149902e-01,-4.483636617660522461e-01,-3.927629590034484863e-01,-3.380349874496459961e-01,-2.832142710685729980e-01,-2.275541126728057861e-01,-1.710030138492584229e-01,-1.146101877093315125e-01,-5.844362080097198486e-02,-1.803235150873661041e-03,4.406282678246498108e-02,9.791498631238937378e-02,1.508822739124298096e-01,2.085823118686676025e-01,2.629519999027252197e-01,3.110523223876953125e-01,3.653659224510192871e-01,4.205301403999328613e-01,4.761146008968353271e-01,5.390696525573730469e-01,5.964175462722778320e-01
-5.064011216163635254e-01,-4.510193169116973877e-01,-3.951814174652099609e-01,-3.391769528388977051e-01,-2.839346528053283691e-01,-2.282340526580810547e-01,-1.717568486928939819e-01,-1.153189539909362793e-01,-5.900631472468376160e-02,-2.315242076292634010e-03,5.323950946331024170e-02,9.835269302129745483e-02,nan,2.085669934749603271e-01,2.614159286022186279e-01,3.150579929351806641e-01,3.654190003871917725e-01,4.200963675975799561e-01,4.756594598293304443e-01,5.343288183212280273e-01,5.942795872688293457e-01
-5.084419846534729004e-01,-4.529331326484680176e-01,-3.970305919647216797e-01,-3.410048484802246094e-01,-2.848277390003204346e-01,-2.288110107183456421e-01,-1.725613325834274292e-01,-1.158166751265525818e-01,-5.960891023278236389e-02,-2.803256502375006676e-03,5.372657254338264465e-02,9.937095642089843750e-02,1.509876400232315063e-01,2.086596786975860596e-01,2.579492032527923584e-01,3.163565993309020996e-01,3.658076226711273193e-01,4.202863276004791260e-01,4.752199053764343262e-01,5.299275517463684082e-01,5.905867218971252441e-01
-5.100988149642944336e-01,-4.543902873992919922e-01,-3.984864950180053711e-01,-3.424568176269531250e-01,-2.860437929630279541e-01,-2.294696569442749023e-01,-1.733523458242416382e-01,-1.164102181792259216e-01,-6.010493263602256775e-02,-3.178989049047231674e-03,5.357980728149414062e-02,1.006000638008117676e-01,1.510241180658340454e-01,nan,2.534812688827514648e-01,3.154278099536895752e-01,3.674221634864807129e-01,4.208570420742034912e-01,4.750595688819885254e-01,5.285230875015258789e-01,5.864697694778442383e-01
-5.113681554794311523e-01,-4.556258618831634521e-01,-3.997128605842590332e-01,-3.435817956924438477e-01,-2.870767712593078613e-01,-2.305270582437515259e-01,-1.739428937435150146e-01,-1.171014830470085144e-01,-6.041420996189117432e-02,-3.663375275209546089e-03,5.308107659220695496e-02,1.089849472045898438e-01,1.511107087135314941e-01,2.085375189781188965e-01,2.503947913646697998e-01,3.137893676757812500e-01,3.703190684318542480e-01,nan,4.748829305171966553e-01,5.284587740898132324e-01,5.832089781761169434e-01
-5.123800635337829590e-01,-4.566871523857116699e-01,-4.007821977138519287e-01,-3.444777727127075195e-01,-2.880023121833801270e-01,-2.314713299274444580e-01,-1.745531708002090454e-01,-1.178610250353813171e-01,-6.084468588232994080e-02,-4.221808630973100662e-03,5.280976369976997375e-02,nan,1.512885689735412598e-01,2.084959596395492554e-01,2.502797544002532959e-01,3.103461265563964844e-01,3.703219592571258545e-01,4.220888614654541016e-01,4.753481745719909668e-01,5.290783047676086426e-01,5.826507806777954102e-01
-5.132414698600769043e-01,-4.576058387756347656e-01,-4.016465842723846436e-01,-3.453026413917541504e-01,-2.888752520084381104e-01,-2.321880161762237549e-01,-1.752036511898040771e-01,-1.185112893581390381e-01,-6.131919100880622864e-02,-4.824237897992134094e-03,5.217077583074569702e-02,1.088977158069610596e-01,1.515561342239379883e-01,2.083953171968460083e-01,2.506214082241058350e-01,3.086285591125488281e-01,3.687072694301605225e-01,4.246665835380554199e-01,4.753280580043792725e-01,5.290238261222839355e-01,5.830124616622924805e-01
-5.141716003417968750e-01,-4.584096372127532959e-01,-4.023540616035461426e-01,-3.460772037506103516e-01,-2.896740436553955078e-01,-2.328691631555557251e-01,nan,nan,-6.188119202852249146e-02,-4.956092685461044312e-03,5.159394815564155579e-02,1.083675995469093323e-01,1.519707292318344116e-01,2.083164751529693604e-01,2.510393857955932617e-01,3.079373240470886230e-01,3.670259118080139160e-01,4.249957501888275146e-01,4.761079549789428711e-01,5.298371315002441406e-01,5.841156244277954102e-01
-5.151998400688171387e-01,-4.592227041721343994e-01,-4.030200839042663574e-01,-3.468134999275207520e-01,-2.903134822845458984e-01,-2.335670441389083862e-01,-1.767630428075790405e-01,-1.196421608328819275e-01,-6.251785159111022949e-02,-5.360992625355720520e-03,nan,1.081047430634498596e-01,1.521504223346710205e-01,2.082155346870422363e-01,2.517967522144317627e-01,3.080106973648071289e-01,3.662294447422027588e-01,4.238841533660888672e-01,4.781825244426727295e-01,5.304080247879028320e-01,5.849007964134216309e-01
-5.161948204040527344e-01,-4.600771665573120117e-01,-4.037942886352539062e-01,-3.474823534488677979e-01,-2.909116446971893311e-01,-2.342908978462219238e-01,-1.773609966039657593e-01,-1.202672719955444336e-01,-6.307338923215866089e-02,-5.963540170341730118e-03,5.079800635576248169e-02,1.076768934726715088e-01,1.520175039768218994e-01,2.081963121891021729e-01,2.525224685668945312e-01,3.082658946514129639e-01,3.663109540939331055e-01,4.230422377586364746e-01,4.794916212558746338e-01,5.312235355377197266e-01,5.857930183410644531e-01
-5.171172022819519043e-01,-4.609411656856536865e-01,-4.046606123447418213e-01,-3.481294512748718262e-01,-2.915163338184356689e-01,-2.349159866571426392e-01,-1.779856830835342407e-01,nan,-6.357523798942565918e-02,-6.540652364492416382e-03,5.043024942278862000e-02,1.070406734943389893e-01,1.524352580308914185e-01,2.084374278783798218e-01,2.534267306327819824e-01,3.084260225296020508e-01,3.658364415168762207e-01,4.229989647865295410e-01,4.795079231262207031e-01,5.331598520278930664e-01,5.864627361297607422e-01
-5.180009007453918457e-01,-4.618247449398040771e-01,-4.054945707321166992e-01,-3.488432168960571289e-01,-2.922091186046600342e-01,-2.354203164577484131e-01,-1.786582022905349731e-01,-1.214725077152252197e-01,-6.415844708681106567e-02,-7.142859976738691330e-03,4.985543340444564819e-02,1.066426113247871399e-01,1.527645140886306763e-01,2.089124917984008789e-01,2.543263733386993408e-01,3.087492883205413818e-01,3.660942316055297852e-01,4.235083162784576416e-01,4.797256588935852051e-01,5.356964468955993652e-01,5.876792669296264648e-01
-5.188888907432556152e-01,-4.627085328102111816e-01,-4.062413275241851807e-01,-3.496062755584716797e-01,-2.929067611694335938e-01,-2.359662652015686035e-01,-1.793000251054763794e-01,-1.219735518097877502e-01,-6.479529291391372681e-02,-7.860326208174228668e-03,4.923613741993904114e-02,1.063437387347221375e-01,1.534065902233123779e-01,2.114819884300231934e-01,2.549494802951812744e-01,3.093548119068145752e-01,3.661456704139709473e-01,4.231759607791900635e-01,4.794861376285552979e-01,5.358930230140686035e-01,5.892881155014038086e-01
-5.197987556457519531e-01,-4.635494053363800049e-01,-4.069823920726776123e-01,-3.504063487052917480e-01,-2.935363352298736572e-01,-2.366624474525451660e-01,-1.798327863216400146e-01,-1.225429847836494446e-01,-6.530474126338958740e-02,-8.468499407172203064e-03,4.882683232426643372e-02,1.056053265929222107e-01,1.552179604768753052e-01,2.109928280115127563e-01,2.565575540065765381e-01,3.101611435413360596e-01,3.662784099578857422e-01,4.236018061637878418e-01,4.798165559768676758e-01,5.364200472831726074e-01,5.921734571456909180e-01
-5.207102298736572266e-01,-4.643163979053497314e-01,-4.077710509300231934e-01,-3.511213064193725586e-01,-2.942135930061340332e-01,-2.373209744691848755e-01,-1.803359091281890869e-01,-1.231796443462371826e-01,-6.576587259769439697e-02,-9.083676151931285858e-03,4.813228175044059753e-02,1.044751033186912537e-01,1.571335792541503906e-01,2.105888277292251587e-01,2.582276463508605957e-01,3.110764324665069580e-01,3.667030036449432373e-01,4.238147735595703125e-01,4.800401926040649414e-01,5.368540883064270020e-01,5.930222868919372559e-01
