# 1st dimension: Re = np.logspace(np.log10(1.4e6), np.log10(1.05e7), 20); 2nd dimension: alpha = np.arange(-5., 5.5, .5)
-5.624836087226867676e-01,-5.090141892433166504e-01,-4.530235826969146729e-01,-3.974162340164184570e-01,-3.401622772216796875e-01,-2.840357720851898193e-01,-2.275595963001251221e-01,-1.703418642282485962e-01,-1.143628135323524475e-01,-5.646080896258354187e-02,7.447728544995868560e-10,5.646083876490592957e-02,1.143629252910614014e-01,1.703421324491500854e-01,2.275600582361221313e-01,2.840365171432495117e-01,3.401634395122528076e-01,3.974178433418273926e-01,4.530257582664489746e-01,5.090172886848449707e-01,5.624877214431762695e-01
-5.637789964675903320e-01,-5.100140571594238281e-01,-4.534838199615478516e-01,-3.985576927661895752e-01,-3.406683802604675293e-01,-2.844916880130767822e-01,-2.280436754226684570e-01,-1.705226898193359375e-01,-1.147068515419960022e-01,-5.668716877698898315e-02,7.816531311100050061e-10,5.668719857931137085e-02,1.147069483995437622e-01,1.705229282379150391e-01,2.280441224575042725e-01,2.844924032688140869e-01,3.406694829463958740e-01,3.985591828823089600e-01,4.534859061241149902e-01,5.100168585777282715e-01,5.637829899787902832e-01
-5.642874240875244141e-01,-5.099927783012390137e-01,-4.543464183807373047e-01,-3.989151716232299805e-01,-3.416146337985992432e-01,-2.849225103855133057e-01,-2.283024340867996216e-01,-1.711640805006027222e-01,-1.144120395183563232e-01,-5.698189511895179749e-02,9.804159706305881627e-10,5.698193609714508057e-02,1.144121363759040833e-01,1.711643189191818237e-01,2.283028513193130493e-01,2.849231958389282227e-01,3.416156172752380371e-01,3.989165425300598145e-01,4.543484151363372803e-01,5.099953413009643555e-01,5.642911791801452637e-01
-5.639802813529968262e-01,-5.092095732688903809e-01,-4.555424451828002930e-01,-3.989156782627105713e-01,-3.426264524459838867e-01,-2.853047251701354980e-01,-2.284870147705078125e-01,-1.719580441713333130e-01,-1.140594035387039185e-01,-5.733625218272209167e-02,nan,5.733629688620567322e-02,1.140595078468322754e-01,1.719582527875900269e-01,2.284873872995376587e-01,2.853053808212280273e-01,3.426273763179779053e-01,3.989169895648956299e-01,4.555442929267883301e-01,5.092121958732604980e-01,5.639839172363281250e-01
-5.641261935234069824e-01,-5.100591778755187988e-01,-4.566403329372406006e-01,-3.990995883941650391e-01,-3.435878455638885498e-01,-2.857092618942260742e-01,-2.287370264530181885e-01,-1.723310202360153198e-01,-1.140226200222969055e-01,-5.758647620677947998e-02,6.201686719720100882e-09,5.758649483323097229e-02,1.140227094292640686e-01,1.723312139511108398e-01,2.287373989820480347e-01,2.857098579406738281e-01,3.435887098312377930e-01,3.991008698940277100e-01,4.566420316696166992e-01,5.100616812705993652e-01,5.641297698020935059e-01
-5.650504827499389648e-01,-5.103457570075988770e-01,-4.570499956607818604e-01,-3.997216820716857910e-01,-3.440612852573394775e-01,-2.863232493400573730e-01,-2.291912436485290527e-01,-1.723050922155380249e-01,-1.144380867481231689e-01,-5.746736377477645874e-02,nan,5.746738612651824951e-02,1.144381761550903320e-01,1.723052710294723511e-01,2.291915863752365112e-01,2.863238155841827393e-01,3.440620899200439453e-01,3.997228741645812988e-01,4.570515453815460205e-01,5.103481411933898926e-01,5.650538206100463867e-01
-5.660234093666076660e-01,-5.102155804634094238e-01,-4.562411010265350342e-01,-4.007776081562042236e-01,-3.438861668109893799e-01,-2.870466411113739014e-01,-2.295847833156585693e-01,-1.720413714647293091e-01,-1.151339337229728699e-01,-5.722966790199279785e-02,-3.706583928675399875e-10,5.722969025373458862e-02,1.151340082287788391e-01,1.720415502786636353e-01,2.295851111412048340e-01,2.870471179485321045e-01,3.438869416713714600e-01,4.007787108421325684e-01,4.562426209449768066e-01,5.102179646492004395e-01,5.660265684127807617e-01
-5.661301612854003906e-01,-5.105043649673461914e-01,-4.561269581317901611e-01,-4.018083512783050537e-01,-3.438113033771514893e-01,-2.878779768943786621e-01,-2.299418300390243530e-01,-1.719260364770889282e-01,-1.156130507588386536e-01,-5.709200352430343628e-02,nan,5.709202215075492859e-02,1.156131178140640259e-01,1.719262003898620605e-01,2.299421429634094238e-01,2.878784537315368652e-01,3.438120484352111816e-01,4.018093645572662354e-01,4.561285078525543213e-01,5.105066895484924316e-01,5.661331415176391602e-01
-5.656778216361999512e-01,-5.112617611885070801e-01,-4.568370282649993896e-01,-4.025030434131622314e-01,-3.441769778728485107e-01,-2.882859110832214355e-01,-2.303242534399032593e-01,-1.723002046346664429e-01,-1.156167462468147278e-01,-5.728721246123313904e-02,-1.561403437100317149e-11,5.728722736239433289e-02,1.156168133020401001e-01,1.723003685474395752e-01,2.303245365619659424e-01,2.882863283157348633e-01,3.441776633262634277e-01,4.025039970874786377e-01,4.568384587764739990e-01,5.112639069557189941e-01,5.656808614730834961e-01
-5.662698149681091309e-01,-5.119382739067077637e-01,-4.560247063636779785e-01,-4.029489159584045410e-01,-3.450794517993927002e-01,-2.880913615226745605e-01,-2.307291775941848755e-01,-1.728865951299667358e-01,-1.150588020682334900e-01,-5.771387368440628052e-02,-1.754793629515916109e-04,5.771389231085777283e-02,1.150588691234588623e-01,1.728867441415786743e-01,2.307294309139251709e-01,2.880917787551879883e-01,3.450801074504852295e-01,4.029497802257537842e-01,4.560261368751525879e-01,5.119402408599853516e-01,5.662727355957031250e-01
-5.654051899909973145e-01,-5.117889046669006348e-01,-4.560710489749908447e-01,-4.031259715557098389e-01,-3.460731208324432373e-01,-2.879661619663238525e-01,-2.311711609363555908e-01,-1.733825951814651489e-01,-1.147022396326065063e-01,-5.830824375152587891e-02,-3.173136753353844597e-10,5.830825492739677429e-02,1.147023066878318787e-01,1.733827441930770874e-01,2.311713993549346924e-01,2.879665791988372803e-01,3.460737168788909912e-01,4.031268060207366943e-01,4.560725092887878418e-01,5.117908716201782227e-01,5.654079318046569824e-01
-5.648157596588134766e-01,-5.116224884986877441e-01,-4.566331505775451660e-01,-4.031448066234588623e-01,-3.467272222042083740e-01,-2.881857752799987793e-01,-2.314013540744781494e-01,-1.736324429512023926e-01,-1.147793531417846680e-01,-5.833297595381736755e-02,9.893330599197724950e-10,5.833299458026885986e-02,1.147794127464294434e-01,1.736325770616531372e-01,2.314015775918960571e-01,2.881861627101898193e-01,3.467277884483337402e-01,4.031455814838409424e-01,4.566345214843750000e-01,5.116244554519653320e-01,5.648186802864074707e-01
-5.643673539161682129e-01,-5.122035145759582520e-01,-4.571505486965179443e-01,-4.034373164176940918e-01,-3.469527661800384521e-01,-2.888653278350830078e-01,-2.313624769449234009e-01,-1.737142354249954224e-01,-1.153985485434532166e-01,-5.784403160214424133e-02,nan,5.784404650330543518e-02,1.153986081480979919e-01,1.737143546342849731e-01,2.313627004623413086e-01,2.888657152652740479e-01,3.469532728195190430e-01,4.034380614757537842e-01,4.571518301963806152e-01,5.122054219245910645e-01,5.643700361251831055e-01
-5.636693239212036133e-01,-5.115316510200500488e-01,-4.570025801658630371e-01,-4.039193093776702881e-01,-3.468019962310791016e-01,-2.896617054939270020e-01,-2.313903719186782837e-01,-1.735489964485168457e-01,-1.161510571837425232e-01,-5.750138312578201294e-02,-9.017266100475040957e-11,5.750139802694320679e-02,1.161511018872261047e-01,1.735491007566452026e-01,2.313905805349349976e-01,2.896620333194732666e-01,3.468024730682373047e-01,4.039200246334075928e-01,4.570037722587585449e-01,5.115334391593933105e-01,5.636722445487976074e-01
-5.618428587913513184e-01,-5.106633305549621582e-01,-4.567653834819793701e-01,-4.042709469795227051e-01,-3.467575013637542725e-01,-2.901688218116760254e-01,-2.314766496419906616e-01,-1.733883023262023926e-01,-1.165132448077201843e-01,-5.747279152274131775e-02,-5.267458913493783257e-09,5.747280642390251160e-02,1.165132895112037659e-01,1.733884215354919434e-01,2.314768582582473755e-01,2.901691198348999023e-01,3.467579782009124756e-01,4.042716026306152344e-01,4.567666351795196533e-01,5.106652379035949707e-01,5.618460178375244141e-01
-5.601404905319213867e-01,-5.100503563880920410e-01,-4.572912156581878662e-01,-4.031254351139068604e-01,-3.472307622432708740e-01,-2.902028858661651611e-01,-2.317671775817871094e-01,-1.737308502197265625e-01,-1.163940802216529846e-01,-5.765715241432189941e-02,1.007321116048842669e-04,5.765716359019279480e-02,1.163941249251365662e-01,1.737309545278549194e-01,2.317673712968826294e-01,2.902031838893890381e-01,3.472312092781066895e-01,4.031260311603546143e-01,4.572924077510833740e-01,5.100520849227905273e-01,5.601437687873840332e-01
nan,nan,-4.576236009597778320e-01,-4.028769731521606445e-01,-3.477867245674133301e-01,-2.898323237895965576e-01,-2.321367710828781128e-01,-1.741653233766555786e-01,-1.159442067146301270e-01,-5.810028687119483948e-02,-3.712225526975032608e-10,5.810029804706573486e-02,1.159442439675331116e-01,1.741654276847839355e-01,2.321369349956512451e-01,2.898325920104980469e-01,3.477871716022491455e-01,4.028776884078979492e-01,4.576247334480285645e-01,nan,nan
-5.582535266876220703e-01,-5.077534914016723633e-01,-4.563048481941223145e-01,-4.035815596580505371e-01,-3.483140170574188232e-01,-2.896443307399749756e-01,-2.325853705406188965e-01,-1.744733750820159912e-01,-1.156630963087081909e-01,-5.853795632719993591e-02,-2.063624791881490950e-11,5.853796377778053284e-02,1.156631410121917725e-01,1.744734644889831543e-01,2.325855195522308350e-01,2.896445989608764648e-01,3.483144044876098633e-01,4.035821855068206787e-01,4.563059806823730469e-01,5.077555775642395020e-01,5.582569241523742676e-01
-5.589929819107055664e-01,-5.062676668167114258e-01,-4.563709497451782227e-01,-4.029380381107330322e-01,-3.486804366111755371e-01,-2.898064553737640381e-01,-2.325631529092788696e-01,-1.746876090764999390e-01,-1.159081608057022095e-01,-5.837223306298255920e-02,6.813437314345804907e-11,5.837223306298255920e-02,1.159081980586051941e-01,1.746876984834671021e-01,2.325633168220520020e-01,2.898067235946655273e-01,3.486807942390441895e-01,4.029386937618255615e-01,4.563721120357513428e-01,5.062698125839233398e-01,5.589963197708129883e-01
-5.601338744163513184e-01,-5.049484968185424805e-01,-4.554012715816497803e-01,-4.027731120586395264e-01,-3.489626646041870117e-01,-2.904571592807769775e-01,-2.324486225843429565e-01,-1.748944222927093506e-01,-1.164645850658416748e-01,-5.805362015962600708e-02,6.980684474910958670e-09,5.805362761020660400e-02,1.164646223187446594e-01,1.748944967985153198e-01,2.324487715959548950e-01,2.904573976993560791e-01,3.489629924297332764e-01,4.027737975120544434e-01,4.554024040699005127e-01,5.049505233764648438e-01,5.601370930671691895e-01
