# 1st dimension: Re = np.logspace(np.log10(1.4e6), np.log10(1.05e7), 20); 2nd dimension: alpha = np.arange(-5., 5.5, .5)
nan,nan,nan,nan,nan,3.464005887508392334e-02,9.046403318643569946e-02,1.462014615535736084e-01,2.007898539304733276e-01,2.516378164291381836e-01,3.056957125663757324e-01,nan,nan,nan,nan,nan,nan,nan,nan,nan,nan
nan,nan,nan,nan,nan,3.403596207499504089e-02,9.002862870693206787e-02,1.457184553146362305e-01,2.006318569183349609e-01,2.519799470901489258e-01,3.062783181667327881e-01,nan,nan,nan,nan,nan,nan,nan,nan,nan,nan
nan,nan,nan,nan,nan,3.308330476284027100e-02,8.915945142507553101e-02,1.449199169874191284e-01,2.002504467964172363e-01,nan,nan,nan,nan,nan,nan,nan,nan,nan,nan,nan,nan
-2.275885790586471558e-01,-1.854786127805709839e-01,-1.309702098369598389e-01,nan,nan,3.268769383430480957e-02,8.872225880622863770e-02,1.446702480316162109e-01,2.003335803747177124e-01,2.520826160907745361e-01,3.069955408573150635e-01,3.619210720062255859e-01,4.158649146556854248e-01,4.671474993228912354e-01,5.199112296104431152e-01,5.840213894844055176e-01,6.378573179244995117e-01,6.922584772109985352e-01,7.465250492095947266e-01,7.999982833862304688e-01,8.458659052848815918e-01
nan,-1.862862259149551392e-01,-1.323952376842498779e-01,nan,nan,3.209530562162399292e-02,8.806932717561721802e-02,1.440219283103942871e-01,2.000269740819931030e-01,2.520446479320526123e-01,3.073202073574066162e-01,3.620711266994476318e-01,4.166565835475921631e-01,4.698317050933837891e-01,5.179033279418945312e-01,5.838879346847534180e-01,6.378337740898132324e-01,6.923422217369079590e-01,7.466305494308471680e-01,8.003647327423095703e-01,8.459253907203674316e-01
nan,nan,nan,nan,nan,3.141537308692932129e-02,8.755315840244293213e-02,1.437970697879791260e-01,1.998867392539978027e-01,2.522323429584503174e-01,3.074612021446228027e-01,nan,nan,nan,nan,nan,nan,nan,nan,nan,nan
nan,nan,nan,nan,nan,3.103351406753063202e-02,8.711448311805725098e-02,1.435005813837051392e-01,1.996657848358154297e-01,2.523881494998931885e-01,3.078683018684387207e-01,nan,nan,nan,nan,nan,nan,nan,nan,nan,nan
nan,nan,nan,nan,nan,3.030632250010967255e-02,8.657975494861602783e-02,nan,nan,2.523444890975952148e-01,3.078314661979675293e-01,nan,nan,nan,nan,nan,nan,nan,nan,nan,nan
nan,nan,nan,-8.085637539625167847e-02,nan,3.002018295228481293e-02,8.635377138853073120e-02,1.429263502359390259e-01,1.991278082132339478e-01,2.525636553764343262e-01,3.081389665603637695e-01,nan,nan,nan,nan,nan,nan,nan,nan,nan,nan
nan,nan,nan,-8.185350894927978516e-02,-2.601608447730541229e-02,2.936707623302936554e-02,8.579683303833007812e-02,1.424761563539505005e-01,1.987248510122299194e-01,2.527537941932678223e-01,3.081161975860595703e-01,nan,nan,nan,nan,nan,nan,nan,nan,nan,nan
nan,nan,nan,nan,nan,2.909593470394611359e-02,nan,1.422643810510635376e-01,1.986208409070968628e-01,2.527143359184265137e-01,3.082733750343322754e-01,nan,nan,nan,nan,nan,nan,nan,nan,nan,nan
nan,nan,nan,nan,nan,nan,8.534670621156692505e-02,1.419903188943862915e-01,1.985643506050109863e-01,nan,3.083877265453338623e-01,nan,nan,nan,nan,nan,nan,nan,nan,nan,nan
nan,nan,nan,nan,nan,nan,8.502931147813796997e-02,1.416084021329879761e-01,1.981752216815948486e-01,2.529791593551635742e-01,3.083364665508270264e-01,3.643690049648284912e-01,4.202192723751068115e-01,4.762031137943267822e-01,5.315859317779541016e-01,5.866102576255798340e-01,6.408074498176574707e-01,6.897922754287719727e-01,7.499257922172546387e-01,8.039002418518066406e-01,8.481297492980957031e-01
nan,nan,nan,nan,nan,nan,nan,1.415605694055557251e-01,1.981368213891983032e-01,2.532022595405578613e-01,3.085698783397674561e-01,3.645125627517700195e-01,4.201511740684509277e-01,4.762753844261169434e-01,5.318194627761840820e-01,5.870287418365478516e-01,6.422090530395507812e-01,6.940280199050903320e-01,7.495173215866088867e-01,8.039892315864562988e-01,8.491470813751220703e-01
nan,nan,nan,nan,nan,nan,nan,1.411445140838623047e-01,1.980001032352447510e-01,2.530340552330017090e-01,3.086901605129241943e-01,3.648722171783447266e-01,4.206401705741882324e-01,4.764944911003112793e-01,5.324833393096923828e-01,5.876310467720031738e-01,6.428857445716857910e-01,6.964312791824340820e-01,7.450481057167053223e-01,8.040109276771545410e-01,8.496690392494201660e-01
nan,nan,nan,nan,nan,nan,nan,1.410464644432067871e-01,1.976214349269866943e-01,2.529623210430145264e-01,3.085309267044067383e-01,3.648826181888580322e-01,4.208512604236602783e-01,4.769300818443298340e-01,5.328665375709533691e-01,5.882617235183715820e-01,6.436555385589599609e-01,6.982591748237609863e-01,7.494844794273376465e-01,8.040891885757446289e-01,8.506587147712707520e-01
nan,nan,nan,nan,nan,nan,nan,1.409276872873306274e-01,1.976154744625091553e-01,2.529869377613067627e-01,3.088318705558776855e-01,3.649353086948394775e-01,4.208715260028839111e-01,4.767523705959320068e-01,5.331622362136840820e-01,5.885636210441589355e-01,6.443569660186767578e-01,6.994148492813110352e-01,7.522932291030883789e-01,8.024814724922180176e-01,8.516172170639038086e-01
nan,nan,nan,nan,nan,nan,nan,1.405832171440124512e-01,1.971082389354705811e-01,2.527453899383544922e-01,3.088784515857696533e-01,3.652029633522033691e-01,4.212798178195953369e-01,4.770994782447814941e-01,5.336980223655700684e-01,5.888402462005615234e-01,6.446027755737304688e-01,7.000241279602050781e-01,7.538546323776245117e-01,8.035511970520019531e-01,8.525614738464355469e-01
nan,nan,nan,nan,nan,nan,8.361117541790008545e-02,1.405685544013977051e-01,1.970252245664596558e-01,2.529146671295166016e-01,3.087871074676513672e-01,3.650901019573211670e-01,4.216189086437225342e-01,4.771032333374023438e-01,5.335183739662170410e-01,5.894504785537719727e-01,6.449599862098693848e-01,7.003430724143981934e-01,nan,8.050186038017272949e-01,8.533850312232971191e-01
nan,nan,nan,nan,nan,nan,8.328580856323242188e-02,1.404328197240829468e-01,1.965442001819610596e-01,2.529175281524658203e-01,3.089726865291595459e-01,3.651694357395172119e-01,4.215197861194610596e-01,4.771971404552459717e-01,5.336843132972717285e-01,5.899497270584106445e-01,6.455352306365966797e-01,7.009819149971008301e-01,7.556771039962768555e-01,8.064710497856140137e-01,8.528320789337158203e-01
