# 1st dimension: Re = np.logspace(np.log10(1.4e6), np.log10(1.05e7), 20); 2nd dimension: alpha = np.arange(-5., 5.5, .5)
-4.904444813728332520e-01,-4.502823352813720703e-01,-4.018622934818267822e-01,-3.508016467094421387e-01,-3.028819859027862549e-01,-2.580589652061462402e-01,-2.083700001239776611e-01,-1.552095860242843628e-01,-1.050079315900802612e-01,-5.279427394270896912e-02,-4.683960952434063074e-08,5.279425159096717834e-02,1.050078347325325012e-01,1.552093476057052612e-01,2.083695679903030396e-01,2.580582499504089355e-01,3.028807640075683594e-01,3.507998287677764893e-01,4.018597006797790527e-01,4.502794146537780762e-01,4.904401004314422607e-01
-4.922126829624176025e-01,-4.516512751579284668e-01,-4.057857692241668701e-01,nan,-3.085222244262695312e-01,-2.595483064651489258e-01,-2.077070921659469604e-01,-1.549495905637741089e-01,-1.028789803385734558e-01,-5.417445302009582520e-02,-1.694451334799396136e-08,5.417445674538612366e-02,1.028788834810256958e-01,1.549493521451950073e-01,2.077066749334335327e-01,2.595476210117340088e-01,3.085211515426635742e-01,nan,4.057834446430206299e-01,4.516480267047882080e-01,4.922082126140594482e-01
-4.946835637092590332e-01,-4.498756825923919678e-01,-4.078297615051269531e-01,-3.587509989738464355e-01,-3.118375837802886963e-01,-2.604873776435852051e-01,-2.069912850856781006e-01,-1.543959379196166992e-01,-1.028462946414947510e-01,-5.332429707050323486e-02,nan,5.332427844405174255e-02,1.028461903333663940e-01,1.543956995010375977e-01,2.069908529520034790e-01,2.604867219924926758e-01,3.118366301059722900e-01,3.587494492530822754e-01,4.078276455402374268e-01,4.498721957206726074e-01,4.946790933609008789e-01
-5.003737807273864746e-01,-4.521375894546508789e-01,-4.084848761558532715e-01,-3.619114458560943604e-01,-3.148344755172729492e-01,-2.612867355346679688e-01,-2.069013565778732300e-01,-1.539938598871231079e-01,-1.036165282130241394e-01,-5.029022693634033203e-02,nan,5.029020830988883972e-02,1.036164313554763794e-01,1.539936363697052002e-01,2.069009393453598022e-01,2.612861096858978271e-01,3.148335814476013184e-01,3.619101047515869141e-01,4.084830284118652344e-01,4.521343111991882324e-01,5.003693103790283203e-01
-5.039957761764526367e-01,-4.537639915943145752e-01,-4.082569479942321777e-01,-3.672680556774139404e-01,-3.165586590766906738e-01,-2.621800899505615234e-01,-2.074213624000549316e-01,-1.550759822130203247e-01,-1.028495430946350098e-01,nan,-1.281883754700174904e-08,4.981809109449386597e-02,1.028494387865066528e-01,1.550757586956024170e-01,2.074209749698638916e-01,2.621794939041137695e-01,3.165577948093414307e-01,3.672668337821960449e-01,4.082554280757904053e-01,4.537608325481414795e-01,5.039913058280944824e-01
-5.077198147773742676e-01,-4.558930695056915283e-01,nan,-3.693107068538665771e-01,-3.175808787345886230e-01,-2.630302011966705322e-01,-2.087742984294891357e-01,-1.561970561742782593e-01,-1.020108088850975037e-01,nan,-2.051212106835009763e-07,nan,1.020107045769691467e-01,1.561968475580215454e-01,2.087739408016204834e-01,2.630296349525451660e-01,3.175800740718841553e-01,3.693096935749053955e-01,nan,4.558900892734527588e-01,5.077158212661743164e-01
-5.097988843917846680e-01,-4.610742926597595215e-01,-4.127927124500274658e-01,-3.652411997318267822e-01,-3.184308707714080811e-01,-2.639546692371368408e-01,-2.110219895839691162e-01,-1.568966358900070190e-01,-1.019163504242897034e-01,-5.148485675454139709e-02,-7.107657129523659023e-09,5.148483440279960632e-02,1.019162535667419434e-01,1.568964421749114990e-01,2.110216617584228516e-01,2.639541327953338623e-01,3.184300959110260010e-01,3.652400672435760498e-01,4.127907752990722656e-01,4.610715210437774658e-01,5.097951889038085938e-01
-5.119920969009399414e-01,nan,-4.152982532978057861e-01,-3.641939163208007812e-01,-3.190450966358184814e-01,-2.655440866947174072e-01,-2.124619334936141968e-01,-1.574161201715469360e-01,-1.024609580636024475e-01,-5.187545344233512878e-02,-1.959230111481247150e-08,5.187543109059333801e-02,1.024608686566352844e-01,1.574159413576126099e-01,2.124616354703903198e-01,2.655436098575592041e-01,3.190443813800811768e-01,3.641926050186157227e-01,4.152964651584625244e-01,nan,5.119885802268981934e-01
-5.170431733131408691e-01,-4.683686792850494385e-01,-4.178823828697204590e-01,-3.650035858154296875e-01,-3.126498758792877197e-01,-2.676689028739929199e-01,-2.132339924573898315e-01,nan,-1.062613874673843384e-01,-5.336683616042137146e-02,-9.515128596149224904e-08,5.336681753396987915e-02,1.062613204121589661e-01,nan,2.132336944341659546e-01,2.676684558391571045e-01,3.126490414142608643e-01,3.650023341178894043e-01,4.178806841373443604e-01,4.683663249015808105e-01,5.170399546623229980e-01
nan,-4.703292548656463623e-01,-4.195072352886199951e-01,-3.660540878772735596e-01,-3.130961954593658447e-01,-2.688363492488861084e-01,nan,-1.585060358047485352e-01,-1.076216623187065125e-01,-5.472047626972198486e-02,1.199916539462719811e-07,5.472046136856079102e-02,1.076215952634811401e-01,1.585058718919754028e-01,nan,2.688359320163726807e-01,3.130953609943389893e-01,3.660528957843780518e-01,4.195056259632110596e-01,4.703270494937896729e-01,nan
-5.243151783943176270e-01,-4.724596142768859863e-01,-4.206467270851135254e-01,-3.671858906745910645e-01,-3.150870800018310547e-01,-2.611196637153625488e-01,nan,-1.589175015687942505e-01,-1.093223020434379578e-01,-5.528378859162330627e-02,3.084657151930514374e-08,5.528377369046211243e-02,1.093222424387931824e-01,1.589173525571823120e-01,nan,2.611190974712371826e-01,3.150863051414489746e-01,3.671847283840179443e-01,4.206451773643493652e-01,4.724575579166412354e-01,5.243123769760131836e-01
-5.265482068061828613e-01,-4.746597409248352051e-01,nan,-3.692357838153839111e-01,-3.162556886672973633e-01,-2.617565989494323730e-01,nan,nan,-1.105320751667022705e-01,-5.545832216739654541e-02,1.941964811180696415e-09,5.545831099152565002e-02,1.105320230126380920e-01,nan,nan,2.617560625076293945e-01,3.162549138069152832e-01,3.692347109317779541e-01,nan,4.746578037738800049e-01,5.265456438064575195e-01
-5.288777947425842285e-01,-4.763960540294647217e-01,-4.231264889240264893e-01,-3.710549771785736084e-01,-3.170489966869354248e-01,nan,nan,-1.583803445100784302e-01,nan,nan,nan,nan,1.110247299075126648e-01,1.583801805973052979e-01,nan,nan,3.170482814311981201e-01,3.710539638996124268e-01,4.231250882148742676e-01,4.763942062854766846e-01,5.288753509521484375e-01
-5.309934020042419434e-01,-4.778151214122772217e-01,-4.254308044910430908e-01,-3.722233772277832031e-01,-3.177798092365264893e-01,-2.631110846996307373e-01,-2.125600129365921021e-01,-1.594868004322052002e-01,-1.046804189682006836e-01,-4.962589591741561890e-02,nan,4.962586984038352966e-02,1.046803370118141174e-01,1.594866365194320679e-01,2.125597298145294189e-01,2.631106078624725342e-01,3.177790939807891846e-01,3.722224235534667969e-01,4.254294931888580322e-01,4.778133928775787354e-01,5.309911370277404785e-01
-5.328095555305480957e-01,-4.792000353336334229e-01,-4.273141026496887207e-01,-3.731367588043212891e-01,nan,nan,-2.142492383718490601e-01,-1.600263118743896484e-01,-1.049363017082214355e-01,nan,2.304198076785723970e-08,nan,1.049362272024154663e-01,1.600261628627777100e-01,2.142489701509475708e-01,nan,nan,3.731358647346496582e-01,4.273128807544708252e-01,4.791983664035797119e-01,5.328074097633361816e-01
-5.344271659851074219e-01,-4.810849428176879883e-01,-4.286595880985260010e-01,nan,-3.192840218544006348e-01,-2.685119509696960449e-01,-2.152429819107055664e-01,-1.603668779134750366e-01,nan,-4.988378658890724182e-02,-1.063035437454118437e-09,4.988376051187515259e-02,nan,1.603667289018630981e-01,2.152427285909652710e-01,2.685115635395050049e-01,3.192833960056304932e-01,nan,4.286584258079528809e-01,4.810834825038909912e-01,5.344251394271850586e-01
-5.359746813774108887e-01,-4.840153157711029053e-01,-4.297768473625183105e-01,-3.750055134296417236e-01,nan,-2.701897621154785156e-01,-2.158073931932449341e-01,-1.606748551130294800e-01,nan,-5.496797710657119751e-02,nan,5.496796593070030212e-02,nan,1.606747210025787354e-01,2.158071547746658325e-01,2.701894044876098633e-01,nan,3.750047087669372559e-01,4.297757446765899658e-01,4.840139150619506836e-01,5.359727144241333008e-01
-5.374023914337158203e-01,-4.855543971061706543e-01,-4.308578073978424072e-01,nan,-3.247593045234680176e-01,-2.712377607822418213e-01,-2.162510603666305542e-01,-1.609967797994613647e-01,nan,-5.503104627132415771e-02,3.869188525129629852e-09,5.503103882074356079e-02,nan,1.609966456890106201e-01,2.162508368492126465e-01,2.712374031543731689e-01,3.247587680816650391e-01,nan,4.308567941188812256e-01,4.855530560016632080e-01,5.374006032943725586e-01
nan,-4.867745339870452881e-01,nan,nan,-3.265205621719360352e-01,-2.719542086124420166e-01,-2.167066484689712524e-01,nan,-1.102467104792594910e-01,-5.511167272925376892e-02,1.094037838100803128e-08,5.511166155338287354e-02,1.102466657757759094e-01,nan,2.167064398527145386e-01,2.719538807868957520e-01,3.265200853347778320e-01,nan,4.319368004798889160e-01,4.867732524871826172e-01,nan
-5.413241386413574219e-01,-4.879486858844757080e-01,nan,-3.813648223876953125e-01,-3.276726603507995605e-01,-2.725647389888763428e-01,-2.171907126903533936e-01,-1.656530052423477173e-01,-1.104405671358108521e-01,-5.522069707512855530e-02,9.965968050806850442e-10,5.522068962454795837e-02,1.104405298829078674e-01,1.656529009342193604e-01,2.171905189752578735e-01,2.725644409656524658e-01,3.276722133159637451e-01,3.813641965389251709e-01,nan,4.879474937915802002e-01,5.413226485252380371e-01
