# 1st dimension: Re = np.logspace(np.log10(1.4e6), np.log10(1.05e7), 20); 2nd dimension: alpha = np.arange(-5., 5.5, .5)
-5.043026804924011230e-02,6.512445397675037384e-03,6.327029317617416382e-02,1.198979467153549194e-01,1.765365600585937500e-01,2.332664877176284790e-01,2.899015247821807861e-01,3.464812338352203369e-01,4.030407369136810303e-01,4.594853520393371582e-01,5.158366560935974121e-01,5.720090866088867188e-01,6.280174255371093750e-01,6.838793754577636719e-01,7.395733594894409180e-01,7.950071692466735840e-01,8.498892188072204590e-01,9.026145339012145996e-01,9.578937888145446777e-01,1.012914180755615234e+00,1.067656397819519043e+00
-4.898386076092720032e-02,7.781993132084608078e-03,6.473939865827560425e-02,1.215199008584022522e-01,1.782711148262023926e-01,2.351345866918563843e-01,2.919365167617797852e-01,3.486497998237609863e-01,4.052878022193908691e-01,4.618729650974273682e-01,5.183086395263671875e-01,5.745870471000671387e-01,6.306819319725036621e-01,6.866408586502075195e-01,7.424263358116149902e-01,7.979809045791625977e-01,8.531844019889831543e-01,9.054546952247619629e-01,nan,nan,1.071190714836120605e+00
-4.727698117494583130e-02,9.056852199137210846e-03,6.607851386070251465e-02,1.230145543813705444e-01,1.798948198556900024e-01,2.368788719177246094e-01,2.938323318958282471e-01,3.506760895252227783e-01,4.074375033378601074e-01,4.641314148902893066e-01,5.206673145294189453e-01,5.770604610443115234e-01,6.332675814628601074e-01,6.893131136894226074e-01,7.452132105827331543e-01,8.008916378021240234e-01,nan,9.105689525604248047e-01,9.643433094024658203e-01,1.019606828689575195e+00,1.074626922607421875e+00
-4.610609263181686401e-02,1.043100841343402863e-02,6.731789559125900269e-02,1.243943274021148682e-01,1.814067810773849487e-01,2.384904474020004272e-01,2.955683171749114990e-01,3.525499403476715088e-01,4.094496071338653564e-01,4.662647247314453125e-01,5.229211449623107910e-01,5.794306993484497070e-01,6.357561945915222168e-01,6.919351220130920410e-01,7.479423284530639648e-01,8.037666678428649902e-01,8.593289852142333984e-01,9.141934514045715332e-01,nan,1.022874593734741211e+00,1.078017592430114746e+00
-4.534712806344032288e-02,1.187644433230161667e-02,6.847172230482101440e-02,1.255861669778823853e-01,1.827144771814346313e-01,2.398765832185745239e-01,2.970273196697235107e-01,3.541166782379150391e-01,4.111381173133850098e-01,4.680761098861694336e-01,5.248876214027404785e-01,5.815483927726745605e-01,6.380436420440673828e-01,6.943733096122741699e-01,7.505487799644470215e-01,8.065141439437866211e-01,8.622431159019470215e-01,9.174640774726867676e-01,nan,1.026079654693603516e+00,1.081343293190002441e+00
-4.468693584203720093e-02,1.267863903194665909e-02,6.958878785371780396e-02,1.266268789768218994e-01,1.838332563638687134e-01,2.410475313663482666e-01,2.982457578182220459e-01,3.554006516933441162e-01,4.124982357025146484e-01,4.695080518722534180e-01,5.264295935630798340e-01,5.831940174102783203e-01,6.398203969001770020e-01,6.962875127792358398e-01,7.526008486747741699e-01,8.087435364723205566e-01,8.646637201309204102e-01,9.202390909194946289e-01,9.732003808021545410e-01,nan,nan
-4.408564046025276184e-02,1.331128086894750595e-02,7.078310102224349976e-02,1.275908499956130981e-01,1.848261803388595581e-01,2.420730143785476685e-01,2.993237078189849854e-01,3.565173149108886719e-01,4.136528670787811279e-01,4.707097113132476807e-01,5.276967883110046387e-01,5.845265388488769531e-01,6.412074565887451172e-01,6.977539658546447754e-01,7.541676759719848633e-01,8.104292750358581543e-01,8.664705753326416016e-01,9.222370982170104980e-01,9.770638942718505859e-01,nan,1.086654663085937500e+00
-4.346818849444389343e-02,nan,nan,1.285345107316970825e-01,1.857448220252990723e-01,2.430242747068405151e-01,3.003040552139282227e-01,3.575331568717956543e-01,4.146794378757476807e-01,nan,5.287888646125793457e-01,5.856553316116333008e-01,6.423696279525756836e-01,6.989695429801940918e-01,7.554251551628112793e-01,8.117359280586242676e-01,8.678839206695556641e-01,9.237633347511291504e-01,nan,1.032632112503051758e+00,1.088272213935852051e+00
-4.282424971461296082e-02,1.464182790368795395e-02,7.208736985921859741e-02,1.295035332441329956e-01,1.866121441125869751e-01,2.439056783914566040e-01,3.011919260025024414e-01,3.584432005882263184e-01,4.155921041965484619e-01,4.726970195770263672e-01,5.297269821166992188e-01,5.866081714630126953e-01,6.433576345443725586e-01,6.999763250350952148e-01,7.564596533775329590e-01,8.128085732460021973e-01,8.689767122268676758e-01,9.249388575553894043e-01,9.804850220680236816e-01,1.033759593963623047e+00,1.089431047439575195e+00
-4.217566177248954773e-02,1.530898734927177429e-02,nan,1.303486227989196777e-01,1.874312311410903931e-01,2.447110861539840698e-01,3.019860982894897461e-01,3.592324256896972656e-01,4.163844883441925049e-01,4.734825789928436279e-01,5.305032730102539062e-01,5.873889327049255371e-01,6.441426277160644531e-01,7.007593512535095215e-01,7.572444677352905273e-01,8.135954737663269043e-01,8.697863221168518066e-01,9.257750511169433594e-01,9.814327359199523926e-01,1.036207437515258789e+00,nan
-4.154045879840850830e-02,1.593587733805179596e-02,nan,1.308293342590332031e-01,1.881677806377410889e-01,2.454075366258621216e-01,3.026489913463592529e-01,3.598638176918029785e-01,4.170096218585968018e-01,4.740747809410095215e-01,5.310704112052917480e-01,5.879437327384948730e-01,6.446693539619445801e-01,7.012893557548522949e-01,7.577568292617797852e-01,8.140870332717895508e-01,8.702632188796997070e-01,9.262281656265258789e-01,9.819319248199462891e-01,1.037126541137695312e+00,1.090306758880615234e+00
-4.095055162906646729e-02,1.646859012544155121e-02,7.387525588274002075e-02,nan,1.887811124324798584e-01,2.459452748298645020e-01,3.031222522258758545e-01,3.602820634841918945e-01,4.174046516418457031e-01,4.744043052196502686e-01,5.313591361045837402e-01,5.881967544555664062e-01,6.448780298233032227e-01,7.014503479003906250e-01,7.578678131103515625e-01,8.141490221023559570e-01,8.702692985534667969e-01,9.261963367462158203e-01,9.818665981292724609e-01,1.037112832069396973e+00,1.089251756668090820e+00
nan,1.738407835364341736e-02,7.495280355215072632e-02,nan,1.900250166654586792e-01,2.470409721136093140e-01,3.040355145931243896e-01,3.609543740749359131e-01,nan,4.743947088718414307e-01,5.312532186508178711e-01,5.880323052406311035e-01,6.446559429168701172e-01,7.011424899101257324e-01,7.575005292892456055e-01,8.136929273605346680e-01,8.697076439857482910e-01,9.255116581916809082e-01,9.810072779655456543e-01,1.035985231399536133e+00,nan
nan,nan,7.626970112323760986e-02,nan,nan,nan,nan,nan,nan,nan,nan,5.906184911727905273e-01,6.470367908477783203e-01,7.032970190048217773e-01,7.594196200370788574e-01,8.154249787330627441e-01,8.713460564613342285e-01,9.271764755249023438e-01,9.828855395317077637e-01,1.038984775543212891e+00,1.093839764595031738e+00
-3.808359056711196899e-02,1.966678164899349213e-02,7.745512574911117554e-02,1.352162063121795654e-01,1.930219382047653198e-01,2.505356669425964355e-01,3.079532384872436523e-01,nan,4.225859940052032471e-01,4.797058999538421631e-01,5.367181897163391113e-01,5.935820937156677246e-01,6.502367258071899414e-01,7.067261338233947754e-01,7.630463242530822754e-01,8.192350864410400391e-01,8.752933740615844727e-01,9.312231540679931641e-01,9.870190620422363281e-01,1.043539881706237793e+00,1.100221633911132812e+00
-3.706655278801918030e-02,2.072509936988353729e-02,7.856953889131546021e-02,1.364187598228454590e-01,1.942784041166305542e-01,2.519652843475341797e-01,3.095515072345733643e-01,nan,4.245471954345703125e-01,4.818643629550933838e-01,5.390876531600952148e-01,5.961864590644836426e-01,6.530821323394775391e-01,7.098001837730407715e-01,7.663630247116088867e-01,8.227378726005554199e-01,8.789623379707336426e-01,9.350504875183105469e-01,nan,1.047985076904296875e+00,1.104930520057678223e+00
-3.610183298587799072e-02,2.173883654177188873e-02,7.963196933269500732e-02,1.375416666269302368e-01,1.954556703567504883e-01,2.532690465450286865e-01,3.109840452671051025e-01,3.686575293540954590e-01,nan,4.837465584278106689e-01,5.411391258239746094e-01,5.984399914741516113e-01,6.555626988410949707e-01,7.125034332275390625e-01,7.693030238151550293e-01,8.259041905403137207e-01,8.823636770248413086e-01,9.386394619941711426e-01,9.948967695236206055e-01,1.052184104919433594e+00,1.109107136726379395e+00
-3.517685085535049438e-02,2.270301245152950287e-02,8.064270764589309692e-02,1.386031508445739746e-01,1.965615451335906982e-01,2.544717788696289062e-01,3.122898936271667480e-01,3.700694143772125244e-01,4.277909696102142334e-01,4.854086935520172119e-01,5.429270267486572266e-01,6.003882288932800293e-01,6.577042937278747559e-01,7.148485779762268066e-01,7.718500494956970215e-01,8.286992907524108887e-01,8.853616118431091309e-01,9.418658018112182617e-01,9.985513687133789062e-01,1.055926203727722168e+00,1.112645506858825684e+00
-3.421872481703758240e-02,2.361978963017463684e-02,8.160470426082611084e-02,1.396111100912094116e-01,1.976118385791778564e-01,2.555888295173645020e-01,3.134895563125610352e-01,3.713547289371490479e-01,4.291692376136779785e-01,4.868989586830139160e-01,5.445173978805541992e-01,6.021001935005187988e-01,6.595685482025146484e-01,7.168827056884765625e-01,7.740539908409118652e-01,8.310799002647399902e-01,8.879587054252624512e-01,9.446877241134643555e-01,1.001744031906127930e+00,1.059035420417785645e+00,1.115573287010192871e+00
-3.322676569223403931e-02,2.450150437653064728e-02,8.252534270286560059e-02,1.405737251043319702e-01,1.986164748668670654e-01,2.566409409046173096e-01,3.146091699600219727e-01,3.725431561470031738e-01,4.304313957691192627e-01,4.882487654685974121e-01,5.459503531455993652e-01,6.036262512207031250e-01,6.612136363983154297e-01,7.186535596847534180e-01,7.759713530540466309e-01,8.331507444381713867e-01,8.902028799057006836e-01,nan,1.004435896873474121e+00,1.061607599258422852e+00,1.118096590042114258e+00
