# 1st dimension: Re = np.logspace(np.log10(1.4e6), np.log10(1.05e7), 20); 2nd dimension: alpha = np.arange(-5., 5.5, .5)
-3.627896904945373535e-01,-3.162130415439605713e-01,-2.663299739360809326e-01,-2.139197438955307007e-01,nan,nan,-5.800076946616172791e-02,-5.752289202064275742e-03,4.502997919917106628e-02,9.819593280553817749e-02,1.520309746265411377e-01,2.063624560832977295e-01,2.597377598285675049e-01,nan,3.654067516326904297e-01,4.183862209320068359e-01,4.711859822273254395e-01,5.238251090049743652e-01,5.762683749198913574e-01,6.289854645729064941e-01,6.817179322242736816e-01
nan,nan,nan,nan,nan,nan,-5.793070420622825623e-02,-5.577695090323686600e-03,4.577625170350074768e-02,9.868270903825759888e-02,1.529664248228073120e-01,nan,nan,nan,nan,nan,nan,nan,nan,nan,nan
nan,nan,nan,nan,nan,nan,-5.785271152853965759e-02,-5.389625206589698792e-03,nan,nan,nan,nan,nan,nan,nan,nan,nan,nan,nan,nan,nan
nan,nan,nan,nan,nan,-1.094907522201538086e-01,nan,nan,nan,nan,nan,nan,nan,nan,nan,nan,nan,nan,nan,nan,nan
nan,nan,nan,nan,nan,-1.094487905502319336e-01,nan,nan,nan,nan,nan,2.076623439788818359e-01,2.606934607028961182e-01,3.136929571628570557e-01,nan,4.198347032070159912e-01,4.729998111724853516e-01,5.259992480278015137e-01,5.788341760635375977e-01,6.318855285644531250e-01,6.848310828208923340e-01
nan,nan,nan,nan,nan,-1.094301268458366394e-01,-5.737642943859100342e-02,-5.049202125519514084e-03,4.751539602875709534e-02,1.007341742515563965e-01,1.542340517044067383e-01,2.078521251678466797e-01,2.609165012836456299e-01,nan,nan,4.201575219631195068e-01,4.734065234661102295e-01,5.264964699745178223e-01,5.794215798377990723e-01,6.325252056121826172e-01,6.854672431945800781e-01
nan,nan,nan,nan,nan,nan,nan,nan,nan,nan,nan,nan,nan,3.140975832939147949e-01,nan,4.204710423946380615e-01,4.737948179244995117e-01,5.269718766212463379e-01,5.799878835678100586e-01,6.331311464309692383e-01,nan
nan,nan,nan,nan,nan,nan,nan,nan,nan,nan,nan,2.082409262657165527e-01,2.613522410392761230e-01,3.143940269947052002e-01,nan,nan,nan,nan,nan,nan,nan
nan,nan,nan,nan,nan,-1.094512790441513062e-01,-5.700901150703430176e-02,-4.880910273641347885e-03,4.800150170922279358e-02,1.013800129294395447e-01,1.549522578716278076e-01,nan,nan,nan,nan,nan,nan,nan,nan,nan,nan
nan,nan,nan,nan,nan,-1.080130785703659058e-01,-5.604332685470581055e-02,-4.995796829462051392e-03,4.724120721220970154e-02,9.983540326356887817e-02,nan,nan,nan,nan,nan,nan,nan,nan,nan,nan,nan
nan,nan,nan,nan,nan,-1.094751507043838501e-01,-5.665814131498336792e-02,-4.770917352288961411e-03,4.830887168645858765e-02,1.016582697629928589e-01,nan,2.087577581405639648e-01,2.619706094264984131e-01,3.152050971984863281e-01,3.684458732604980469e-01,4.217687249183654785e-01,nan,nan,5.820059776306152344e-01,6.353155374526977539e-01,6.881461739540100098e-01
nan,nan,nan,nan,nan,-1.094870716333389282e-01,-5.662439391016960144e-02,-4.712791647762060165e-03,4.842540994286537170e-02,1.017720624804496765e-01,nan,nan,nan,nan,nan,nan,nan,nan,nan,nan,nan
nan,nan,nan,nan,nan,-1.094999760389328003e-01,-5.658768862485885620e-02,-4.649244714528322220e-03,4.852679371833801270e-02,1.018871515989303589e-01,1.557479500770568848e-01,nan,nan,nan,nan,nan,nan,nan,nan,nan,nan
nan,nan,nan,nan,nan,-1.095190718770027161e-01,-5.655315518379211426e-02,-4.564167000353336334e-03,4.861901327967643738e-02,1.020079851150512695e-01,1.558915525674819946e-01,nan,2.586667835712432861e-01,nan,3.638181984424591064e-01,4.164180755615234375e-01,4.690885841846466064e-01,nan,nan,nan,nan
nan,nan,nan,nan,nan,-1.095403209328651428e-01,-5.652849003672599792e-02,-4.333183169364929199e-03,4.870187491178512573e-02,1.021591797471046448e-01,nan,2.093989700078964233e-01,2.627437412738800049e-01,3.161344826221466064e-01,3.695459365844726562e-01,4.229826927185058594e-01,4.764832556247711182e-01,nan,nan,nan,nan
nan,nan,nan,nan,nan,-1.095625162124633789e-01,-5.651300400495529175e-02,-4.145914223045110703e-03,nan,1.024128198623657227e-01,1.561691910028457642e-01,2.095504403114318848e-01,2.629286944866180420e-01,3.163530230522155762e-01,3.698043823242187500e-01,4.232714176177978516e-01,4.767913818359375000e-01,5.304227471351623535e-01,nan,nan,nan
nan,nan,nan,nan,-1.607263982295989990e-01,-1.082640886306762695e-01,-5.590816214680671692e-02,-4.222577903419733047e-03,4.803058505058288574e-02,1.010392829775810242e-01,1.540236473083496094e-01,2.096983194351196289e-01,2.631108760833740234e-01,3.165665864944458008e-01,3.700558245182037354e-01,4.235539436340332031e-01,4.770969450473785400e-01,5.307328701019287109e-01,nan,nan,nan
nan,nan,nan,nan,-1.627579778432846069e-01,-1.096083968877792358e-01,-5.649681016802787781e-02,-4.015193320810794830e-03,4.896800220012664795e-02,1.026961654424667358e-01,1.564211994409561157e-01,2.098427116870880127e-01,2.632878422737121582e-01,3.167751431465148926e-01,3.702961206436157227e-01,4.238303303718566895e-01,4.773986637592315674e-01,5.310404896736145020e-01,nan,nan,nan
nan,nan,nan,nan,-1.607613265514373779e-01,-1.083433330059051514e-01,-5.591289699077606201e-02,-3.985586110502481461e-03,4.829356819391250610e-02,1.012912690639495850e-01,1.543201953172683716e-01,2.099837809801101685e-01,2.634602189064025879e-01,3.169774413108825684e-01,3.705299198627471924e-01,4.241005480289459229e-01,4.776952266693115234e-01,5.313489437103271484e-01,nan,nan,nan
nan,nan,nan,nan,-1.627957969903945923e-01,-1.096534803509712219e-01,-5.649114027619361877e-02,-3.702525049448013306e-03,4.931254684925079346e-02,nan,1.566499620676040649e-01,2.072320729494094849e-01,nan,3.128571510314941406e-01,3.657070994377136230e-01,4.185650944709777832e-01,4.714215695858001709e-01,5.243147611618041992e-01,5.771058201789855957e-01,nan,nan
