# 1st dimension: Re = np.logspace(np.log10(1.4e6), np.log10(1.05e7), 20); 2nd dimension: alpha = np.arange(-5., 5.5, .5)
nan,nan,nan,nan,nan,nan,-2.863396075554192066e-04,5.392042174935340881e-02,1.090730950236320496e-01,1.653688102960586548e-01,2.217167466878890991e-01,nan,nan,nan,nan,nan,nan,nan,nan,nan,nan
nan,nan,nan,nan,nan,nan,-1.899219583719968796e-03,5.293472856283187866e-02,1.084922328591346741e-01,1.650025546550750732e-01,2.214775085449218750e-01,nan,nan,nan,nan,nan,nan,nan,nan,nan,nan
nan,nan,nan,nan,nan,-5.674550682306289673e-02,-3.134835045784711838e-03,5.218265205621719360e-02,1.080781370401382446e-01,nan,2.212662100791931152e-01,nan,nan,nan,nan,nan,nan,nan,nan,nan,nan
nan,nan,nan,nan,nan,-5.806883797049522400e-02,-3.890207968652248383e-03,5.165744200348854065e-02,1.077708229422569275e-01,1.644920706748962402e-01,2.210613787174224854e-01,nan,nan,nan,nan,nan,nan,nan,nan,nan,nan
nan,nan,nan,nan,nan,nan,-4.455424379557371140e-03,5.122826620936393738e-02,1.074845194816589355e-01,1.642636805772781372e-01,2.208986729383468628e-01,nan,nan,nan,nan,nan,nan,nan,nan,nan,nan
-3.392166495323181152e-01,-2.854684293270111084e-01,-2.211086601018905640e-01,-1.667137145996093750e-01,-1.145937442779541016e-01,-6.029829382896423340e-02,-4.965227562934160233e-03,5.087088420987129211e-02,1.072154492139816284e-01,1.640313416719436646e-01,2.207520455121994019e-01,2.770358324050903320e-01,3.259801864624023438e-01,3.837026059627532959e-01,4.397761225700378418e-01,4.957672655582427979e-01,5.516347289085388184e-01,6.073848009109497070e-01,nan,7.182120680809020996e-01,7.732465863227844238e-01
nan,nan,nan,nan,nan,nan,-5.357199814170598984e-03,nan,1.069300025701522827e-01,nan,2.206200361251831055e-01,nan,nan,nan,nan,nan,nan,nan,nan,nan,nan
nan,nan,nan,nan,-1.167924031615257263e-01,-6.163913384079933167e-02,-5.746216047555208206e-03,5.039349570870399475e-02,1.066626980900764465e-01,1.635291427373886108e-01,2.205158621072769165e-01,nan,nan,nan,nan,nan,nan,nan,nan,nan,nan
nan,nan,nan,nan,nan,nan,nan,nan,nan,nan,2.204139977693557739e-01,nan,nan,nan,nan,nan,nan,nan,nan,nan,nan
nan,nan,nan,nan,-1.182479038834571838e-01,-6.252843141555786133e-02,-6.432939320802688599e-03,4.984819889068603516e-02,1.065246313810348511e-01,1.633280366659164429e-01,2.203362584114074707e-01,nan,nan,nan,nan,nan,nan,nan,nan,nan,nan
nan,nan,nan,nan,nan,nan,nan,nan,nan,nan,nan,nan,nan,nan,nan,nan,nan,nan,nan,nan,nan
nan,nan,nan,nan,-1.192417964339256287e-01,-6.319279223680496216e-02,-6.985039450228214264e-03,4.951684549450874329e-02,1.064379811286926270e-01,1.632817983627319336e-01,2.201992422342300415e-01,nan,nan,nan,nan,nan,nan,nan,nan,nan,nan
nan,nan,nan,nan,-1.195878982543945312e-01,-6.349076330661773682e-02,-7.197369355708360672e-03,4.940769076347351074e-02,1.063899174332618713e-01,nan,nan,nan,nan,nan,nan,nan,nan,nan,nan,nan,nan
-3.416175544261932373e-01,-2.870179712772369385e-01,-2.315323352813720703e-01,-1.756588220596313477e-01,-1.195606589317321777e-01,-6.376712769269943237e-02,-7.382785435765981674e-03,4.933126270771026611e-02,1.063690781593322754e-01,1.632476747035980225e-01,2.201263755559921265e-01,2.767982184886932373e-01,3.335428535938262939e-01,3.897008597850799561e-01,4.412944018840789795e-01,4.977175891399383545e-01,5.540681481361389160e-01,6.102234125137329102e-01,6.661720871925354004e-01,7.218955755233764648e-01,7.774562239646911621e-01
nan,nan,nan,nan,nan,-6.399366259574890137e-02,-7.525523193180561066e-03,4.929013177752494812e-02,1.063329875469207764e-01,1.632403433322906494e-01,2.200980335474014282e-01,nan,nan,nan,nan,nan,nan,nan,nan,nan,nan
-3.443800210952758789e-01,-2.886719107627868652e-01,-2.326686978340148926e-01,-1.764889210462570190e-01,-1.201958507299423218e-01,-6.418227404356002808e-02,-7.615511305630207062e-03,4.927574843168258667e-02,1.062805652618408203e-01,1.632246971130371094e-01,2.200883030891418457e-01,2.768023312091827393e-01,3.335865437984466553e-01,3.902480602264404297e-01,4.452664256095886230e-01,4.982722103595733643e-01,5.546968579292297363e-01,6.109057664871215820e-01,6.669535636901855469e-01,7.227423191070556641e-01,7.784333825111389160e-01
-3.452957868576049805e-01,-2.893143892288208008e-01,-2.331519573926925659e-01,-1.768633872270584106e-01,-1.204892098903656006e-01,-6.433929502964019775e-02,-7.711223326623439789e-03,4.921166971325874329e-02,1.062053963541984558e-01,1.631810814142227173e-01,2.200853228569030762e-01,nan,3.336004912853240967e-01,3.903855979442596436e-01,4.465745091438293457e-01,4.985239505767822266e-01,5.549797415733337402e-01,6.112094521522521973e-01,6.673563122749328613e-01,7.232041954994201660e-01,7.789546847343444824e-01
-3.460597395896911621e-01,-2.898917794227600098e-01,-2.335988879203796387e-01,-1.772150397300720215e-01,-1.207649037241935730e-01,-6.444767862558364868e-02,-7.818281650543212891e-03,4.913455620408058167e-02,1.061379015445709229e-01,1.631387621164321899e-01,2.200815677642822266e-01,2.768625319004058838e-01,3.336181640625000000e-01,3.904844224452972412e-01,4.470004737377166748e-01,4.988340735435485840e-01,5.553296208381652832e-01,6.115983724594116211e-01,6.676939129829406738e-01,7.236735224723815918e-01,7.794334292411804199e-01
-3.467046618461608887e-01,-2.904083728790283203e-01,-2.340077608823776245e-01,-1.775361746549606323e-01,-1.210086271166801453e-01,-6.443729251623153687e-02,-7.938162423670291901e-03,nan,1.060644239187240601e-01,1.631090342998504639e-01,2.200828343629837036e-01,2.768995463848114014e-01,3.336486816406250000e-01,3.905853331089019775e-01,4.472134113311767578e-01,5.010032653808593750e-01,5.556256771087646484e-01,6.119360923767089844e-01,6.681045889854431152e-01,7.240874767303466797e-01,7.798702120780944824e-01
nan,nan,nan,nan,nan,nan,nan,nan,nan,nan,2.200913280248641968e-01,nan,nan,nan,nan,nan,nan,nan,nan,nan,nan
