# 1st dimension: Re = np.logspace(np.log10(1.4e6), np.log10(1.05e7), 20); 2nd dimension: alpha = np.arange(-5., 5.5, .5)
-2.641949653625488281e-01,-2.022187858819961548e-01,-1.398212462663650513e-01,-7.732162624597549438e-02,-1.467140763998031616e-02,4.816960543394088745e-02,1.107210218906402588e-01,1.731700152158737183e-01,2.357693463563919067e-01,2.986174523830413818e-01,3.614110648632049561e-01,4.238857626914978027e-01,4.860194027423858643e-01,5.479153990745544434e-01,6.098622083663940430e-01,6.718876361846923828e-01,7.332774996757507324e-01,7.936763763427734375e-01,8.538786768913269043e-01,9.130123257637023926e-01,9.731057882308959961e-01
-2.642369866371154785e-01,-2.021472305059432983e-01,-1.396441310644149780e-01,-7.706858962774276733e-02,-1.430981047451496124e-02,4.848567396402359009e-02,1.110908985137939453e-01,1.735673993825912476e-01,2.362893670797348022e-01,2.992222905158996582e-01,3.620679676532745361e-01,4.245249330997467041e-01,4.866081476211547852e-01,5.486862063407897949e-01,6.110138297080993652e-01,6.731427907943725586e-01,7.343629002571105957e-01,7.953011989593505859e-01,8.553277254104614258e-01,9.159746766090393066e-01,9.754930138587951660e-01
-2.642635405063629150e-01,-2.019937783479690552e-01,-1.394767463207244873e-01,-7.680611312389373779e-02,-1.401217281818389893e-02,4.873427003622055054e-02,1.113368049263954163e-01,1.739469170570373535e-01,2.367796748876571655e-01,2.997328341007232666e-01,3.625874817371368408e-01,4.250873029232025146e-01,4.871436655521392822e-01,5.495816469192504883e-01,6.120421886444091797e-01,6.740306019783020020e-01,7.353757023811340332e-01,7.964848875999450684e-01,8.570578098297119141e-01,9.183332920074462891e-01,9.778915047645568848e-01
-2.642573118209838867e-01,-2.017936110496520996e-01,-1.393221467733383179e-01,-7.654717564582824707e-02,-1.379713136702775955e-02,4.896900057792663574e-02,1.116182059049606323e-01,1.743382811546325684e-01,2.372534871101379395e-01,3.002102375030517578e-01,3.630473613739013672e-01,4.254814088344573975e-01,4.877400696277618408e-01,5.503919720649719238e-01,6.128354072570800781e-01,6.748585700988769531e-01,7.363125085830688477e-01,7.974827289581298828e-01,8.588665723800659180e-01,9.198485612869262695e-01,9.803289175033569336e-01
-2.642140984535217285e-01,-2.016765326261520386e-01,-1.391635537147521973e-01,-7.634372264146804810e-02,-1.361144613474607468e-02,4.914187267422676086e-02,1.118608489632606506e-01,1.747655719518661499e-01,2.376968711614608765e-01,3.006573319435119629e-01,3.634150624275207520e-01,4.259080588817596436e-01,4.883832633495330811e-01,5.510560274124145508e-01,6.135754585266113281e-01,6.755710840225219727e-01,7.370766401290893555e-01,7.985793948173522949e-01,8.604128956794738770e-01,9.214056134223937988e-01,9.825365543365478516e-01
-2.641311883926391602e-01,-2.015850394964218140e-01,-1.389650851488113403e-01,-7.619223743677139282e-02,-1.344631798565387726e-02,4.928399994969367981e-02,1.121114492416381836e-01,1.751146614551544189e-01,2.381099313497543335e-01,3.010191321372985840e-01,3.636799454689025879e-01,4.263073205947875977e-01,4.890074431896209717e-01,5.516796708106994629e-01,6.142373085021972656e-01,6.760815978050231934e-01,7.378023266792297363e-01,7.997798919677734375e-01,8.615376949310302734e-01,9.229950904846191406e-01,9.839769601821899414e-01
-2.640689909458160400e-01,-2.014862596988677979e-01,-1.387627869844436646e-01,-7.607161998748779297e-02,-1.331569906324148178e-02,4.946193844079971313e-02,1.124230623245239258e-01,1.754510700702667236e-01,2.384597212076187134e-01,3.013271093368530273e-01,3.639552593231201172e-01,4.267314970493316650e-01,4.895724952220916748e-01,5.522761940956115723e-01,6.146764755249023438e-01,6.765542030334472656e-01,7.386101484298706055e-01,8.007841110229492188e-01,8.626079559326171875e-01,9.243952035903930664e-01,9.851360321044921875e-01
-2.640343904495239258e-01,-2.013832628726959229e-01,-1.386430412530899048e-01,-7.597690075635910034e-02,-1.322021242231130600e-02,4.967431351542472839e-02,1.126910671591758728e-01,1.757381409406661987e-01,2.387629151344299316e-01,3.015361726284027100e-01,3.642566204071044922e-01,4.271620213985443115e-01,4.900912940502166748e-01,5.527835488319396973e-01,6.149932146072387695e-01,6.771262288093566895e-01,7.394214868545532227e-01,8.016253113746643066e-01,8.636997342109680176e-01,9.254328012466430664e-01,9.862243533134460449e-01
-2.640179991722106934e-01,-2.012950032949447632e-01,-1.385571956634521484e-01,-7.588558644056320190e-02,-1.311245001852512360e-02,4.989033564925193787e-02,1.129340305924415588e-01,1.760071367025375366e-01,2.389965802431106567e-01,3.017145991325378418e-01,3.645827174186706543e-01,4.275946021080017090e-01,4.905315041542053223e-01,5.531453490257263184e-01,6.153258085250854492e-01,6.777144074440002441e-01,7.401259541511535645e-01,8.024330735206604004e-01,8.646576404571533203e-01,9.262562990188598633e-01,9.871878623962402344e-01
-2.640107274055480957e-01,-2.012328952550888062e-01,-1.384914666414260864e-01,-7.579296082258224487e-02,-1.298524346202611923e-02,5.009152367711067200e-02,1.131709292531013489e-01,1.762472987174987793e-01,2.391315847635269165e-01,3.019251525402069092e-01,3.649207055568695068e-01,4.279824793338775635e-01,4.909086525440216064e-01,5.534216761589050293e-01,6.157383322715759277e-01,6.782456040382385254e-01,nan,8.032386302947998047e-01,8.654047250747680664e-01,9.269610047340393066e-01,9.878756999969482422e-01
-2.640110552310943604e-01,-2.011975049972534180e-01,-1.384661942720413208e-01,-7.572317868471145630e-02,-1.283678971230983734e-02,5.027965456247329712e-02,1.133876368403434753e-01,1.764321029186248779e-01,2.392328381538391113e-01,3.021523654460906982e-01,3.652692437171936035e-01,4.283373355865478516e-01,4.912011027336120605e-01,5.536238551139831543e-01,6.161497831344604492e-01,6.788228154182434082e-01,7.414646148681640625e-01,8.039226531982421875e-01,8.660559654235839844e-01,9.275331497192382812e-01,9.884965419769287109e-01
-2.640169262886047363e-01,-2.011935114860534668e-01,-1.384661346673965454e-01,-7.563231885433197021e-02,-1.263914164155721664e-02,5.046387389302253723e-02,1.135748773813247681e-01,nan,2.393651902675628662e-01,3.023858070373535156e-01,3.655763268470764160e-01,4.286522567272186279e-01,4.913515150547027588e-01,5.538886785507202148e-01,6.165872812271118164e-01,6.793849468231201172e-01,7.420501112937927246e-01,8.045186996459960938e-01,8.665742278099060059e-01,9.279194474220275879e-01,9.892341494560241699e-01
-2.640282213687896729e-01,-2.012353986501693726e-01,-1.384468823671340942e-01,-7.552062720060348511e-02,-1.246440224349498749e-02,5.065353214740753174e-02,1.137302145361900330e-01,1.765924245119094849e-01,2.395302206277847290e-01,3.026522099971771240e-01,3.658589422702789307e-01,4.288760721683502197e-01,4.914630949497222900e-01,5.542084574699401855e-01,6.170531511306762695e-01,6.798872947692871094e-01,7.425807714462280273e-01,8.050697445869445801e-01,8.669115304946899414e-01,9.283649325370788574e-01,9.900497198104858398e-01
nan,-2.012929618358612061e-01,-1.384063065052032471e-01,-7.540065050125122070e-02,-1.232203468680381775e-02,5.080756172537803650e-02,1.138165146112442017e-01,1.766645908355712891e-01,2.397313117980957031e-01,3.029229938983917236e-01,3.660999834537506104e-01,4.289990663528442383e-01,4.916481375694274902e-01,5.545253753662109375e-01,6.175150871276855469e-01,6.803590059280395508e-01,7.430944442749023438e-01,8.054764866828918457e-01,8.671391606330871582e-01,9.289193749427795410e-01,9.907843470573425293e-01
-2.641255855560302734e-01,-2.013212591409683228e-01,-1.383536309003829956e-01,-7.528839260339736938e-02,-1.218529511243104935e-02,5.093721672892570496e-02,1.138424873352050781e-01,1.767973005771636963e-01,2.399416565895080566e-01,nan,3.662615716457366943e-01,4.290300011634826660e-01,4.918639659881591797e-01,5.548351407051086426e-01,nan,6.808171868324279785e-01,7.435283064842224121e-01,8.056576251983642578e-01,8.674658536911010742e-01,9.295054078102111816e-01,9.914646744728088379e-01
-2.642039656639099121e-01,-2.013146281242370605e-01,-1.382880210876464844e-01,-7.518705725669860840e-02,-1.206126622855663300e-02,5.100368335843086243e-02,1.138728037476539612e-01,1.769590526819229126e-01,2.401453256607055664e-01,3.033742606639862061e-01,nan,4.291397631168365479e-01,4.921413958072662354e-01,5.551987290382385254e-01,6.183422803878784180e-01,6.812404394149780273e-01,7.438455820083618164e-01,8.058313727378845215e-01,8.678935766220092773e-01,9.300386309623718262e-01,9.921749234199523926e-01
-2.642533183097839355e-01,nan,-1.382195204496383667e-01,-7.509388029575347900e-02,-1.195537671446800232e-02,5.099865049123764038e-02,1.139631941914558411e-01,1.771313399076461792e-01,nan,3.035805821418762207e-01,3.662620186805725098e-01,4.292753934860229492e-01,4.924095273017883301e-01,nan,6.187232136726379395e-01,6.816046237945556641e-01,7.439953684806823730e-01,8.060667514801025391e-01,8.683216571807861328e-01,9.305942058563232422e-01,nan
-2.642698287963867188e-01,-2.012559920549392700e-01,-1.381523311138153076e-01,-7.500758022069931030e-02,-1.188591495156288147e-02,5.100282281637191772e-02,1.140798032283782959e-01,1.772793531417846680e-01,2.405630797147750854e-01,3.036990761756896973e-01,3.663344681262969971e-01,4.294210672378540039e-01,4.926842749118804932e-01,5.558221936225891113e-01,6.190577149391174316e-01,6.818904280662536621e-01,7.441032528877258301e-01,8.063606619834899902e-01,8.687771558761596680e-01,9.311693310737609863e-01,9.934664964675903320e-01
-2.642697989940643311e-01,-2.012127935886383057e-01,-1.380877792835235596e-01,-7.493065297603607178e-02,-1.189607940614223480e-02,5.106116086244583130e-02,1.142084077000617981e-01,nan,nan,3.036277592182159424e-01,3.664843142032623291e-01,4.296313524246215820e-01,4.929873347282409668e-01,5.561175346374511719e-01,6.193697452545166016e-01,6.819993257522583008e-01,7.442547678947448730e-01,8.067344427108764648e-01,8.692445755004882812e-01,9.317069649696350098e-01,9.940427541732788086e-01
-2.642538845539093018e-01,-2.011708617210388184e-01,-1.380269527435302734e-01,-7.487943023443222046e-02,-1.191758643835783005e-02,5.115523561835289001e-02,1.143556907773017883e-01,1.776175051927566528e-01,2.409079521894454956e-01,3.035888075828552246e-01,3.666282594203948975e-01,4.298136830329895020e-01,4.932098686695098877e-01,5.563666224479675293e-01,6.195828318595886230e-01,6.820518970489501953e-01,7.445119023323059082e-01,8.071029186248779297e-01,8.696865439414978027e-01,nan,nan
