# 1st dimension: Re = np.logspace(np.log10(1.4e6), np.log10(1.05e7), 20); 2nd dimension: alpha = np.arange(-5., 5.5, .5)
-2.413513511419296265e-01,-1.819596886634826660e-01,-1.224033087491989136e-01,-6.232712417840957642e-02,-2.607572823762893677e-03,5.759932100772857666e-02,1.174078956246376038e-01,1.772381663322448730e-01,2.373615503311157227e-01,2.970686852931976318e-01,3.571282625198364258e-01,4.167158603668212891e-01,4.760184586048126221e-01,nan,5.846918821334838867e-01,6.441826820373535156e-01,7.037988901138305664e-01,7.625621557235717773e-01,8.214138150215148926e-01,8.805266618728637695e-01,9.387434124946594238e-01
-2.420726865530014038e-01,-1.823413819074630737e-01,nan,-6.264851242303848267e-02,-2.709767315536737442e-03,5.736393108963966370e-02,1.173819378018379211e-01,1.771873831748962402e-01,2.373761534690856934e-01,2.971909642219543457e-01,3.570747375488281250e-01,4.169044196605682373e-01,4.762365818023681641e-01,5.348092317581176758e-01,5.820266008377075195e-01,6.447502374649047852e-01,7.043353915214538574e-01,7.630832195281982422e-01,8.223239779472351074e-01,8.814034461975097656e-01,9.394201636314392090e-01
-2.424455732107162476e-01,-1.827660351991653442e-01,-1.228145360946655273e-01,-6.292823702096939087e-02,-2.941231941804289818e-03,5.720441788434982300e-02,1.172404214739799500e-01,1.772731989622116089e-01,2.372653484344482422e-01,2.973394393920898438e-01,3.570481538772583008e-01,4.169268310070037842e-01,4.763358235359191895e-01,nan,5.846090912818908691e-01,6.453261375427246094e-01,7.047570347785949707e-01,7.637080550193786621e-01,8.231685757637023926e-01,8.821595907211303711e-01,9.401378631591796875e-01
-2.428095638751983643e-01,-1.830847859382629395e-01,-1.231200546026229858e-01,-6.306824088096618652e-02,-3.164037130773067474e-03,5.719977989792823792e-02,1.171049401164054871e-01,1.773224025964736938e-01,2.372287511825561523e-01,2.973994612693786621e-01,3.572102785110473633e-01,4.168347716331481934e-01,4.762010872364044189e-01,5.357409715652465820e-01,5.888995528221130371e-01,6.458432674407958984e-01,7.051187157630920410e-01,7.644261121749877930e-01,8.239461779594421387e-01,8.827716112136840820e-01,9.409491419792175293e-01
-2.432468086481094360e-01,-1.832606941461563110e-01,-1.234166920185089111e-01,-6.321688741445541382e-02,-3.205018350854516029e-03,5.711144953966140747e-02,1.171134561300277710e-01,1.772810220718383789e-01,2.373297065496444702e-01,2.973155081272125244e-01,3.573457300662994385e-01,4.169695675373077393e-01,4.763068556785583496e-01,5.358282923698425293e-01,5.923147797584533691e-01,6.433937549591064453e-01,7.055397629737854004e-01,7.651359438896179199e-01,8.246438503265380859e-01,8.832958340644836426e-01,9.418049454689025879e-01
-2.435918152332305908e-01,-1.834909468889236450e-01,-1.235541552305221558e-01,-6.350397318601608276e-02,-3.263676073402166367e-03,5.690396204590797424e-02,1.171438395977020264e-01,1.771831065416336060e-01,2.374013513326644897e-01,2.973087131977081299e-01,3.573193550109863281e-01,4.170249104499816895e-01,4.765098094940185547e-01,5.359469652175903320e-01,nan,6.462104320526123047e-01,7.060362100601196289e-01,7.658081054687500000e-01,8.252204656600952148e-01,8.838648200035095215e-01,9.426801204681396484e-01
-2.437856942415237427e-01,-1.838219761848449707e-01,-1.236640736460685730e-01,-6.369148939847946167e-02,-3.410498844459652901e-03,5.682050436735153198e-02,1.171082705259323120e-01,1.771937906742095947e-01,2.373638600111007690e-01,2.974300384521484375e-01,3.572314679622650146e-01,4.168395102024078369e-01,4.766078591346740723e-01,5.361738204956054688e-01,5.954001545906066895e-01,6.501734256744384766e-01,7.065926790237426758e-01,7.664374709129333496e-01,8.256689310073852539e-01,8.845241665840148926e-01,9.435793757438659668e-01
-2.439587861299514771e-01,-1.840765178203582764e-01,-1.238533705472946167e-01,-6.376754492521286011e-02,-3.604552708566188812e-03,5.682563409209251404e-02,1.169813722372055054e-01,1.772614866495132446e-01,2.372785061597824097e-01,2.975074350833892822e-01,3.573384881019592285e-01,4.168959558010101318e-01,4.766184389591217041e-01,5.364705920219421387e-01,5.959062576293945312e-01,6.529405713081359863e-01,7.047868371009826660e-01,7.669908404350280762e-01,8.260865807533264160e-01,8.852210044860839844e-01,9.444772601127624512e-01
-2.441702634096145630e-01,-1.842047274112701416e-01,-1.241313591599464417e-01,nan,-3.689295845106244087e-03,5.677982047200202942e-02,1.169218793511390686e-01,1.772734075784683228e-01,2.373240143060684204e-01,2.974122464656829834e-01,3.573595881462097168e-01,4.170338213443756104e-01,4.767068624496459961e-01,5.367453098297119141e-01,5.962133407592773438e-01,6.548460125923156738e-01,7.080505490303039551e-01,7.674142718315124512e-01,8.265639543533325195e-01,8.859308362007141113e-01,9.453329443931579590e-01
-2.443873286247253418e-01,-1.843601912260055542e-01,-1.242686435580253601e-01,-6.411256641149520874e-02,-3.710127435624599457e-03,5.663298442959785461e-02,1.169567108154296875e-01,1.771628409624099731e-01,2.374168932437896729e-01,2.973274588584899902e-01,3.571555614471435547e-01,4.170605838298797607e-01,4.768899381160736084e-01,5.369690656661987305e-01,5.964351296424865723e-01,6.556977033615112305e-01,7.116305232048034668e-01,7.677569389343261719e-01,8.271219134330749512e-01,8.866453766822814941e-01,nan
-2.444890588521957397e-01,-1.845816820859909058e-01,-1.243895217776298523e-01,-6.422018259763717651e-02,-3.779530758038163185e-03,5.650540441274642944e-02,1.169723644852638245e-01,1.770929247140884399e-01,2.374371290206909180e-01,2.974253892898559570e-01,3.571938872337341309e-01,4.170446395874023438e-01,4.771228432655334473e-01,5.370934605598449707e-01,5.967096686363220215e-01,6.563507914543151855e-01,7.141409516334533691e-01,7.663413882255554199e-01,8.277117609977722168e-01,8.873646259307861328e-01,9.469301700592041016e-01
-2.446017563343048096e-01,-1.847674697637557983e-01,-1.246419250965118408e-01,-6.425639241933822632e-02,-3.947378601878881454e-03,5.649134144186973572e-02,1.168840602040290833e-01,1.771411448717117310e-01,2.372928559780120850e-01,2.974210381507873535e-01,3.572650849819183350e-01,4.171329140663146973e-01,4.773380458354949951e-01,5.371494293212890625e-01,5.969883799552917480e-01,nan,7.156586647033691406e-01,7.696838378906250000e-01,8.283088207244873047e-01,8.880655169486999512e-01,9.476794004440307617e-01
-2.448335587978363037e-01,-1.848004758358001709e-01,-1.247829571366310120e-01,-6.432701647281646729e-02,-4.059690516442060471e-03,nan,1.167417764663696289e-01,1.771906167268753052e-01,2.372558712959289551e-01,2.972193658351898193e-01,3.572062253952026367e-01,4.172905385494232178e-01,4.774996638298034668e-01,5.372503995895385742e-01,5.972718596458435059e-01,6.572065949440002441e-01,7.162156701087951660e-01,7.728419303894042969e-01,8.289079070091247559e-01,nan,9.484001994132995605e-01
-2.450515925884246826e-01,-1.848694086074829102e-01,-1.248315274715423584e-01,-6.449724733829498291e-02,-4.076344426721334457e-03,5.644038692116737366e-02,1.167189180850982666e-01,1.771203726530075073e-01,2.373229265213012695e-01,2.972590029239654541e-01,3.572105765342712402e-01,4.174779653549194336e-01,4.775553643703460693e-01,5.374274253845214844e-01,5.975640416145324707e-01,6.574079990386962891e-01,7.166410088539123535e-01,7.751277685165405273e-01,8.279401659965515137e-01,8.893911242485046387e-01,9.490947127342224121e-01
-2.451477795839309692e-01,-1.850972622632980347e-01,-1.249042674899101257e-01,-6.462287902832031250e-02,-4.092204384505748749e-03,5.628373473882675171e-02,1.167582422494888306e-01,1.769719719886779785e-01,2.372326403856277466e-01,2.972621917724609375e-01,3.573064506053924561e-01,4.176423847675323486e-01,4.775822162628173828e-01,5.376390814781188965e-01,5.978447794914245605e-01,6.574697494506835938e-01,7.170056700706481934e-01,nan,8.315936923027038574e-01,8.900163173675537109e-01,9.497614502906799316e-01
-2.452283948659896851e-01,-1.851923018693923950e-01,-1.250347644090652466e-01,-6.465788930654525757e-02,-4.205720964819192886e-03,5.622317269444465637e-02,1.167520508170127869e-01,1.769765466451644897e-01,2.370722889900207520e-01,2.971505224704742432e-01,3.574464917182922363e-01,4.177361726760864258e-01,4.776777029037475586e-01,5.378701090812683105e-01,5.980976223945617676e-01,6.575905680656433105e-01,nan,7.770190238952636719e-01,8.348444700241088867e-01,8.906190395355224609e-01,9.503991007804870605e-01
-2.454161942005157471e-01,-1.852885484695434570e-01,-1.250709146261215210e-01,-6.468300521373748779e-02,-4.347906447947025299e-03,5.623951926827430725e-02,1.165922954678535461e-01,1.770116537809371948e-01,2.371081560850143433e-01,2.971809804439544678e-01,3.575898110866546631e-01,4.177369773387908936e-01,4.778349995613098145e-01,5.381116271018981934e-01,5.983209013938903809e-01,6.577734947204589844e-01,7.177010774612426758e-01,7.775230407714843750e-01,nan,8.901271820068359375e-01,9.510112404823303223e-01
-2.456156462430953979e-01,-1.854597628116607666e-01,-1.250894516706466675e-01,-6.479241698980331421e-02,-4.382891114801168442e-03,5.624558404088020325e-02,1.165284141898155212e-01,1.768492311239242554e-01,2.370155900716781616e-01,2.972703874111175537e-01,3.576981127262115479e-01,4.177629947662353516e-01,4.780139923095703125e-01,5.383420586585998535e-01,5.984119176864624023e-01,6.579966545104980469e-01,7.180211544036865234e-01,nan,8.375946283340454102e-01,8.926371335983276367e-01,9.505712389945983887e-01
-2.457094490528106689e-01,-1.855608373880386353e-01,-1.251257956027984619e-01,-6.489168852567672729e-02,-4.378171637654304504e-03,5.611724033951759338e-02,1.165577992796897888e-01,1.767636388540267944e-01,2.369312494993209839e-01,2.973878979682922363e-01,3.577055633068084717e-01,4.178622663021087646e-01,nan,5.385591387748718262e-01,5.983738303184509277e-01,6.582470536231994629e-01,nan,7.783449292182922363e-01,8.381287455558776855e-01,8.953036665916442871e-01,9.539590477943420410e-01
-2.459368556737899780e-01,-1.856043636798858643e-01,-1.252502799034118652e-01,-6.486736983060836792e-02,nan,5.601605027914047241e-02,1.165398731827735901e-01,1.767827123403549194e-01,2.369842678308486938e-01,2.974923849105834961e-01,3.576977252960205078e-01,4.179935455322265625e-01,4.783988595008850098e-01,5.387545824050903320e-01,5.984216928482055664e-01,6.585053801536560059e-01,7.186217308044433594e-01,7.786929607391357422e-01,8.385896682739257812e-01,8.972556591033935547e-01,nan
