# 1st dimension: Re = np.logspace(np.log10(1.4e6), np.log10(1.05e7), 20); 2nd dimension: alpha = np.arange(-5., 5.5, .5)
-3.372754454612731934e-01,-2.849152386188507080e-01,-2.324165105819702148e-01,-1.800860315561294556e-01,-1.268792152404785156e-01,-7.862532138824462891e-02,-3.105636313557624817e-02,1.932979747653007507e-02,7.329520583152770996e-02,1.257156282663345337e-01,1.783195585012435913e-01,2.320137619972229004e-01,2.834033668041229248e-01,3.286701142787933350e-01,3.723868727684020996e-01,4.155234396457672119e-01,4.550379812717437744e-01,4.971405863761901855e-01,5.404638051986694336e-01,5.893576741218566895e-01,6.411289572715759277e-01
-3.388396501541137695e-01,-2.862703800201416016e-01,-2.331432700157165527e-01,-1.791679412126541138e-01,-1.274803876876831055e-01,-7.728115469217300415e-02,-2.912514843046665192e-02,2.171398140490055084e-02,7.460562884807586670e-02,1.260437965393066406e-01,1.789897829294204712e-01,2.318338751792907715e-01,nan,3.256490230560302734e-01,3.720055222511291504e-01,4.145932197570800781e-01,4.547601938247680664e-01,4.976227879524230957e-01,5.414806008338928223e-01,5.888108015060424805e-01,6.404890418052673340e-01
-3.403398990631103516e-01,-2.874026894569396973e-01,-2.333987951278686523e-01,-1.798808723688125610e-01,-1.272992193698883057e-01,-7.620846480131149292e-02,-2.688206359744071960e-02,2.342535927891731262e-02,7.566204667091369629e-02,1.265313774347305298e-01,1.802047938108444214e-01,2.324883937835693359e-01,2.813370823860168457e-01,3.248227238655090332e-01,3.702235519886016846e-01,4.133295714855194092e-01,4.542015790939331055e-01,4.987990856170654297e-01,5.438292622566223145e-01,5.918563008308410645e-01,6.428009867668151855e-01
-3.418908715248107910e-01,-2.883090674877166748e-01,-2.336354106664657593e-01,-1.806508004665374756e-01,-1.275975704193115234e-01,-7.571628689765930176e-02,-2.522665634751319885e-02,2.541646733880043030e-02,7.611543685197830200e-02,1.276179254055023193e-01,1.812224388122558594e-01,2.309548556804656982e-01,2.791627049446105957e-01,3.228854537010192871e-01,3.686220049858093262e-01,4.112196564674377441e-01,4.537742435932159424e-01,4.991635382175445557e-01,5.467820167541503906e-01,5.952410697937011719e-01,6.444802284240722656e-01
-3.433484435081481934e-01,-2.885923087596893311e-01,-2.344206273555755615e-01,-1.810256540775299072e-01,-1.279191076755523682e-01,-7.495583593845367432e-02,-2.346974797546863556e-02,2.698974683880805969e-02,7.748299837112426758e-02,1.282030940055847168e-01,1.793218106031417847e-01,2.292788475751876831e-01,2.784312963485717773e-01,3.225339353084564209e-01,3.675508201122283936e-01,4.096537828445434570e-01,4.551826417446136475e-01,5.013029575347900391e-01,5.492532849311828613e-01,5.979096889495849609e-01,6.464385986328125000e-01
-3.441077172756195068e-01,-2.896266877651214600e-01,-2.352600991725921631e-01,-1.814542561769485474e-01,-1.278582513332366943e-01,-7.479466497898101807e-02,-2.221622690558433533e-02,2.791978046298027039e-02,7.790417224168777466e-02,1.301279366016387939e-01,1.795541197061538696e-01,2.285072952508926392e-01,2.761629521846771240e-01,3.207095563411712646e-01,3.658851385116577148e-01,nan,4.551459550857543945e-01,5.024116039276123047e-01,5.512189865112304688e-01,6.003670692443847656e-01,6.501816511154174805e-01
-3.454496860504150391e-01,-2.905562520027160645e-01,-2.362250685691833496e-01,-1.822569817304611206e-01,-1.283005774021148682e-01,-7.406334578990936279e-02,-2.126993425190448761e-02,2.943377010524272919e-02,7.872296869754791260e-02,1.303819417953491211e-01,1.774357110261917114e-01,2.276033461093902588e-01,2.727196812629699707e-01,3.189011216163635254e-01,nan,4.093996882438659668e-01,4.565410614013671875e-01,5.041367411613464355e-01,5.539990663528442383e-01,6.033179759979248047e-01,6.532983779907226562e-01
-3.467039465904235840e-01,-2.915107607841491699e-01,-2.372313588857650757e-01,-1.833633333444595337e-01,-1.285248994827270508e-01,-7.384656369686126709e-02,-2.082763612270355225e-02,3.098181076347827911e-02,8.028113096952438354e-02,1.299048215150833130e-01,1.761183887720108032e-01,2.260764539241790771e-01,2.716223001480102539e-01,3.184362947940826416e-01,3.621603548526763916e-01,4.087101221084594727e-01,4.574550986289978027e-01,5.069203972816467285e-01,5.569332838058471680e-01,6.069330573081970215e-01,6.564413905143737793e-01
-3.477280437946319580e-01,-2.925173640251159668e-01,-2.383822053670883179e-01,-1.838219314813613892e-01,-1.286510825157165527e-01,-7.417090237140655518e-02,-1.990676112473011017e-02,3.137443959712982178e-02,8.129032701253890991e-02,1.300261914730072021e-01,1.754059493541717529e-01,2.249146848917007446e-01,2.701755464076995850e-01,3.163288235664367676e-01,3.616847097873687744e-01,nan,4.587180912494659424e-01,5.082784891128540039e-01,5.588371157646179199e-01,6.097615361213684082e-01,6.592044234275817871e-01
-3.486430048942565918e-01,-2.937657237052917480e-01,-2.394979000091552734e-01,-1.835579574108123779e-01,-1.286590993404388428e-01,-7.392309606075286865e-02,-1.977775245904922485e-02,nan,8.125182986259460449e-02,1.281770914793014526e-01,1.759627610445022583e-01,2.220326215028762817e-01,2.676693499088287354e-01,3.138228654861450195e-01,3.614658713340759277e-01,4.096110165119171143e-01,4.601758718490600586e-01,5.097734332084655762e-01,5.610031485557556152e-01,6.129353046417236328e-01,6.627767682075500488e-01
-3.496512770652770996e-01,-2.952747046947479248e-01,-2.399159818887710571e-01,-1.839214116334915161e-01,-1.288971155881881714e-01,-7.365169376134872437e-02,-1.991144195199012756e-02,3.259460628032684326e-02,8.203564584255218506e-02,1.263841092586517334e-01,1.748577505350112915e-01,2.194354385137557983e-01,2.655125558376312256e-01,3.121165037155151367e-01,3.606463670730590820e-01,4.105789661407470703e-01,4.612381160259246826e-01,5.118402838706970215e-01,5.629259347915649414e-01,6.148893237113952637e-01,6.659917235374450684e-01
-3.509145975112915039e-01,-2.963926494121551514e-01,-2.402840107679367065e-01,-1.844213306903839111e-01,-1.293210834264755249e-01,-7.402508705854415894e-02,-2.066236548125743866e-02,3.258887678384780884e-02,8.186583220958709717e-02,1.262123435735702515e-01,1.750612556934356689e-01,2.181822955608367920e-01,2.647315263748168945e-01,3.120982944965362549e-01,3.607407808303833008e-01,4.106674492359161377e-01,4.624797999858856201e-01,5.137755274772644043e-01,5.652696490287780762e-01,6.170596480369567871e-01,6.693135499954223633e-01
-3.521574735641479492e-01,-2.971335649490356445e-01,-2.407762408256530762e-01,-1.844818890094757080e-01,-1.297157108783721924e-01,-7.462218403816223145e-02,-2.109859883785247803e-02,3.105205669999122620e-02,8.013968169689178467e-02,1.252081990242004395e-01,nan,2.166711091995239258e-01,nan,3.109707832336425781e-01,3.599362075328826904e-01,4.121027290821075439e-01,4.637295305728912354e-01,5.157928466796875000e-01,5.679882764816284180e-01,6.193756461143493652e-01,6.720193028450012207e-01
-3.530858159065246582e-01,-2.977464497089385986e-01,-2.413265854120254517e-01,-1.844534426927566528e-01,-1.297934800386428833e-01,-7.543178647756576538e-02,-2.066982910037040710e-02,3.029213100671768188e-02,7.861566543579101562e-02,1.261190623044967651e-01,1.711672991514205933e-01,2.146257609128952026e-01,2.615587115287780762e-01,3.101016879081726074e-01,3.613536357879638672e-01,4.128655791282653809e-01,4.639145731925964355e-01,5.170644521713256836e-01,5.699092745780944824e-01,6.215450763702392578e-01,6.743043065071105957e-01
-3.539049625396728516e-01,-2.981959581375122070e-01,-2.419071942567825317e-01,-1.849129498004913330e-01,-1.300993114709854126e-01,-7.615116238594055176e-02,-2.083241194486618042e-02,2.769509144127368927e-02,7.769522070884704590e-02,1.248058602213859558e-01,1.691899001598358154e-01,2.144204229116439819e-01,2.610317766666412354e-01,3.108334839344024658e-01,3.615674972534179688e-01,4.128806591033935547e-01,4.652438759803771973e-01,5.181929469108581543e-01,5.718338489532470703e-01,6.244157552719116211e-01,6.763823628425598145e-01
-3.547178208827972412e-01,-2.985756397247314453e-01,-2.425356209278106689e-01,-1.856847256422042847e-01,-1.312897503376007080e-01,-7.626866549253463745e-02,-2.360391989350318909e-02,2.549137361347675323e-02,7.571936398744583130e-02,1.252288669347763062e-01,1.668263077735900879e-01,nan,2.609824836254119873e-01,3.101540505886077881e-01,3.618623912334442139e-01,4.139653146266937256e-01,4.658759236335754395e-01,5.198718905448913574e-01,5.732669830322265625e-01,6.265799403190612793e-01,6.780320405960083008e-01
-3.554798364639282227e-01,-2.990027368068695068e-01,-2.432740479707717896e-01,-1.867919713258743286e-01,-1.321613192558288574e-01,-7.664182037115097046e-02,-2.515400573611259460e-02,2.455797046422958374e-02,7.363920658826828003e-02,1.235369071364402771e-01,1.660698801279067993e-01,2.141881883144378662e-01,2.606016099452972412e-01,3.109243512153625488e-01,3.635129332542419434e-01,4.159816205501556396e-01,4.661973118782043457e-01,5.217566490173339844e-01,5.746305584907531738e-01,nan,nan
nan,-2.995869815349578857e-01,-2.442308217287063599e-01,-1.880298554897308350e-01,-1.317379623651504517e-01,-7.825702428817749023e-02,-2.819827944040298462e-02,2.406402118504047394e-02,7.265253365039825439e-02,1.213309317827224731e-01,1.663268059492111206e-01,2.140240669250488281e-01,2.610251307487487793e-01,3.119980990886688232e-01,3.638120591640472412e-01,4.160834252834320068e-01,4.674097597599029541e-01,5.234004259109497070e-01,5.763976573944091797e-01,6.308964490890502930e-01,6.828981041908264160e-01
nan,-3.004020750522613525e-01,-2.453934550285339355e-01,-1.888570487499237061e-01,-1.319144368171691895e-01,-7.945967465639114380e-02,-3.048634715378284454e-02,2.198683284223079681e-02,7.000833749771118164e-02,1.191439405083656311e-01,1.642925441265106201e-01,2.148741930723190308e-01,2.611774504184722900e-01,3.131216168403625488e-01,3.641872704029083252e-01,4.171464443206787109e-01,4.691907763481140137e-01,5.245671868324279785e-01,5.782558917999267578e-01,6.323944330215454102e-01,6.854038834571838379e-01
-3.577950298786163330e-01,-3.015900552272796631e-01,-2.463463842868804932e-01,-1.889697760343551636e-01,-1.329296082258224487e-01,-8.265757560729980469e-02,-3.282126411795616150e-02,1.978150010108947754e-02,6.890282779932022095e-02,1.159312725067138672e-01,1.640645265579223633e-01,2.139178812503814697e-01,2.619262635707855225e-01,nan,3.657828569412231445e-01,4.182409346103668213e-01,4.708770811557769775e-01,nan,5.799663066864013672e-01,6.338722109794616699e-01,6.873794794082641602e-01
