# 1st dimension: Re = np.logspace(np.log10(1.4e6), np.log10(1.05e7), 20); 2nd dimension: alpha = np.arange(-5., 5.5, .5)
-1.500175148248672485e-01,-1.133748143911361694e-01,-6.803730130195617676e-02,-2.222801558673381805e-02,2.590607106685638428e-02,7.930529862642288208e-02,1.262562274932861328e-01,1.798259466886520386e-01,2.276567220687866211e-01,2.772728502750396729e-01,3.271068036556243896e-01,nan,4.423002004623413086e-01,4.941472113132476807e-01,5.440517067909240723e-01,5.935701727867126465e-01,nan,6.742072701454162598e-01,7.043850421905517578e-01,7.503092288970947266e-01,nan
-1.499592512845993042e-01,-1.132466495037078857e-01,-6.779733300209045410e-02,nan,2.561682648956775665e-02,8.003429323434829712e-02,1.272033601999282837e-01,1.809721738100051880e-01,2.288875132799148560e-01,2.770655453205108643e-01,3.275053203105926514e-01,nan,nan,nan,5.456810593605041504e-01,5.953436493873596191e-01,6.350482106208801270e-01,6.762955784797668457e-01,7.066171169281005859e-01,nan,nan
-1.498689800500869751e-01,-1.131858155131340027e-01,-6.758813560009002686e-02,-2.103983983397483826e-02,nan,8.077978342771530151e-02,1.277083307504653931e-01,1.822190731763839722e-01,2.301972508430480957e-01,2.781520187854766846e-01,3.286681175231933594e-01,3.788357675075531006e-01,4.387499392032623291e-01,4.966685175895690918e-01,nan,5.970454216003417969e-01,6.353325843811035156e-01,6.785376071929931641e-01,7.088072896003723145e-01,7.559460997581481934e-01,nan
nan,nan,-6.742209941148757935e-02,-2.077068388462066650e-02,2.612050808966159821e-02,8.065772056579589844e-02,1.282071322202682495e-01,nan,nan,nan,nan,3.783491849899291992e-01,4.380949437618255615e-01,4.977568686008453369e-01,5.487838387489318848e-01,5.986662507057189941e-01,6.352823376655578613e-01,6.802545189857482910e-01,7.112164497375488281e-01,7.575889229774475098e-01,nan
nan,nan,nan,nan,nan,8.088588714599609375e-02,1.287569105625152588e-01,nan,nan,nan,nan,nan,nan,nan,nan,nan,nan,nan,nan,nan,nan
nan,nan,nan,nan,nan,8.133239299058914185e-02,1.293274462223052979e-01,nan,nan,nan,nan,3.800530135631561279e-01,4.372286200523376465e-01,4.963693916797637939e-01,5.516102313995361328e-01,6.007040739059448242e-01,6.372832655906677246e-01,6.782451272010803223e-01,7.157140970230102539e-01,nan,nan
nan,nan,nan,nan,nan,8.179046958684921265e-02,1.299183666706085205e-01,1.844109296798706055e-01,nan,nan,nan,3.824727833271026611e-01,4.389392733573913574e-01,4.955438971519470215e-01,5.518652796745300293e-01,5.964999794960021973e-01,6.396204829216003418e-01,6.793569326400756836e-01,7.211629748344421387e-01,nan,nan
nan,nan,nan,nan,nan,8.225246518850326538e-02,1.305522173643112183e-01,1.823858916759490967e-01,nan,nan,nan,3.807096481323242188e-01,4.393504858016967773e-01,4.958075582981109619e-01,5.534456968307495117e-01,5.985116362571716309e-01,6.405969262123107910e-01,6.794058680534362793e-01,7.202332019805908203e-01,7.669881582260131836e-01,nan
nan,nan,nan,nan,nan,8.269094675779342651e-02,1.312789320945739746e-01,1.816970407962799072e-01,2.342702150344848633e-01,nan,nan,3.817149102687835693e-01,nan,4.953189790248870850e-01,5.522133111953735352e-01,5.984745621681213379e-01,nan,nan,7.223852872848510742e-01,7.692787647247314453e-01,nan
nan,nan,nan,nan,nan,8.312256634235382080e-02,1.319634616374969482e-01,1.820141822099685669e-01,2.334057837724685669e-01,nan,nan,nan,nan,nan,nan,nan,nan,nan,nan,nan,nan
nan,nan,nan,nan,nan,8.354659378528594971e-02,1.325203180313110352e-01,nan,2.335394024848937988e-01,nan,nan,nan,nan,nan,nan,5.969088673591613770e-01,6.453831791877746582e-01,6.792961955070495605e-01,7.264833450317382812e-01,7.737610340118408203e-01,nan
nan,nan,nan,nan,nan,8.396492898464202881e-02,1.330409348011016846e-01,1.830623745918273926e-01,2.339793443679809570e-01,2.849602401256561279e-01,nan,3.847235739231109619e-01,4.383151233196258545e-01,4.958247840404510498e-01,5.529855489730834961e-01,5.976434946060180664e-01,6.467652916908264160e-01,6.808681488037109375e-01,7.284639477729797363e-01,7.759401202201843262e-01,nan
nan,nan,nan,nan,nan,8.437279611825942993e-02,1.335577815771102905e-01,1.836302876472473145e-01,2.345282584428787231e-01,2.852971553802490234e-01,nan,3.857438564300537109e-01,4.389312565326690674e-01,4.971889555454254150e-01,5.530437231063842773e-01,5.989252328872680664e-01,6.474248766899108887e-01,6.823956966400146484e-01,7.303951382637023926e-01,7.780793309211730957e-01,nan
nan,nan,nan,nan,nan,8.479218184947967529e-02,1.340692043304443359e-01,1.841929107904434204e-01,2.351029813289642334e-01,nan,nan,3.867566287517547607e-01,4.399222433567047119e-01,4.983056485652923584e-01,5.527694821357727051e-01,6.002702116966247559e-01,6.453216671943664551e-01,6.840193271636962891e-01,7.322900891304016113e-01,7.801757454872131348e-01,nan
nan,nan,nan,nan,nan,8.519959449768066406e-02,1.345750987529754639e-01,1.847367733716964722e-01,2.356949746608734131e-01,nan,nan,3.877414166927337646e-01,4.409291148185729980e-01,4.994100928306579590e-01,5.527563095092773438e-01,nan,6.449104547500610352e-01,6.856766939163208008e-01,7.341709136962890625e-01,7.822280526161193848e-01,nan
nan,nan,nan,nan,nan,nan,nan,1.852736622095108032e-01,2.362907081842422485e-01,2.872285842895507812e-01,3.379731178283691406e-01,3.887035250663757324e-01,4.419173300266265869e-01,5.004832744598388672e-01,5.531902313232421875e-01,nan,6.450121998786926270e-01,6.873338818550109863e-01,7.360143661499023438e-01,7.842352390289306641e-01,nan
nan,nan,nan,nan,3.500778973102569580e-02,8.595301210880279541e-02,nan,1.858019083738327026e-01,2.368828952312469482e-01,2.879076600074768066e-01,3.387917578220367432e-01,nan,nan,nan,nan,nan,nan,nan,nan,nan,nan
nan,nan,nan,nan,3.527488559484481812e-02,8.631046861410140991e-02,1.368862837553024292e-01,1.863189041614532471e-01,2.374680042266845703e-01,nan,3.396009802818298340e-01,3.903532922267913818e-01,nan,5.010275840759277344e-01,5.530326962471008301e-01,6.034688949584960938e-01,nan,6.903512477874755859e-01,7.394733428955078125e-01,7.881857752799987793e-01,nan
nan,nan,nan,nan,3.553102165460586548e-02,8.665797859430313110e-02,1.374116241931915283e-01,1.868256479501724243e-01,2.380452454090118408e-01,2.892659008502960205e-01,3.403929173946380615e-01,3.914868533611297607e-01,4.436828196048736572e-01,5.033597350120544434e-01,5.556805133819580078e-01,6.064013838768005371e-01,6.486452817916870117e-01,6.922041177749633789e-01,7.413152456283569336e-01,nan,nan
nan,nan,nan,nan,3.577577322721481323e-02,8.699606359004974365e-02,1.379378437995910645e-01,1.873367875814437866e-01,2.386207729578018188e-01,2.899335026741027832e-01,3.411690294742584229e-01,3.923731446266174316e-01,4.445463120937347412e-01,5.041861534118652344e-01,5.566644072532653809e-01,6.074627637863159180e-01,6.455222964286804199e-01,6.937483549118041992e-01,7.430040836334228516e-01,7.918353676795959473e-01,nan
