# 1st dimension: Re = np.logspace(np.log10(1.4e6), np.log10(1.05e7), 20); 2nd dimension: alpha = np.arange(-5., 5.5, .5)
-5.416867733001708984e-01,-4.926089644432067871e-01,-4.413475990295410156e-01,-3.897153735160827637e-01,-3.343746066093444824e-01,-2.798070907592773438e-01,-2.237197309732437134e-01,-1.680933833122253418e-01,-1.120104193687438965e-01,-5.615146830677986145e-02,2.167393104173243046e-04,5.615147948265075684e-02,1.120104715228080750e-01,1.680935025215148926e-01,2.237199395895004272e-01,2.798074185848236084e-01,3.343750834465026855e-01,3.897160589694976807e-01,4.413486123085021973e-01,4.926104545593261719e-01,5.416889190673828125e-01
-5.437178015708923340e-01,-4.932627379894256592e-01,-4.423886537551879883e-01,-3.905539810657501221e-01,-3.349616527557373047e-01,-2.801578938961029053e-01,-2.242268621921539307e-01,-1.683287769556045532e-01,-1.122720614075660706e-01,-5.625057592988014221e-02,nan,5.625058710575103760e-02,1.122721061110496521e-01,1.683288812637329102e-01,2.242270559072494507e-01,2.801581919193267822e-01,3.349621295928955078e-01,3.905546069145202637e-01,4.423896074295043945e-01,4.932641983032226562e-01,5.437197685241699219e-01
-5.448654294013977051e-01,-4.945316016674041748e-01,-4.420276880264282227e-01,-3.908421397209167480e-01,-3.360702395439147949e-01,-2.805071175098419189e-01,-2.246565669775009155e-01,-1.686057001352310181e-01,-1.124739646911621094e-01,-5.627925693988800049e-02,-2.355509204789996147e-04,5.627927184104919434e-02,1.124740093946456909e-01,1.686058044433593750e-01,2.246567457914352417e-01,2.805073857307434082e-01,3.360706567764282227e-01,3.908427357673645020e-01,4.420287013053894043e-01,4.945330023765563965e-01,5.448673963546752930e-01
-5.454817414283752441e-01,-4.944896996021270752e-01,-4.427395761013031006e-01,-3.912534713745117188e-01,-3.368106186389923096e-01,-2.808943688869476318e-01,-2.249605804681777954e-01,-1.688945889472961426e-01,-1.127088665962219238e-01,-5.628194659948348999e-02,2.753364425345239397e-09,5.628195405006408691e-02,1.127089038491249084e-01,1.688946783542633057e-01,2.249607443809509277e-01,2.808946073055267334e-01,3.368110060691833496e-01,3.912540376186370850e-01,4.427405297756195068e-01,4.944911003112792969e-01,5.454836487770080566e-01
-5.466290712356567383e-01,-4.953522980213165283e-01,-4.428511559963226318e-01,-3.918963074684143066e-01,-3.372036218643188477e-01,-2.812681794166564941e-01,-2.252638787031173706e-01,-1.690151840448379517e-01,-1.129783317446708679e-01,-5.632240697741508484e-02,8.443951649006464777e-10,5.632241442799568176e-02,1.129783689975738525e-01,1.690152585506439209e-01,2.252640277147293091e-01,2.812684178352355957e-01,3.372039794921875000e-01,3.918968141078948975e-01,4.428520798683166504e-01,4.953536391258239746e-01,5.466309785842895508e-01
-5.466430783271789551e-01,-4.950842261314392090e-01,-4.431787431240081787e-01,-3.917040824890136719e-01,-3.376524150371551514e-01,-2.815669178962707520e-01,-2.255599647760391235e-01,-1.692246496677398682e-01,-1.131302043795585632e-01,-5.639460682868957520e-02,1.455043308062897722e-09,5.639461427927017212e-02,1.131302341818809509e-01,1.692247241735458374e-01,2.255600988864898682e-01,2.815671563148498535e-01,3.376527428627014160e-01,3.917045593261718750e-01,4.431796371936798096e-01,4.950855970382690430e-01,5.466449856758117676e-01
-5.476724505424499512e-01,-4.953047931194305420e-01,-4.429764747619628906e-01,-3.918386995792388916e-01,-3.380704820156097412e-01,-2.819486558437347412e-01,-2.257469743490219116e-01,-1.696332842111587524e-01,-1.130869090557098389e-01,-5.647769570350646973e-02,1.434798905393108726e-04,5.647770315408706665e-02,1.130869463086128235e-01,1.696333587169647217e-01,2.257471084594726562e-01,2.819488644599914551e-01,3.380708098411560059e-01,3.918392062187194824e-01,4.429773390293121338e-01,4.953061342239379883e-01,5.476742982864379883e-01
-5.481678247451782227e-01,nan,-4.432843327522277832e-01,-3.913518190383911133e-01,-3.382731676101684570e-01,-2.823641300201416016e-01,-2.258256077766418457e-01,-1.700878739356994629e-01,-1.130236685276031494e-01,-5.656752362847328186e-02,nan,5.656753107905387878e-02,1.130237057805061340e-01,1.700879484415054321e-01,2.258257418870925903e-01,2.823643386363983154e-01,3.382734656333923340e-01,3.913522362709045410e-01,4.432851970195770264e-01,nan,5.481697320938110352e-01
-5.491757392883300781e-01,nan,-4.429461359977722168e-01,-3.915495574474334717e-01,-3.385661840438842773e-01,-2.826374471187591553e-01,-2.260578423738479614e-01,-1.701718270778656006e-01,-1.131478175520896912e-01,nan,nan,5.663078278303146362e-02,1.131478399038314819e-01,1.701718866825103760e-01,2.260579615831375122e-01,2.826376259326934814e-01,3.385664522647857666e-01,3.915500342845916748e-01,4.429470002651214600e-01,nan,5.491775274276733398e-01
-5.504411458969116211e-01,-4.957064688205718994e-01,nan,-3.914712369441986084e-01,-3.390984237194061279e-01,-2.826875746250152588e-01,-2.265754044055938721e-01,-1.699269562959671021e-01,-1.134043782949447632e-01,nan,nan,5.664467811584472656e-02,1.134044006466865540e-01,1.699270159006118774e-01,2.265755087137222290e-01,2.826877534389495850e-01,3.390986919403076172e-01,3.914716839790344238e-01,nan,4.957077503204345703e-01,5.504428744316101074e-01
-5.502313375473022461e-01,-4.961762726306915283e-01,-4.426864683628082275e-01,-3.912020325660705566e-01,-3.397084176540374756e-01,-2.827443182468414307e-01,-2.271152585744857788e-01,-1.698454320430755615e-01,-1.137726977467536926e-01,-5.662851408123970032e-02,4.143734244621555263e-10,5.662851780652999878e-02,1.137727200984954834e-01,1.698454767465591431e-01,2.271153479814529419e-01,2.827444672584533691e-01,3.397086560726165771e-01,3.912025094032287598e-01,4.426872730255126953e-01,4.961775541305541992e-01,5.502330064773559570e-01
-5.512396693229675293e-01,-4.967409372329711914e-01,nan,-3.915611803531646729e-01,-3.398472368717193604e-01,-2.830150723457336426e-01,-2.271144688129425049e-01,-1.700247824192047119e-01,-1.139202043414115906e-01,-5.671289190649986267e-02,3.954996330435278651e-09,5.671289563179016113e-02,1.139202192425727844e-01,1.700248420238494873e-01,2.271145582199096680e-01,2.830152213573455811e-01,3.398474454879760742e-01,3.915616273880004883e-01,nan,4.967421293258666992e-01,5.512412786483764648e-01
nan,nan,nan,nan,nan,nan,nan,nan,nan,nan,nan,nan,nan,nan,nan,nan,nan,nan,nan,nan,nan
-5.529521107673645020e-01,-4.974971115589141846e-01,-4.427788257598876953e-01,-3.915322124958038330e-01,-3.396284878253936768e-01,-2.842599749565124512e-01,-2.267977297306060791e-01,-1.708518862724304199e-01,-1.135211810469627380e-01,-5.732345581054687500e-02,-2.911303698116540772e-10,5.732345953583717346e-02,1.135212033987045288e-01,1.708519309759140015e-01,2.267978042364120483e-01,2.842600941658020020e-01,3.396286666393280029e-01,3.915326297283172607e-01,4.427796006202697754e-01,4.974982142448425293e-01,5.529534816741943359e-01
nan,nan,nan,nan,nan,nan,nan,nan,nan,nan,nan,nan,nan,nan,nan,nan,nan,nan,nan,nan,nan
-5.545235872268676758e-01,-4.988886713981628418e-01,-4.441490769386291504e-01,-3.910375535488128662e-01,-3.406936228275299072e-01,-2.841286659240722656e-01,-2.276594042778015137e-01,-1.705224961042404175e-01,nan,nan,nan,5.714388191699981689e-02,1.138720065355300903e-01,1.705225259065628052e-01,2.276594787836074829e-01,2.841287851333618164e-01,3.406937718391418457e-01,3.910379409790039062e-01,4.441497921943664551e-01,4.988896548748016357e-01,5.545247793197631836e-01
-5.553925633430480957e-01,-4.995784163475036621e-01,nan,-3.912712633609771729e-01,-3.410147726535797119e-01,-2.839941680431365967e-01,-2.280305922031402588e-01,nan,nan,nan,nan,5.696547776460647583e-02,1.143488287925720215e-01,1.704021692276000977e-01,2.280306518077850342e-01,2.839942574501037598e-01,3.410149216651916504e-01,3.912715911865234375e-01,nan,4.995793104171752930e-01,5.553936958312988281e-01
nan,nan,nan,nan,nan,nan,nan,nan,nan,nan,nan,nan,nan,nan,nan,nan,nan,nan,nan,nan,nan
-5.566857457160949707e-01,-5.011630654335021973e-01,-4.449428021907806396e-01,-3.916136324405670166e-01,-3.407893478870391846e-01,-2.848228216171264648e-01,-2.274482101202011108e-01,-1.709620505571365356e-01,-1.139036491513252258e-01,-5.702048167586326599e-02,3.225155031927329219e-09,5.702048167586326599e-02,1.139036566019058228e-01,1.709620803594589233e-01,2.274482697248458862e-01,2.848229110240936279e-01,3.407894968986511230e-01,3.916139900684356689e-01,4.449434280395507812e-01,5.011638402938842773e-01,5.566866993904113770e-01
-5.576760172843933105e-01,-5.016528964042663574e-01,-4.456833600997924805e-01,nan,-3.412525355815887451e-01,-2.847917675971984863e-01,-2.273891270160675049e-01,-1.710796952247619629e-01,-1.137616857886314392e-01,-5.722607672214508057e-02,-3.688126914980216497e-09,5.722608789801597595e-02,1.137617006897926331e-01,1.710797250270843506e-01,2.273891717195510864e-01,2.847918272018432617e-01,3.412526547908782959e-01,nan,4.456839263439178467e-01,5.016536116600036621e-01,5.576769113540649414e-01
