# 1st dimension: Re = np.logspace(np.log10(1.4e6), np.log10(1.05e7), 20); 2nd dimension: alpha = np.arange(-5., 5.5, .5)
-4.097020924091339111e-01,nan,-3.118470311164855957e-01,-2.585896849632263184e-01,-2.039507627487182617e-01,-1.487716734409332275e-01,-9.423983842134475708e-02,-3.906857967376708984e-02,6.541368085891008377e-03,5.679054558277130127e-02,1.115772798657417297e-01,1.655366867780685425e-01,2.193509936332702637e-01,2.727316319942474365e-01,3.250613808631896973e-01,3.631433546543121338e-01,4.112825989723205566e-01,4.749676883220672607e-01,5.438040494918823242e-01,6.137792468070983887e-01,6.730516552925109863e-01
nan,nan,-3.133827745914459229e-01,-2.596091926097869873e-01,-2.054987698793411255e-01,-1.498747915029525757e-01,-9.475293755531311035e-02,-3.990646451711654663e-02,7.340179290622472763e-03,5.748405307531356812e-02,1.116218864917755127e-01,nan,nan,nan,nan,nan,nan,nan,nan,nan,nan
3.377174213528633118e-02,nan,nan,-2.608787715435028076e-01,-2.062120139598846436e-01,-1.513231843709945679e-01,-9.546085447072982788e-02,-4.042114317417144775e-02,7.561177015304565430e-03,5.769546329975128174e-02,1.119497418403625488e-01,nan,nan,nan,nan,nan,nan,nan,nan,nan,nan
-4.161209762096405029e-01,-3.640295565128326416e-01,nan,-2.625013291835784912e-01,-2.070718258619308472e-01,nan,-9.651030600070953369e-02,-4.098974168300628662e-02,7.657163310796022415e-03,5.813636630773544312e-02,1.120844185352325439e-01,1.665704548358917236e-01,2.206657081842422485e-01,2.750133275985717773e-01,3.273086845874786377e-01,3.649922311305999756e-01,4.160947203636169434e-01,4.687138497829437256e-01,5.307513475418090820e-01,nan,6.660982966423034668e-01
-4.188235402107238770e-01,-3.681855499744415283e-01,nan,-2.635245919227600098e-01,-2.082761228084564209e-01,nan,-9.753950685262680054e-02,-4.183005541563034058e-02,8.104174397885799408e-03,5.882336199283599854e-02,1.121166869997978210e-01,1.673630177974700928e-01,2.214261293411254883e-01,2.752892374992370605e-01,3.266122639179229736e-01,3.663007915019989014e-01,4.189575016498565674e-01,4.706213772296905518e-01,5.267416238784790039e-01,nan,6.613789796829223633e-01
nan,-3.700565993785858154e-01,-3.187825381755828857e-01,-2.643308043479919434e-01,-2.094780951738357544e-01,nan,-9.797960519790649414e-02,-4.271898046135902405e-02,8.343045599758625031e-03,6.000491976737976074e-02,1.120088174939155579e-01,1.673019677400588989e-01,2.220776379108428955e-01,2.763757109642028809e-01,3.262975215911865234e-01,3.679684400558471680e-01,4.206747114658355713e-01,4.733290970325469971e-01,5.262464880943298340e-01,nan,nan
nan,nan,nan,-2.653414905071258545e-01,-2.100539058446884155e-01,nan,-9.869457781314849854e-02,-4.308609664440155029e-02,7.756502833217382431e-03,6.089939177036285400e-02,1.123257130384445190e-01,nan,nan,nan,nan,nan,nan,nan,nan,nan,nan
nan,nan,nan,nan,nan,nan,-9.968113154172897339e-02,-4.348365589976310730e-02,8.077074773609638214e-03,6.127424910664558411e-02,1.127693355083465576e-01,1.679181605577468872e-01,2.224795818328857422e-01,2.765959501266479492e-01,3.251275420188903809e-01,3.703544437885284424e-01,4.243439137935638428e-01,4.777688086032867432e-01,5.306069254875183105e-01,nan,nan
nan,nan,nan,nan,-2.119097560644149780e-01,nan,-1.001914665102958679e-01,-4.424599185585975647e-02,8.161987178027629852e-03,6.183579936623573303e-02,1.125003769993782043e-01,1.677192449569702148e-01,2.229783236980438232e-01,2.760806381702423096e-01,3.259271681308746338e-01,3.718563020229339600e-01,4.261666238307952881e-01,4.796741902828216553e-01,5.326799750328063965e-01,5.846607685089111328e-01,nan
nan,nan,nan,nan,-2.125350683927536011e-01,nan,-1.005551069974899292e-01,-4.500394687056541443e-02,8.046950213611125946e-03,6.218926608562469482e-02,1.130886077880859375e-01,1.675252467393875122e-01,2.232377529144287109e-01,2.761761844158172607e-01,3.255941569805145264e-01,3.729093372821807861e-01,4.273212254047393799e-01,4.815571606159210205e-01,5.352000594139099121e-01,nan,6.423253417015075684e-01
nan,nan,nan,nan,nan,-1.574393361806869507e-01,-1.011687591671943665e-01,-4.529422149062156677e-02,7.928027771413326263e-03,6.188935413956642151e-02,1.136927083134651184e-01,1.680700033903121948e-01,2.232283800840377808e-01,2.757302522659301758e-01,nan,3.742790520191192627e-01,4.288640618324279785e-01,4.832689166069030762e-01,5.367285013198852539e-01,5.900973677635192871e-01,6.412740945816040039e-01
nan,nan,nan,nan,nan,-1.578037738800048828e-01,-1.019858196377754211e-01,-4.589077457785606384e-02,nan,6.191107630729675293e-02,1.141606643795967102e-01,1.682022809982299805e-01,2.233962118625640869e-01,2.749720513820648193e-01,3.261679708957672119e-01,3.751028478145599365e-01,4.300209581851959229e-01,4.846916198730468750e-01,5.388972163200378418e-01,5.925093889236450195e-01,nan
nan,nan,nan,nan,nan,-1.584126949310302734e-01,-1.024220660328865051e-01,-4.668642953038215637e-02,8.083420805633068085e-03,6.215405091643333435e-02,1.146849617362022400e-01,1.680573821067810059e-01,2.231157571077346802e-01,2.749508917331695557e-01,3.269656598567962646e-01,3.762288689613342285e-01,4.313876628875732422e-01,4.859397709369659424e-01,5.402426719665527344e-01,5.940731763839721680e-01,6.471941471099853516e-01
nan,nan,nan,nan,-2.150210142135620117e-01,-1.592212170362472534e-01,-1.027968749403953552e-01,-4.701274260878562927e-02,nan,6.232880800962448120e-02,1.155806556344032288e-01,1.682647019624710083e-01,2.230077832937240601e-01,2.745122611522674561e-01,3.267304301261901855e-01,3.772235810756683350e-01,4.324233829975128174e-01,4.873173832893371582e-01,5.420054793357849121e-01,5.959941148757934570e-01,6.494315266609191895e-01
nan,nan,nan,nan,-2.155667841434478760e-01,-1.596821993589401245e-01,-1.036415025591850281e-01,-4.729836434125900269e-02,7.679217495024204254e-03,6.195945292711257935e-02,1.159646958112716675e-01,1.684470027685165405e-01,2.220848202705383301e-01,2.739033699035644531e-01,3.271477520465850830e-01,3.781209886074066162e-01,4.334653317928314209e-01,nan,5.431618094444274902e-01,5.973730087280273438e-01,6.513619422912597656e-01
nan,nan,nan,nan,-2.165087610483169556e-01,-1.599934846162796021e-01,-1.042275205254554749e-01,-4.807550832629203796e-02,7.620262913405895233e-03,6.194444745779037476e-02,1.161300018429756165e-01,1.689478605985641479e-01,2.222930341958999634e-01,2.738773524761199951e-01,3.272437155246734619e-01,3.792122900485992432e-01,4.345211684703826904e-01,4.896690845489501953e-01,5.446169972419738770e-01,5.990818738937377930e-01,6.533290147781372070e-01
nan,nan,nan,nan,-2.170108258724212646e-01,-1.606490015983581543e-01,-1.045025512576103210e-01,-4.866261407732963562e-02,6.997243035584688187e-03,6.207937002182006836e-02,1.165821105241775513e-01,1.686669141054153442e-01,2.217730730772018433e-01,2.739198803901672363e-01,3.275052607059478760e-01,3.799427747726440430e-01,4.352332353591918945e-01,4.905737042427062988e-01,5.455181002616882324e-01,6.002349853515625000e-01,6.546337604522705078e-01
nan,nan,nan,-2.737102806568145752e-01,-2.173582166433334351e-01,-1.614179909229278564e-01,-1.051635742187500000e-01,-4.890702292323112488e-02,6.565370131283998489e-03,6.166934221982955933e-02,1.167041733860969543e-01,1.692826747894287109e-01,2.219205200672149658e-01,2.742197513580322266e-01,3.276818394660949707e-01,3.810108900070190430e-01,nan,4.918103218078613281e-01,5.468358993530273438e-01,6.017876267433166504e-01,6.562551856040954590e-01
nan,nan,nan,-2.743585705757141113e-01,-2.180143743753433228e-01,-1.617617011070251465e-01,-1.058368384838104248e-01,-4.969182983040809631e-02,6.414687260985374451e-03,6.141866743564605713e-02,1.166295707225799561e-01,1.693062335252761841e-01,2.220244109630584717e-01,2.742200195789337158e-01,3.282191455364227295e-01,3.815962672233581543e-01,4.371121227741241455e-01,4.925638437271118164e-01,5.476958155632019043e-01,6.027904748916625977e-01,6.573945879936218262e-01
nan,nan,nan,-2.747822701930999756e-01,-2.187455892562866211e-01,-1.623343527317047119e-01,-1.061236187815666199e-01,-5.022418498992919922e-02,6.447261199355125427e-03,6.132277101278305054e-02,1.163966134190559387e-01,1.691573113203048706e-01,2.220393419265747070e-01,nan,3.287779688835144043e-01,3.823569715023040771e-01,nan,4.936639368534088135e-01,5.489563345909118652e-01,6.041350364685058594e-01,6.588902473449707031e-01
