# 1st dimension: Re = np.logspace(np.log10(1.4e6), np.log10(1.05e7), 20); 2nd dimension: alpha = np.arange(-5., 5.5, .5)
nan,-6.365780830383300781e-01,-5.845488309860229492e-01,-5.310761332511901855e-01,-4.771362543106079102e-01,-4.221709072589874268e-01,-3.673730492591857910e-01,-3.305098414421081543e-01,-2.813486754894256592e-01,-2.278143763542175293e-01,-1.752035170793533325e-01,-1.227233633399009705e-01,-6.936342269182205200e-02,-1.586774922907352448e-02,3.658645600080490112e-02,1.003791764378547668e-01,1.689565181732177734e-01,2.266844511032104492e-01,2.989227473735809326e-01,3.671747446060180664e-01,4.276751875877380371e-01
nan,-6.388003826141357422e-01,-5.873786211013793945e-01,-5.332076549530029297e-01,-4.789430797100067139e-01,-4.240929782390594482e-01,-3.688556849956512451e-01,-3.294981420040130615e-01,-2.811484038829803467e-01,-2.278263270854949951e-01,-1.747892051935195923e-01,-1.216388121247291565e-01,-6.941305100917816162e-02,-1.625638082623481750e-02,3.358559310436248779e-02,9.734288603067398071e-02,1.639047563076019287e-01,2.192787975072860718e-01,2.913624644279479980e-01,3.601955175399780273e-01,4.208062887191772461e-01
-6.880519390106201172e-01,nan,-5.892865061759948730e-01,-5.354068279266357422e-01,-4.806884527206420898e-01,-4.258022010326385498e-01,-3.704716861248016357e-01,-3.284031152725219727e-01,-2.816227972507476807e-01,-2.274390310049057007e-01,-1.739818304777145386e-01,-1.214407533407211304e-01,-6.835554540157318115e-02,-1.648139767348766327e-02,3.184348717331886292e-02,9.123651683330535889e-02,1.574413478374481201e-01,2.146711647510528564e-01,2.840687930583953857e-01,3.532109260559082031e-01,4.166871309280395508e-01
nan,nan,-5.912415385246276855e-01,-5.373408794403076172e-01,nan,-4.272128641605377197e-01,-3.720196187496185303e-01,-3.279881179332733154e-01,-2.812934815883636475e-01,-2.281276881694793701e-01,-1.738116294145584106e-01,nan,nan,nan,nan,nan,nan,nan,nan,nan,nan
-6.932975649833679199e-01,nan,-5.932917594909667969e-01,-5.388903617858886719e-01,nan,-4.286993145942687988e-01,-3.733073472976684570e-01,-3.278446793556213379e-01,-2.810044288635253906e-01,-2.278877943754196167e-01,-1.735610216856002808e-01,-1.203963458538055420e-01,-6.663994491100311279e-02,-1.596019230782985687e-02,3.192571923136711121e-02,8.575846999883651733e-02,1.471089422702789307e-01,2.136246711015701294e-01,nan,nan,nan
nan,nan,-5.952650308609008789e-01,-5.405215620994567871e-01,nan,-4.302060902118682861e-01,-3.745597898960113525e-01,-3.284324109554290771e-01,-2.801148891448974609e-01,-2.280271053314208984e-01,-1.734403073787689209e-01,nan,nan,nan,nan,nan,nan,nan,nan,nan,nan
nan,nan,nan,nan,nan,-4.315049648284912109e-01,-3.758715093135833740e-01,-3.283425867557525635e-01,-2.790489792823791504e-01,-2.283436805009841919e-01,-1.736451834440231323e-01,-1.194892674684524536e-01,-6.550700962543487549e-02,-1.522452663630247116e-02,3.399020805954933167e-02,8.710760623216629028e-02,1.412231624126434326e-01,nan,nan,3.266636133193969727e-01,nan
nan,nan,nan,nan,nan,-4.326800405979156494e-01,-3.771272599697113037e-01,-3.288874626159667969e-01,-2.778714597225189209e-01,-2.280692458152770996e-01,-1.733439713716506958e-01,-1.187417954206466675e-01,-6.590568274259567261e-02,-1.421445887535810471e-02,3.577551618218421936e-02,8.787799626588821411e-02,1.418239176273345947e-01,1.989056318998336792e-01,2.626600861549377441e-01,3.216080665588378906e-01,nan
nan,nan,nan,nan,nan,-4.338911473751068115e-01,-3.782087862491607666e-01,-3.289769589900970459e-01,nan,-2.284350991249084473e-01,-1.738101541996002197e-01,-1.187491267919540405e-01,-6.550256162881851196e-02,-1.393659692257642746e-02,3.660454228520393372e-02,8.978454023599624634e-02,1.426434814929962158e-01,nan,2.592556476593017578e-01,nan,nan
nan,nan,nan,nan,nan,-4.351364374160766602e-01,-3.792861700057983398e-01,-3.294232785701751709e-01,-2.765861153602600098e-01,-2.278380095958709717e-01,-1.737268418073654175e-01,-1.184969544410705566e-01,-6.608824431896209717e-02,-1.306709740310907364e-02,3.826028853654861450e-02,9.062947332859039307e-02,1.441620588302612305e-01,1.970673054456710815e-01,2.541300356388092041e-01,nan,nan
nan,nan,nan,nan,-4.919787347316741943e-01,-4.362786412239074707e-01,-3.804390430450439453e-01,-3.294805288314819336e-01,-2.764416337013244629e-01,-2.280608415603637695e-01,-1.735248863697052002e-01,-1.184086203575134277e-01,-6.570374965667724609e-02,-1.266864128410816193e-02,3.861100599169731140e-02,9.243971854448318481e-02,1.458085477352142334e-01,1.984146535396575928e-01,2.528049945831298828e-01,nan,nan
nan,nan,nan,nan,-4.931678771972656250e-01,-4.373374879360198975e-01,-3.814987838268280029e-01,-3.299341499805450439e-01,-2.768058180809020996e-01,-2.274130135774612427e-01,-1.741297096014022827e-01,-1.188399568200111389e-01,-6.593541800975799561e-02,-1.215888094156980515e-02,3.995171189308166504e-02,9.365907311439514160e-02,1.468027830123901367e-01,nan,2.531115710735321045e-01,nan,nan
nan,nan,nan,nan,-4.942817986011505127e-01,-4.384379982948303223e-01,-3.824746310710906982e-01,-3.301899135112762451e-01,-2.769354581832885742e-01,-2.269929051399230957e-01,-1.740465313196182251e-01,-1.186017170548439026e-01,-6.542288511991500854e-02,-1.176710519939661026e-02,4.029863327741622925e-02,9.475726634263992310e-02,1.485844105482101440e-01,2.020429819822311401e-01,2.547942101955413818e-01,3.086659908294677734e-01,nan
nan,nan,nan,nan,-4.953052103519439697e-01,-4.395362734794616699e-01,-3.834599852561950684e-01,-3.304155766963958740e-01,-2.772651314735412598e-01,-2.270037531852722168e-01,-1.738772988319396973e-01,-1.192098557949066162e-01,-6.546816229820251465e-02,-1.150589622557163239e-02,4.161591455340385437e-02,9.615138918161392212e-02,1.493410617113113403e-01,2.035129517316818237e-01,2.564812600612640381e-01,3.094829618930816650e-01,nan
nan,nan,nan,-5.521107912063598633e-01,-4.963218271732330322e-01,-4.405051767826080322e-01,-3.844866454601287842e-01,-3.308778107166290283e-01,-2.775957286357879639e-01,-2.263652086257934570e-01,-1.740527749061584473e-01,-1.194737255573272705e-01,-6.509655714035034180e-02,nan,4.196430370211601257e-02,9.653288125991821289e-02,1.510023474693298340e-01,2.053149491548538208e-01,2.580266892910003662e-01,3.115032911300659180e-01,nan
nan,nan,nan,-5.531411170959472656e-01,-4.973957240581512451e-01,-4.414539635181427002e-01,-3.854456543922424316e-01,nan,-2.776398360729217529e-01,-2.261799871921539307e-01,-1.735867261886596680e-01,-1.193642094731330872e-01,-6.508630514144897461e-02,-1.099616475403308868e-02,4.311950132250785828e-02,9.754385799169540405e-02,1.518780291080474854e-01,2.059285491704940796e-01,2.600507140159606934e-01,3.130970299243927002e-01,nan
nan,nan,nan,-5.541519522666931152e-01,-4.984024167060852051e-01,-4.424482882022857666e-01,-3.863196074962615967e-01,-3.314894735813140869e-01,-2.784030139446258545e-01,-2.258515357971191406e-01,-1.738859415054321289e-01,-1.196758300065994263e-01,nan,-1.111222151666879654e-02,4.327868297696113586e-02,9.800527244806289673e-02,1.529356837272644043e-01,2.074650377035140991e-01,2.620657980442047119e-01,3.146306574344635010e-01,3.682378828525543213e-01
nan,nan,-6.108194589614868164e-01,-5.552006363868713379e-01,-4.993393123149871826e-01,-4.433936774730682373e-01,-3.872393369674682617e-01,-3.319838345050811768e-01,-2.782815694808959961e-01,-2.252261191606521606e-01,-1.733470261096954346e-01,nan,-6.502950936555862427e-02,nan,4.434914886951446533e-02,9.900682419538497925e-02,nan,nan,2.629679143428802490e-01,3.167362809181213379e-01,3.704070746898651123e-01
nan,nan,-6.118696331977844238e-01,-5.562224984169006348e-01,-5.003346204757690430e-01,-4.442666769027709961e-01,-3.881859779357910156e-01,-3.327492773532867432e-01,-2.788245379924774170e-01,-2.248432934284210205e-01,-1.739685535430908203e-01,-1.200519725680351257e-01,-6.531270593404769897e-02,-1.052796561270952225e-02,4.494293406605720520e-02,9.941716492176055908e-02,1.545421481132507324e-01,2.094100266695022583e-01,2.643198370933532715e-01,3.186857402324676514e-01,3.718342185020446777e-01
nan,nan,-6.129372715950012207e-01,-5.571652650833129883e-01,-5.012962818145751953e-01,-4.451344609260559082e-01,-3.890105187892913818e-01,-3.336181640625000000e-01,-2.788568437099456787e-01,-2.250330150127410889e-01,-1.736842542886734009e-01,-1.204080134630203247e-01,-6.560015678405761719e-02,-9.883281774818897247e-03,4.595129564404487610e-02,1.004625484347343445e-01,1.553830951452255249e-01,2.102506011724472046e-01,2.649813294410705566e-01,3.198359012603759766e-01,3.736478388309478760e-01
