# 1st dimension: Re = np.logspace(np.log10(1.4e6), np.log10(1.05e7), 20); 2nd dimension: alpha = np.arange(-5., 5.5, .5)
-2.445415593683719635e-02,3.217697888612747192e-02,8.972106128931045532e-02,1.464067101478576660e-01,2.028421908617019653e-01,2.608608305454254150e-01,3.185869455337524414e-01,nan,4.323366582393646240e-01,4.898668229579925537e-01,5.477288961410522461e-01,6.050811409950256348e-01,6.614300608634948730e-01,7.170007228851318359e-01,7.743163108825683594e-01,8.305216431617736816e-01,8.847495913505554199e-01,9.379410743713378906e-01,9.850656986236572266e-01,1.030765056610107422e+00,1.093373298645019531e+00
-2.480318769812583923e-02,3.271257877349853516e-02,9.011203050613403320e-02,1.465123742818832397e-01,2.038621902465820312e-01,2.618336379528045654e-01,3.192539215087890625e-01,3.758528828620910645e-01,4.331621527671813965e-01,4.912785887718200684e-01,5.490452051162719727e-01,6.060503721237182617e-01,6.621189117431640625e-01,7.187656164169311523e-01,7.759972214698791504e-01,8.316923379898071289e-01,8.861068487167358398e-01,9.411985874176025391e-01,9.855808615684509277e-01,1.025459408760070801e+00,1.095514059066772461e+00
-2.440331690013408661e-02,3.310872614383697510e-02,9.025660902261734009e-02,1.468537300825119019e-01,2.048727869987487793e-01,2.626498043537139893e-01,3.196647763252258301e-01,3.762604892253875732e-01,4.343049228191375732e-01,4.925599694252014160e-01,5.501372218132019043e-01,6.067525744438171387e-01,6.628696918487548828e-01,7.204133272171020508e-01,7.773798108100891113e-01,8.326755762100219727e-01,8.882606625556945801e-01,9.421740174293518066e-01,9.872278571128845215e-01,1.023625135421752930e+00,1.096274375915527344e+00
-2.369161322712898254e-02,3.330801054835319519e-02,9.037256985902786255e-02,1.478155702352523804e-01,2.057552784681320190e-01,2.632735967636108398e-01,3.199383318424224854e-01,3.770897090435028076e-01,4.353661239147186279e-01,4.937466979026794434e-01,5.510205030441284180e-01,6.074079871177673340e-01,6.642891764640808105e-01,7.219269871711730957e-01,7.783274054527282715e-01,8.336154222488403320e-01,8.900347352027893066e-01,9.428952336311340332e-01,9.840414524078369141e-01,1.022437334060668945e+00,1.095792174339294434e+00
-2.314161881804466248e-02,nan,9.071594476699829102e-02,1.487243622541427612e-01,2.064785510301589966e-01,2.636599838733673096e-01,3.203601539134979248e-01,3.782459199428558350e-01,4.364232718944549561e-01,4.946662783622741699e-01,5.516616702079772949e-01,6.081752181053161621e-01,6.658094525337219238e-01,7.232327461242675781e-01,7.788544297218322754e-01,8.350596427917480469e-01,8.903573751449584961e-01,9.413659572601318359e-01,9.806202054023742676e-01,1.021261334419250488e+00,1.093607068061828613e+00
-2.283512800931930542e-02,nan,9.157706052064895630e-02,1.495096385478973389e-01,2.070116698741912842e-01,2.639642357826232910e-01,3.211541771888732910e-01,3.793634474277496338e-01,4.373991787433624268e-01,4.952409565448760986e-01,5.522398352622985840e-01,6.093270182609558105e-01,6.671683788299560547e-01,7.241549491882324219e-01,7.794824242591857910e-01,8.365438580513000488e-01,8.903790116310119629e-01,9.386593699455261230e-01,9.794516563415527344e-01,1.026712775230407715e+00,1.090980887413024902e+00
-2.278829552233219147e-02,nan,9.237512946128845215e-02,1.501372158527374268e-01,2.073534429073333740e-01,2.644062340259552002e-01,3.222295045852661133e-01,3.803578019142150879e-01,4.382200837135314941e-01,4.955232441425323486e-01,5.528903007507324219e-01,6.106882095336914062e-01,6.683216094970703125e-01,7.246479392051696777e-01,7.808426618576049805e-01,8.370243906974792480e-01,8.892382979393005371e-01,9.329040646553039551e-01,9.787396192550659180e-01,nan,1.088932156562805176e+00
nan,3.477242961525917053e-02,9.305310994386672974e-02,1.505726724863052368e-01,2.076671123504638672e-01,2.651294171810150146e-01,3.232553899288177490e-01,3.812680244445800781e-01,4.388059973716735840e-01,4.958261251449584961e-01,5.539195537567138672e-01,6.119417548179626465e-01,6.692166924476623535e-01,7.251985073089599609e-01,7.820704579353332520e-01,8.364481925964355469e-01,8.868345022201538086e-01,9.285100102424621582e-01,9.786474704742431641e-01,1.028774619102478027e+00,1.088920354843139648e+00
nan,3.554287552833557129e-02,9.357645362615585327e-02,1.508461683988571167e-01,2.081052064895629883e-01,2.661073505878448486e-01,3.241585791110992432e-01,3.819988071918487549e-01,4.392423033714294434e-01,4.963444173336029053e-01,5.551038384437561035e-01,6.129904389381408691e-01,6.697592735290527344e-01,7.259300351142883301e-01,7.825223207473754883e-01,8.360730409622192383e-01,8.811610341072082520e-01,9.272167682647705078e-01,9.788500070571899414e-01,1.029273033142089844e+00,1.091689825057983398e+00
nan,3.618297353386878967e-02,9.390607476234436035e-02,1.511582136154174805e-01,2.087415605783462524e-01,2.670090794563293457e-01,3.249682188034057617e-01,3.825502097606658936e-01,4.396420717239379883e-01,4.971568286418914795e-01,5.561801195144653320e-01,6.137294769287109375e-01,6.701956987380981445e-01,7.271644473075866699e-01,7.820371985435485840e-01,8.339074254035949707e-01,8.759657740592956543e-01,9.266285300254821777e-01,9.783280491828918457e-01,1.029961824417114258e+00,1.094046831130981445e+00
-2.139439061284065247e-02,3.665224090218544006e-02,9.410281479358673096e-02,1.515873521566390991e-01,2.096157222986221313e-01,2.678367495536804199e-01,3.256401419639587402e-01,nan,4.401842355728149414e-01,4.981445074081420898e-01,5.570443272590637207e-01,6.141338348388671875e-01,6.708603501319885254e-01,7.279961109161376953e-01,7.825514674186706543e-01,8.277634382247924805e-01,8.737431764602661133e-01,9.263994097709655762e-01,9.781123399734497070e-01,1.030022263526916504e+00,1.094071507453918457e+00
nan,3.691177070140838623e-02,9.439161419868469238e-02,1.521536409854888916e-01,2.104197293519973755e-01,2.685642242431640625e-01,3.260898292064666748e-01,3.833083510398864746e-01,4.408876597881317139e-01,nan,5.575263500213623047e-01,6.145591735839843750e-01,6.718409657478332520e-01,7.278936505317687988e-01,7.806717157363891602e-01,8.221428394317626953e-01,8.729157447814941406e-01,nan,9.786139130592346191e-01,nan,1.095172047615051270e+00
-2.040394209325313568e-02,3.707006573677062988e-02,9.479578584432601929e-02,1.529199033975601196e-01,2.111419439315795898e-01,2.691143453121185303e-01,3.263885974884033203e-01,3.838665187358856201e-01,4.418483674526214600e-01,4.999056160449981689e-01,nan,6.151798963546752930e-01,nan,7.276548743247985840e-01,nan,8.184179663658142090e-01,8.722748756408691406e-01,9.257042407989501953e-01,9.788747429847717285e-01,1.030935049057006836e+00,1.095252871513366699e+00
-2.022813819348812103e-02,3.735375031828880310e-02,9.530623257160186768e-02,1.536222994327545166e-01,2.117736786603927612e-01,2.694332897663116455e-01,3.267877697944641113e-01,3.845116794109344482e-01,4.426687657833099365e-01,5.005738735198974609e-01,5.575253367424011230e-01,6.159613728523254395e-01,6.737246513366699219e-01,7.283014059066772461e-01,7.679747343063354492e-01,nan,8.716159462928771973e-01,9.255809187889099121e-01,nan,1.031883716583251953e+00,1.095857739448547363e+00
-2.010679431259632111e-02,3.774351999163627625e-02,9.597088396549224854e-02,1.542497128248214722e-01,2.122284024953842163e-01,2.696578800678253174e-01,3.273083269596099854e-01,3.853632807731628418e-01,4.434785842895507812e-01,5.008023977279663086e-01,5.579516291618347168e-01,6.169082522392272949e-01,6.743651628494262695e-01,7.282471656799316406e-01,7.638640999794006348e-01,8.161796331405639648e-01,8.714775443077087402e-01,9.268358945846557617e-01,9.797243475914001465e-01,1.033351778984069824e+00,1.096886754035949707e+00
-1.983840763568878174e-02,3.822490572929382324e-02,9.658258408308029175e-02,1.547800153493881226e-01,2.124426513910293579e-01,2.700220346450805664e-01,3.279059231281280518e-01,nan,4.441613256931304932e-01,5.008170008659362793e-01,5.586097240447998047e-01,6.177146434783935547e-01,6.745755076408386230e-01,7.268176674842834473e-01,7.606499791145324707e-01,8.169229626655578613e-01,8.727638721466064453e-01,9.265858530998229980e-01,9.806315898895263672e-01,1.034961223602294922e+00,1.096594214439392090e+00
-1.947986520826816559e-02,3.880921006202697754e-02,9.712916612625122070e-02,1.551101207733154297e-01,2.126132398843765259e-01,2.705002725124359131e-01,3.286516964435577393e-01,3.868700265884399414e-01,4.444239735603332520e-01,5.011340975761413574e-01,5.594239830970764160e-01,6.182245612144470215e-01,6.747633218765258789e-01,nan,7.614029645919799805e-01,8.169885873794555664e-01,8.726314306259155273e-01,9.273804426193237305e-01,9.820603728294372559e-01,nan,nan
-1.903266087174415588e-02,nan,9.756244719028472900e-02,1.552207618951797485e-01,2.129533588886260986e-01,2.710526585578918457e-01,nan,3.874751031398773193e-01,4.443321526050567627e-01,5.017929077148437500e-01,5.601562261581420898e-01,6.180633306503295898e-01,6.752354502677917480e-01,7.201219797134399414e-01,7.610668540000915527e-01,8.176996707916259766e-01,8.734632730484008789e-01,9.285279512405395508e-01,9.835073947906494141e-01,1.036823153495788574e+00,1.097679972648620605e+00
-1.852953433990478516e-02,3.981531038880348206e-02,9.773581475019454956e-02,1.553612202405929565e-01,2.133921384811401367e-01,2.717107832431793213e-01,3.299916684627532959e-01,3.877089023590087891e-01,4.445889294147491455e-01,5.025792121887207031e-01,nan,6.181746125221252441e-01,6.758689880371093750e-01,7.175914645195007324e-01,7.616725564002990723e-01,8.185968399047851562e-01,8.745077848434448242e-01,9.299085140228271484e-01,9.848757982254028320e-01,1.038313388824462891e+00,1.098587274551391602e+00
nan,4.015000537037849426e-02,nan,1.556843519210815430e-01,2.139098942279815674e-01,nan,3.305126428604125977e-01,3.875882029533386230e-01,4.451276659965515137e-01,nan,5.604352951049804688e-01,6.186006069183349609e-01,6.765659451484680176e-01,7.150657773017883301e-01,7.625043988227844238e-01,8.195275068283081055e-01,8.757587075233459473e-01,9.312282800674438477e-01,9.852261543273925781e-01,1.039777159690856934e+00,1.099830508232116699e+00
