# 1st dimension: Re = np.logspace(np.log10(1.4e6), np.log10(1.05e7), 20); 2nd dimension: alpha = np.arange(-5., 5.5, .5)
-2.689635753631591797e-01,nan,-1.810064464807510376e-01,-1.442010700702667236e-01,-8.906187117099761963e-02,-3.061078488826751709e-02,2.690387517213821411e-02,8.307980746030807495e-02,1.397291123867034912e-01,1.982280462980270386e-01,2.558928132057189941e-01,3.118803799152374268e-01,3.681156635284423828e-01,4.264034330844879150e-01,4.834170341491699219e-01,5.386702418327331543e-01,5.943643450736999512e-01,6.520281434059143066e-01,7.076125741004943848e-01,7.612033486366271973e-01,8.172522783279418945e-01
-2.699063420295715332e-01,-2.239557951688766479e-01,-1.783981770277023315e-01,-1.423473656177520752e-01,-8.875907957553863525e-02,-2.975060604512691498e-02,2.781696058809757233e-02,8.320689946413040161e-02,1.412731111049652100e-01,1.995785981416702271e-01,2.567364871501922607e-01,3.124579787254333496e-01,3.702346682548522949e-01,4.282956123352050781e-01,4.845052361488342285e-01,5.397025942802429199e-01,5.970723032951354980e-01,6.543068289756774902e-01,7.088849544525146484e-01,7.633997201919555664e-01,8.201122879981994629e-01
-2.706211805343627930e-01,-2.227139323949813843e-01,-1.766175776720046997e-01,nan,-8.773647248744964600e-02,-2.904056012630462646e-02,2.832550369203090668e-02,8.404455333948135376e-02,1.427175700664520264e-01,2.006903439760208130e-01,2.572821676731109619e-01,3.136958181858062744e-01,3.722602128982543945e-01,4.297872781753540039e-01,4.854176938533782959e-01,5.415172576904296875e-01,5.995573401451110840e-01,6.560149192810058594e-01,7.102351188659667969e-01,7.663905620574951172e-01,8.223093152046203613e-01
-2.708482146263122559e-01,-2.222454249858856201e-01,-1.760520637035369873e-01,-1.341496855020523071e-01,-8.653552830219268799e-02,-2.860305085778236389e-02,2.818359062075614929e-02,8.577657490968704224e-02,1.439952105283737183e-01,2.014836668968200684e-01,2.579003870487213135e-01,3.156779408454895020e-01,3.740616440773010254e-01,4.307506084442138672e-01,4.865064918994903564e-01,5.439773201942443848e-01,6.016889810562133789e-01,6.570334434509277344e-01,7.118611931800842285e-01,7.689958810806274414e-01,8.233240842819213867e-01
-2.707620561122894287e-01,-2.222536802291870117e-01,-1.749640852212905884e-01,-1.304730027914047241e-01,-8.493547141551971436e-02,-2.853957377374172211e-02,2.847121469676494598e-02,8.749265968799591064e-02,1.450672894716262817e-01,2.020394206047058105e-01,2.587729096412658691e-01,3.175166547298431396e-01,3.755397796630859375e-01,4.314641952514648438e-01,4.879107177257537842e-01,5.462177991867065430e-01,6.033352613449096680e-01,6.580007672309875488e-01,7.144017815589904785e-01,7.711962461471557617e-01,8.239450454711914062e-01
-2.707726955413818359e-01,-2.220240682363510132e-01,-1.746158450841903687e-01,-1.275514066219329834e-01,-8.402239531278610229e-02,-2.856824360787868500e-02,2.963874675333499908e-02,8.877488225698471069e-02,1.459123492240905762e-01,2.027623057365417480e-01,2.606137692928314209e-01,3.191939890384674072e-01,3.765324056148529053e-01,4.324223101139068604e-01,4.901172518730163574e-01,5.481968522071838379e-01,6.043609380722045898e-01,6.593886017799377441e-01,7.168377041816711426e-01,7.727533578872680664e-01,8.257624506950378418e-01
-2.711015045642852783e-01,-2.223937064409255981e-01,-1.727234274148941040e-01,nan,-8.033441007137298584e-02,-2.821606025099754333e-02,3.071740083396434784e-02,8.947248756885528564e-02,1.465655118227005005e-01,2.037015408277511597e-01,2.623705863952636719e-01,3.206653892993927002e-01,3.771235048770904541e-01,4.337160587310791016e-01,4.921877384185791016e-01,5.498452186584472656e-01,6.051799654960632324e-01,6.615379452705383301e-01,7.189708948135375977e-01,7.734848856925964355e-01,8.279077410697937012e-01
-2.719220519065856934e-01,-2.225989401340484619e-01,-1.717024445533752441e-01,-1.229236274957656860e-01,-7.656486332416534424e-02,-2.710360661149024963e-02,3.167854249477386475e-02,nan,1.474126130342483521e-01,2.051777243614196777e-01,2.639373540878295898e-01,3.217598199844360352e-01,3.779177367687225342e-01,4.357156455516815186e-01,4.940336048603057861e-01,5.509269833564758301e-01,6.063427925109863281e-01,6.637706756591796875e-01,7.205725312232971191e-01,7.743743062019348145e-01,8.289101123809814453e-01
-2.729474604129791260e-01,-2.217830121517181396e-01,-1.703779697418212891e-01,-1.216902956366539001e-01,-7.385256886482238770e-02,-2.564832009375095367e-02,3.247430548071861267e-02,9.009978920221328735e-02,1.481531709432601929e-01,2.067601382732391357e-01,2.652727663516998291e-01,3.223575353622436523e-01,3.790259361267089844e-01,4.375769197940826416e-01,4.955616593360900879e-01,5.515230894088745117e-01,6.079559922218322754e-01,6.658263802528381348e-01,7.210876345634460449e-01,7.760356068611145020e-01,8.279549479484558105e-01
-2.736487388610839844e-01,-2.210591435432434082e-01,-1.696600914001464844e-01,-1.209699213504791260e-01,-7.105905562639236450e-02,-2.438056841492652893e-02,3.304642066359519958e-02,9.048327058553695679e-02,1.490425467491149902e-01,2.082105427980422974e-01,2.662937641143798828e-01,3.229240477085113525e-01,3.806854784488677979e-01,4.392478764057159424e-01,4.966266155242919922e-01,5.524361729621887207e-01,6.099339127540588379e-01,6.676011681556701660e-01,7.216079235076904297e-01,7.780177593231201172e-01,8.291842937469482422e-01
-2.737438976764678955e-01,-2.208833843469619751e-01,-1.697140336036682129e-01,-1.195223629474639893e-01,-6.842463463544845581e-02,nan,3.362286463379859924e-02,9.111133962869644165e-02,1.501628160476684570e-01,2.092879563570022583e-01,2.669059038162231445e-01,3.238207995891571045e-01,3.823287785053253174e-01,4.406456649303436279e-01,4.971653819084167480e-01,5.536881089210510254e-01,6.117373704910278320e-01,6.686497926712036133e-01,7.228876948356628418e-01,7.793018221855163574e-01,8.296281695365905762e-01
-2.736886739730834961e-01,-2.209888249635696411e-01,-1.695107668638229370e-01,nan,-6.670533120632171631e-02,-2.130813151597976685e-02,3.432378172874450684e-02,9.201147407293319702e-02,1.512171030044555664e-01,2.098980098962783813e-01,2.671977877616882324e-01,3.250600695610046387e-01,3.838590383529663086e-01,4.415320456027984619e-01,4.978125989437103271e-01,5.553970932960510254e-01,6.133600473403930664e-01,6.685423851013183594e-01,7.247167825698852539e-01,7.780911922454833984e-01,8.282926678657531738e-01
-2.736935019493103027e-01,-2.213502973318099976e-01,-1.693246513605117798e-01,-1.166934967041015625e-01,-6.513876467943191528e-02,-1.799788884818553925e-02,3.498820215463638306e-02,9.328942745923995972e-02,1.521426588296890259e-01,2.101481705904006958e-01,nan,nan,nan,nan,4.988027215003967285e-01,nan,6.145713925361633301e-01,6.690562963485717773e-01,7.264114618301391602e-01,7.785548567771911621e-01,8.294118046760559082e-01
-2.738774120807647705e-01,-2.217381745576858521e-01,-1.691719144582748413e-01,-1.158793941140174866e-01,-6.382837146520614624e-02,-1.452690456062555313e-02,3.584044054150581360e-02,9.487006813287734985e-02,1.527596861124038696e-01,2.103214561939239502e-01,2.685636579990386963e-01,3.275325894355773926e-01,3.857865333557128906e-01,4.422788918018341064e-01,5.000976920127868652e-01,5.584048628807067871e-01,6.147642731666564941e-01,6.704495549201965332e-01,7.276092767715454102e-01,7.787923812866210938e-01,8.290646076202392578e-01
-2.745254933834075928e-01,-2.218741476535797119e-01,nan,-1.147378534078598022e-01,nan,-1.202633138746023178e-02,3.702982515096664429e-02,9.594834595918655396e-02,1.529540270566940308e-01,2.108113616704940796e-01,nan,nan,nan,nan,nan,5.593094229698181152e-01,6.147732734680175781e-01,nan,7.268868088722229004e-01,7.767217159271240234e-01,8.281162977218627930e-01
-2.753144502639770508e-01,-2.219163477420806885e-01,-1.677994877099990845e-01,-1.146989911794662476e-01,-6.217355281114578247e-02,-9.808132424950599670e-03,3.927320986986160278e-02,nan,1.532924920320510864e-01,2.115166783332824707e-01,nan,3.292854130268096924e-01,3.859991431236267090e-01,4.441061913967132568e-01,5.027692914009094238e-01,5.591484904289245605e-01,6.155208945274353027e-01,6.730347275733947754e-01,7.266851663589477539e-01,7.773122787475585938e-01,8.287161588668823242e-01
-2.758148312568664551e-01,-2.217678129673004150e-01,-1.675252616405487061e-01,-1.149113476276397705e-01,-6.155722960829734802e-02,-7.964991964399814606e-03,4.189188405871391296e-02,9.683474898338317871e-02,1.542071700096130371e-01,2.125572115182876587e-01,2.715573310852050781e-01,3.293254971504211426e-01,3.866537213325500488e-01,nan,5.038367509841918945e-01,5.592580437660217285e-01,6.168276071548461914e-01,6.725713610649108887e-01,7.276914119720458984e-01,7.754466533660888672e-01,8.264383673667907715e-01
-2.761427462100982666e-01,-2.217557728290557861e-01,-1.680729240179061890e-01,-1.143779158592224121e-01,-6.018259003758430481e-02,-6.286111660301685333e-03,4.389345273375511169e-02,9.832278639078140259e-02,1.551497727632522583e-01,2.137059420347213745e-01,2.720361351966857910e-01,3.293160498142242432e-01,3.875824213027954102e-01,4.465048313140869141e-01,5.037808418273925781e-01,5.599860548973083496e-01,6.178632974624633789e-01,6.722552180290222168e-01,7.251593470573425293e-01,7.760645151138305664e-01,nan
-2.761882543563842773e-01,-2.220500260591506958e-01,-1.684976369142532349e-01,-1.139095053076744080e-01,-5.921332910656929016e-02,-4.463636316359043121e-03,4.558746144175529480e-02,1.002628952264785767e-01,nan,2.149580270051956177e-01,2.720674276351928711e-01,3.298086524009704590e-01,3.887162804603576660e-01,4.475193023681640625e-01,5.032296180725097656e-01,5.611295104026794434e-01,6.169604063034057617e-01,6.731589436531066895e-01,nan,7.764605283737182617e-01,8.244183063507080078e-01
-2.762710452079772949e-01,-2.228793799877166748e-01,-1.683874279260635376e-01,-1.135158762335777283e-01,-5.854737386107444763e-02,-3.768185852095484734e-03,4.726038128137588501e-02,1.018786653876304626e-01,nan,2.154170423746109009e-01,2.722010314464569092e-01,3.306006491184234619e-01,3.897814750671386719e-01,4.478468000888824463e-01,5.037176012992858887e-01,nan,6.166100502014160156e-01,6.742982268333435059e-01,7.222567200660705566e-01,7.753497362136840820e-01,8.249273896217346191e-01
