# 1st dimension: Re = np.logspace(np.log10(1.4e6), np.log10(1.05e7), 20); 2nd dimension: alpha = np.arange(-5., 5.5, .5)
1.230427250266075134e-01,1.805533468723297119e-01,2.355370074510574341e-01,2.928307056427001953e-01,3.485185801982879639e-01,4.047098457813262939e-01,4.619579613208770752e-01,5.171297192573547363e-01,5.738536715507507324e-01,6.310236454010009766e-01,6.855569481849670410e-01,7.415409088134765625e-01,7.983378171920776367e-01,8.536847829818725586e-01,9.074340462684631348e-01,9.628293514251708984e-01,1.018965125083923340e+00,1.073370933532714844e+00,1.125356912612915039e+00,1.179139137268066406e+00,1.229161977767944336e+00
1.246265769004821777e-01,1.814309358596801758e-01,2.367493510246276855e-01,2.944217324256896973e-01,3.492218852043151855e-01,4.070301055908203125e-01,4.633047878742218018e-01,5.189383625984191895e-01,5.765625834465026855e-01,6.327805519104003906e-01,6.875277161598205566e-01,7.447861433029174805e-01,8.009381294250488281e-01,8.556998968124389648e-01,9.101996421813964844e-01,9.667456746101379395e-01,1.022124648094177246e+00,1.075924158096313477e+00,1.127654552459716797e+00,1.182054042816162109e+00,1.231933474540710449e+00
1.261589974164962769e-01,1.817248463630676270e-01,2.388292104005813599e-01,2.952906191349029541e-01,3.512546420097351074e-01,4.089536368846893311e-01,4.645769894123077393e-01,5.216787457466125488e-01,5.789543986320495605e-01,6.342303156852722168e-01,6.905654072761535645e-01,7.477331161499023438e-01,8.032209277153015137e-01,8.578901290893554688e-01,9.139629006385803223e-01,9.702739715576171875e-01,1.024830102920532227e+00,1.078432440757751465e+00,1.132308840751647949e+00,1.182975769042968750e+00,1.235700249671936035e+00
1.271345168352127075e-01,1.825373172760009766e-01,2.405349910259246826e-01,2.959063649177551270e-01,3.534971177577972412e-01,4.103109538555145264e-01,4.662580788135528564e-01,5.241193771362304688e-01,5.808582901954650879e-01,6.360077261924743652e-01,6.935010552406311035e-01,7.502844929695129395e-01,8.052415847778320312e-01,8.603224158287048340e-01,9.174684286117553711e-01,9.733380079269409180e-01,1.027215838432312012e+00,1.080994129180908203e+00,1.135620713233947754e+00,1.185450315475463867e+00,1.239759325981140137e+00
1.275142133235931396e-01,1.845413744449615479e-01,2.416048198938369751e-01,2.974695265293121338e-01,3.553784787654876709e-01,4.114141464233398438e-01,4.686905741691589355e-01,5.262812972068786621e-01,5.823381543159484863e-01,6.385172605514526367e-01,6.961646080017089844e-01,7.523630261421203613e-01,8.074686527252197266e-01,8.636179566383361816e-01,9.206439852714538574e-01,9.758477807044982910e-01,1.029727458953857422e+00,1.084073662757873535e+00,1.136537671089172363e+00,1.189020037651062012e+00,1.243229627609252930e+00
1.282813102006912231e-01,1.862580776214599609e-01,2.422125637531280518e-01,2.995930910110473633e-01,3.567142188549041748e-01,4.129827916622161865e-01,4.710420072078704834e-01,5.280745029449462891e-01,5.839846134185791016e-01,6.413246989250183105e-01,6.984782218933105469e-01,7.541428804397583008e-01,8.099058866500854492e-01,8.668775558471679688e-01,9.234097003936767578e-01,9.779782891273498535e-01,1.032419204711914062e+00,1.087804317474365234e+00,1.138073801994323730e+00,1.192767620086669922e+00,1.245204091072082520e+00
1.300571113824844360e-01,1.874349266290664673e-01,2.434037178754806519e-01,3.013992011547088623e-01,3.577180504798889160e-01,4.151326119899749756e-01,4.730387926101684570e-01,5.294755697250366211e-01,5.859954953193664551e-01,6.438903212547302246e-01,7.003393173217773438e-01,7.561242580413818359e-01,8.128330111503601074e-01,8.699136376380920410e-01,9.256377816200256348e-01,9.802059531211853027e-01,1.035248875617980957e+00,1.090444564819335938e+00,1.141149878501892090e+00,1.196088433265686035e+00,1.245950222015380859e+00
1.317242980003356934e-01,1.880524754524230957e-01,2.454181313514709473e-01,3.026350736618041992e-01,3.591677844524383545e-01,4.173392355442047119e-01,4.746642112731933594e-01,5.310165882110595703e-01,5.884969234466552734e-01,6.461187601089477539e-01,7.019128799438476562e-01,7.583211064338684082e-01,8.157655596733093262e-01,8.726219534873962402e-01,9.273896813392639160e-01,9.826288223266601562e-01,1.038645744323730469e+00,1.090746998786926270e+00,1.144421339035034180e+00,1.198145627975463867e+00,1.248389244079589844e+00
1.329052895307540894e-01,1.890998929738998413e-01,2.471219599246978760e-01,3.035335242748260498e-01,3.611119091510772705e-01,4.192312061786651611e-01,4.759154319763183594e-01,5.327644944190979004e-01,5.908305048942565918e-01,6.478356719017028809e-01,7.037697434425354004e-01,7.608599662780761719e-01,8.184973597526550293e-01,8.748168349266052246e-01,9.293428659439086914e-01,9.851866960525512695e-01,1.041952133178710938e+00,1.092319607734680176e+00,1.147443294525146484e+00,1.198536634445190430e+00,1.251416563987731934e+00
1.335275322198867798e-01,1.908594369888305664e-01,2.482741773128509521e-01,3.048700988292694092e-01,3.631474971771240234e-01,4.207207560539245605e-01,4.773126542568206787e-01,5.349958539009094238e-01,5.928426980972290039e-01,6.491666436195373535e-01,7.058923840522766113e-01,7.634989023208618164e-01,8.209555745124816895e-01,8.764062523841857910e-01,9.316726922988891602e-01,9.881241321563720703e-01,1.045050024986267090e+00,1.095347285270690918e+00,1.149587750434875488e+00,1.200369238853454590e+00,1.249963283538818359e+00
1.344684958457946777e-01,1.924886107444763184e-01,2.490736544132232666e-01,3.065716028213500977e-01,3.649176061153411865e-01,4.218086302280426025e-01,4.789238274097442627e-01,5.371522307395935059e-01,5.942980051040649414e-01,6.507023572921752930e-01,7.082590460777282715e-01,7.659959197044372559e-01,8.229514360427856445e-01,8.780073523521423340e-01,9.341500401496887207e-01,9.910833835601806641e-01,1.047892570495605469e+00,1.098217964172363281e+00,1.150063037872314453e+00,1.202852845191955566e+00,1.250396847724914551e+00
1.360096782445907593e-01,1.934396326541900635e-01,2.502864003181457520e-01,3.084863424301147461e-01,3.662826418876647949e-01,4.230458736419677734e-01,4.809363782405853271e-01,nan,5.953279137611389160e-01,6.525725722312927246e-01,7.107183933258056641e-01,7.683084607124328613e-01,8.243283033370971680e-01,8.799987435340881348e-01,9.368590116500854492e-01,9.939233064651489258e-01,1.050404548645019531e+00,1.100622892379760742e+00,1.151458621025085449e+00,1.200836896896362305e+00,1.246462345123291016e+00
1.375826448202133179e-01,1.940478533506393433e-01,2.519130110740661621e-01,3.101300299167633057e-01,3.671232163906097412e-01,4.245215952396392822e-01,4.829569160938262939e-01,5.400524735450744629e-01,5.967940688133239746e-01,6.547268629074096680e-01,7.130343317985534668e-01,7.702627778053283691e-01,8.256153464317321777e-01,8.822007179260253906e-01,9.395884275436401367e-01,9.966271519660949707e-01,1.052262902259826660e+00,1.101453661918640137e+00,1.153897404670715332e+00,1.201634049415588379e+00,nan
1.384584903717041016e-01,1.951817572116851807e-01,2.536993622779846191e-01,3.112633228302001953e-01,3.681958019733428955e-01,4.263764917850494385e-01,4.846369922161102295e-01,5.410346388816833496e-01,5.985323786735534668e-01,6.569579839706420898e-01,7.151603698730468750e-01,7.715881466865539551e-01,8.273447751998901367e-01,8.845869302749633789e-01,9.421898722648620605e-01,9.990832209587097168e-01,1.053568482398986816e+00,1.102004528045654297e+00,1.152267217636108398e+00,1.198195934295654297e+00,1.239233970642089844e+00
1.387888789176940918e-01,1.967037469148635864e-01,2.552812993526458740e-01,3.119679987430572510e-01,nan,4.281687140464782715e-01,4.854857921600341797e-01,5.423933863639831543e-01,6.003496050834655762e-01,6.589699387550354004e-01,7.168897986412048340e-01,7.727231383323669434e-01,8.293460607528686523e-01,8.870162963867187500e-01,9.446364045143127441e-01,1.000903844833374023e+00,1.054667830467224121e+00,1.103833556175231934e+00,1.152529001235961914e+00,1.194604754447937012e+00,1.236945033073425293e+00
1.397903710603713989e-01,1.983500868082046509e-01,2.562879323959350586e-01,3.129860758781433105e-01,3.712229728698730469e-01,4.297497868537902832e-01,4.862283170223236084e-01,5.439429879188537598e-01,6.023443937301635742e-01,6.607802510261535645e-01,7.180171608924865723e-01,7.742603421211242676e-01,8.316118121147155762e-01,8.893694281578063965e-01,9.468539953231811523e-01,1.001903653144836426e+00,1.056304574012756348e+00,1.105823516845703125e+00,1.149162530899047852e+00,1.191804885864257812e+00,nan
1.412430256605148315e-01,1.997859328985214233e-01,2.568554580211639404e-01,nan,3.729243874549865723e-01,4.305841028690338135e-01,4.873587489128112793e-01,5.456460118293762207e-01,6.042999625205993652e-01,6.623154878616333008e-01,7.189444899559020996e-01,7.760456800460815430e-01,8.338971138000488281e-01,8.916321396827697754e-01,9.485320448875427246e-01,1.003112435340881348e+00,1.058201551437377930e+00,1.103343844413757324e+00,1.145818591117858887e+00,1.189320445060729980e+00,1.227364063262939453e+00
1.427742242813110352e-01,2.005848586559295654e-01,2.577861547470092773e-01,3.158872425556182861e-01,3.744823634624481201e-01,4.308553934097290039e-01,4.888394773006439209e-01,nan,6.060060262680053711e-01,6.632400751113891602e-01,7.202669382095336914e-01,7.780644297599792480e-01,8.360954523086547852e-01,8.937525749206542969e-01,9.492992758750915527e-01,1.004878520965576172e+00,nan,1.103157877922058105e+00,1.143176317214965820e+00,1.179302453994750977e+00,1.229264855384826660e+00
1.440382003784179688e-01,2.010310590267181396e-01,nan,3.175408244132995605e-01,3.751972615718841553e-01,4.319164454936981201e-01,nan,5.491648912429809570e-01,6.071799993515014648e-01,6.639773249626159668e-01,7.218582630157470703e-01,7.800819277763366699e-01,8.381956219673156738e-01,8.954150676727294922e-01,9.501901865005493164e-01,1.006798982620239258e+00,1.058162212371826172e+00,nan,1.141375660896301270e+00,1.180452466011047363e+00,1.232327818870544434e+00
1.445398479700088501e-01,2.019252330064773560e-01,2.605251073837280273e-01,3.190023303031921387e-01,3.754799365997314453e-01,4.333510100841522217e-01,4.920983910560607910e-01,5.507766604423522949e-01,6.079729795455932617e-01,6.652245521545410156e-01,7.236968874931335449e-01,7.820171117782592773e-01,8.401507735252380371e-01,8.961269259452819824e-01,9.517253637313842773e-01,1.008871793746948242e+00,1.060084819793701172e+00,nan,1.131692528724670410e+00,1.182691454887390137e+00,nan
