# 1st dimension: Re = np.logspace(np.log10(1.4e6), np.log10(1.05e7), 20); 2nd dimension: alpha = np.arange(-5., 5.5, .5)
3.150771930813789368e-02,8.382617682218551636e-02,1.380194872617721558e-01,1.942148208618164062e-01,2.502142786979675293e-01,3.064709305763244629e-01,3.623891472816467285e-01,4.193343520164489746e-01,4.756658971309661865e-01,5.325874686241149902e-01,5.906233191490173340e-01,6.476650834083557129e-01,7.042052149772644043e-01,7.603703141212463379e-01,8.147918581962585449e-01,8.719425797462463379e-01,9.288964867591857910e-01,9.824965596199035645e-01,1.035467505455017090e+00,1.090068101882934570e+00,1.139076113700866699e+00
2.962053567171096802e-02,8.346582204103469849e-02,1.392346471548080444e-01,1.951225101947784424e-01,2.515237629413604736e-01,3.079409003257751465e-01,3.637829422950744629e-01,4.202499687671661377e-01,4.767805933952331543e-01,5.345237255096435547e-01,5.928508043289184570e-01,6.505726575851440430e-01,7.066303491592407227e-01,nan,8.174905180931091309e-01,8.752203583717346191e-01,9.313609600067138672e-01,9.836350083351135254e-01,1.039092063903808594e+00,1.090540409088134766e+00,1.142251729965209961e+00
2.860764227807521820e-02,8.370430767536163330e-02,1.399569958448410034e-01,1.961769163608551025e-01,2.528127431869506836e-01,3.090665638446807861e-01,3.648037910461425781e-01,4.210652112960815430e-01,4.783971011638641357e-01,5.365700721740722656e-01,5.950468778610229492e-01,6.528258323669433594e-01,7.084273099899291992e-01,7.631464600563049316e-01,8.206638693809509277e-01,8.781284093856811523e-01,9.327230453491210938e-01,9.861311912536621094e-01,1.041980862617492676e+00,1.091289281845092773e+00,1.144658684730529785e+00
2.848241850733757019e-02,8.424080163240432739e-02,1.407446265220642090e-01,1.973290890455245972e-01,2.539258897304534912e-01,3.099713027477264404e-01,3.654657304286956787e-01,4.220661222934722900e-01,4.802899062633514404e-01,5.387061834335327148e-01,5.971404910087585449e-01,6.545557975769042969e-01,7.096017599105834961e-01,7.656221985816955566e-01,8.236252069473266602e-01,8.804557323455810547e-01,9.335811734199523926e-01,9.894356131553649902e-01,1.043474793434143066e+00,1.094702482223510742e+00,1.144395232200622559e+00
2.947586029767990112e-02,8.500386029481887817e-02,1.417040824890136719e-01,1.984483748674392700e-01,2.547707557678222656e-01,3.105231523513793945e-01,3.662400245666503906e-01,4.235570430755615234e-01,4.821534454822540283e-01,5.408484935760498047e-01,5.989835858345031738e-01,1.681930273771286011e-01,2.112060785293579102e-01,2.345408052206039429e-01,2.709813714027404785e-01,3.073223233222961426e-01,nan,3.502902686595916748e-01,3.849858641624450684e-01,4.128815829753875732e-01,nan
3.132691606879234314e-02,8.600738644599914551e-02,1.427211463451385498e-01,1.993438750505447388e-01,2.552684247493743896e-01,3.109602034091949463e-01,3.673802316188812256e-01,4.253523051738739014e-01,4.840711653232574463e-01,5.427847504615783691e-01,6.004518270492553711e-01,6.563172340393066406e-01,7.129015326499938965e-01,7.711277604103088379e-01,8.282787799835205078e-01,8.825375437736511230e-01,9.384520053863525391e-01,9.935628771781921387e-01,1.045532703399658203e+00,1.097691059112548828e+00,1.147668838500976562e+00
3.123489953577518463e-02,8.728753030300140381e-02,1.435860395431518555e-01,1.999029815196990967e-01,2.556003034114837646e-01,3.118177354335784912e-01,3.689852058887481689e-01,4.271779954433441162e-01,4.860393404960632324e-01,5.443919301033020020e-01,6.013852953910827637e-01,6.572922468185424805e-01,7.153986692428588867e-01,7.732953429222106934e-01,8.295472264289855957e-01,8.837869763374328613e-01,9.410462379455566406e-01,9.939309358596801758e-01,1.048028469085693359e+00,1.097777009010314941e+00,1.146629571914672852e+00
3.165075555443763733e-02,8.826014399528503418e-02,1.442014873027801514e-01,2.001349031925201416e-01,2.560941576957702637e-01,3.129159808158874512e-01,3.707797825336456299e-01,4.289861023426055908e-01,4.876747429370880127e-01,5.455991029739379883e-01,6.020604968070983887e-01,6.590913534164428711e-01,7.176540493965148926e-01,7.748994827270507812e-01,8.301457166671752930e-01,8.863198757171630859e-01,9.427548646926879883e-01,9.950048923492431641e-01,1.048607826232910156e+00,1.100127696990966797e+00,1.147577285766601562e+00
3.224179148674011230e-02,8.873022347688674927e-02,1.445151716470718384e-01,2.004135847091674805e-01,2.568580508232116699e-01,3.145839571952819824e-01,3.725496232509613037e-01,4.306929707527160645e-01,4.890556335449218750e-01,5.463058948516845703e-01,6.029431819915771484e-01,nan,7.196040749549865723e-01,7.757796645164489746e-01,8.310629725456237793e-01,8.885617852210998535e-01,9.427182078361511230e-01,9.973848462104797363e-01,1.048023343086242676e+00,1.101075768470764160e+00,1.149757742881774902e+00
3.279237449169158936e-02,8.899100869894027710e-02,1.446883529424667358e-01,2.009401917457580566e-01,2.581603825092315674e-01,3.162747025489807129e-01,3.742811977863311768e-01,4.322111010551452637e-01,4.900133013725280762e-01,5.468854308128356934e-01,6.045035123825073242e-01,6.633321046829223633e-01,7.210748791694641113e-01,7.764357328414916992e-01,8.330577015876770020e-01,8.902699947357177734e-01,9.430810809135437012e-01,9.989328980445861816e-01,1.049823641777038574e+00,1.099894642829895020e+00,1.148981809616088867e+00
3.321105614304542542e-02,8.898314088582992554e-02,1.450584530830383301e-01,2.017913460731506348e-01,2.596706748008728027e-01,3.178552985191345215e-01,3.758373856544494629e-01,4.333875179290771484e-01,4.905619919300079346e-01,5.477835536003112793e-01,6.063968539237976074e-01,6.650438904762268066e-01,7.216320633888244629e-01,7.775222063064575195e-01,8.350989222526550293e-01,8.906138539314270020e-01,9.449958801269531250e-01,9.976522326469421387e-01,1.051155567169189453e+00,1.101169586181640625e+00,1.148799538612365723e+00
3.347080945968627930e-02,8.904277533292770386e-02,1.455223113298416138e-01,2.031491249799728394e-01,2.611609101295471191e-01,3.193297684192657471e-01,3.772393167018890381e-01,4.341010153293609619e-01,4.911284744739532471e-01,5.491951704025268555e-01,6.081147193908691406e-01,6.663343906402587891e-01,7.219502925872802734e-01,7.792456150054931641e-01,8.366734981536865234e-01,8.904812335968017578e-01,9.467852115631103516e-01,9.980692267417907715e-01,1.050351262092590332e+00,1.101579904556274414e+00,1.150059342384338379e+00
3.364203497767448425e-02,8.934158831834793091e-02,1.465033143758773804e-01,2.044569998979568481e-01,2.625899612903594971e-01,3.206950426101684570e-01,3.781786262989044189e-01,4.346191883087158203e-01,4.919615387916564941e-01,5.508887767791748047e-01,6.096134781837463379e-01,6.667302846908569336e-01,7.229533195495605469e-01,7.810863256454467773e-01,8.370420932769775391e-01,8.918054103851318359e-01,9.467167854309082031e-01,9.991330504417419434e-01,1.050498723983764648e+00,1.099309921264648438e+00,1.148003697395324707e+00
3.349371626973152161e-02,8.988886326551437378e-02,1.476726084947586060e-01,nan,2.639133334159851074e-01,3.218590617179870605e-01,3.786078691482543945e-01,4.352887272834777832e-01,4.932550489902496338e-01,5.523345470428466797e-01,6.107147336006164551e-01,6.668236851692199707e-01,7.245363593101501465e-01,7.825562953948974609e-01,8.369511365890502930e-01,8.934244513511657715e-01,9.457502365112304688e-01,9.981282949447631836e-01,1.052210688591003418e+00,1.100728273391723633e+00,1.148890376091003418e+00
3.364648297429084778e-02,9.098187834024429321e-02,1.487945616245269775e-01,2.068954259157180786e-01,2.650879919528961182e-01,3.225837051868438721e-01,3.789299428462982178e-01,4.362135231494903564e-01,4.947670400142669678e-01,5.535705685615539551e-01,6.109413504600524902e-01,6.676042079925537109e-01,nan,7.825850844383239746e-01,8.379151821136474609e-01,8.933069109916687012e-01,9.469953775405883789e-01,9.983266592025756836e-01,1.051158189773559570e+00,1.100224614143371582e+00,1.148728132247924805e+00
3.406008705496788025e-02,9.192395210266113281e-02,1.498720496892929077e-01,2.080182731151580811e-01,2.660740315914154053e-01,3.226479291915893555e-01,3.796112835407257080e-01,4.374679327011108398e-01,4.961400628089904785e-01,5.542508363723754883e-01,6.110318303108215332e-01,6.690587997436523438e-01,7.274711728096008301e-01,7.821542620658874512e-01,8.394799828529357910e-01,8.924617171287536621e-01,9.456998109817504883e-01,9.999938607215881348e-01,1.050058007240295410e+00,1.099514245986938477e+00,1.147042989730834961e+00
3.489813953638076782e-02,9.283614158630371094e-02,1.509075760841369629e-01,2.090306282043457031e-01,2.665466368198394775e-01,3.228290379047393799e-01,3.804861605167388916e-01,4.388792216777801514e-01,4.973110854625701904e-01,5.540609955787658691e-01,6.116988062858581543e-01,6.704929471015930176e-01,7.274907827377319336e-01,7.830636501312255859e-01,8.396098017692565918e-01,8.935489654541015625e-01,9.451624155044555664e-01,1.000395417213439941e+00,1.050362586975097656e+00,1.101075291633605957e+00,1.148821830749511719e+00
3.569962456822395325e-02,9.371262043714523315e-02,1.518760472536087036e-01,2.098706066608428955e-01,2.663147449493408203e-01,3.234348893165588379e-01,3.817028999328613281e-01,4.400992393493652344e-01,4.977551996707916260e-01,5.542594194412231445e-01,6.128838658332824707e-01,6.716359257698059082e-01,7.267906665802001953e-01,7.844693660736083984e-01,8.379465937614440918e-01,8.933447003364562988e-01,9.465877413749694824e-01,9.985250234603881836e-01,1.048419237136840820e+00,1.100011467933654785e+00,1.149337768554687500e+00
3.647912666201591492e-02,9.453823417425155640e-02,1.527404189109802246e-01,2.100890874862670898e-01,2.664853334426879883e-01,3.242795467376708984e-01,3.828862905502319336e-01,4.411345124244689941e-01,4.973068237304687500e-01,5.549788475036621094e-01,6.139799952507019043e-01,6.714148521423339844e-01,7.275674343109130859e-01,nan,8.388376235961914062e-01,8.917723298072814941e-01,9.461258053779602051e-01,9.993827939033508301e-01,1.049621224403381348e+00,1.098936915397644043e+00,1.148243427276611328e+00
3.722341358661651611e-02,9.531216323375701904e-02,1.533728688955307007e-01,2.096449434757232666e-01,2.670434713363647461e-01,3.253688216209411621e-01,3.839353919029235840e-01,4.411718249320983887e-01,4.976202547550201416e-01,5.561538934707641602e-01,6.145889163017272949e-01,nan,7.287074327468872070e-01,7.830790877342224121e-01,8.386926054954528809e-01,8.925980925559997559e-01,9.448586106300354004e-01,9.979887604713439941e-01,1.050510644912719727e+00,nan,1.149405717849731445e+00
