# 1st dimension: Re = np.logspace(np.log10(1.4e6), np.log10(1.05e7), 20); 2nd dimension: alpha = np.arange(-5., 5.5, .5)
nan,nan,nan,nan,nan,2.193186730146408081e-01,nan,3.310666680335998535e-01,3.860800862312316895e-01,4.395349025726318359e-01,4.927099943161010742e-01,nan,nan,nan,nan,nan,nan,nan,nan,nan,nan
nan,nan,nan,nan,nan,2.196836918592453003e-01,nan,3.315831720829010010e-01,3.855463564395904541e-01,4.400411248207092285e-01,4.936110675334930420e-01,nan,nan,nan,nan,nan,nan,nan,nan,nan,nan
nan,nan,nan,nan,nan,2.198424339294433594e-01,nan,3.319550752639770508e-01,3.858156800270080566e-01,4.397535324096679688e-01,4.938633143901824951e-01,nan,nan,nan,nan,nan,nan,nan,nan,nan,nan
nan,nan,nan,nan,nan,2.196948230266571045e-01,nan,3.316985368728637695e-01,3.861874639987945557e-01,4.397561550140380859e-01,4.930951595306396484e-01,nan,nan,nan,nan,nan,nan,nan,nan,nan,nan
nan,nan,nan,nan,nan,nan,nan,3.309604227542877197e-01,3.857570290565490723e-01,4.403222799301147461e-01,4.935479462146759033e-01,nan,nan,nan,nan,nan,nan,nan,nan,nan,nan
nan,nan,nan,nan,nan,nan,nan,3.314142525196075439e-01,3.851422369480133057e-01,4.399333298206329346e-01,4.936617910861968994e-01,nan,nan,nan,nan,nan,nan,nan,nan,nan,nan
nan,nan,nan,nan,nan,2.176615297794342041e-01,nan,3.312030136585235596e-01,3.857332766056060791e-01,4.393763542175292969e-01,4.928308427333831787e-01,5.469865202903747559e-01,5.991562008857727051e-01,6.404196023941040039e-01,6.792620420455932617e-01,7.293833494186401367e-01,7.784727215766906738e-01,8.326177597045898438e-01,8.864039778709411621e-01,nan,9.921540617942810059e-01
nan,nan,nan,nan,nan,nan,nan,3.301396369934082031e-01,3.857215642929077148e-01,4.398051202297210693e-01,4.933881163597106934e-01,5.470593571662902832e-01,5.977258086204528809e-01,6.391679644584655762e-01,6.800935268402099609e-01,7.329096794128417969e-01,7.806419730186462402e-01,8.345190882682800293e-01,nan,nan,9.944235086441040039e-01
nan,nan,nan,nan,nan,nan,nan,3.304231464862823486e-01,3.847976326942443848e-01,4.392232000827789307e-01,nan,5.471571087837219238e-01,5.958046913146972656e-01,6.382669806480407715e-01,nan,7.350212335586547852e-01,7.854018211364746094e-01,8.363988399505615234e-01,8.904000520706176758e-01,nan,nan
nan,nan,nan,nan,nan,nan,nan,3.304559886455535889e-01,3.849995732307434082e-01,4.389101564884185791e-01,4.928411543369293213e-01,5.465109944343566895e-01,5.937847495079040527e-01,6.379715800285339355e-01,6.819798350334167480e-01,7.366383075714111328e-01,7.896028161048889160e-01,8.382563591003417969e-01,8.923311233520507812e-01,9.458903074264526367e-01,nan
nan,nan,nan,nan,nan,nan,nan,3.297159373760223389e-01,3.848116397857666016e-01,4.391676187515258789e-01,4.933316409587860107e-01,5.471213459968566895e-01,5.914622545242309570e-01,6.381918787956237793e-01,6.831684708595275879e-01,7.379944324493408203e-01,7.921389341354370117e-01,8.389453887939453125e-01,nan,9.478225708007812500e-01,nan
nan,nan,nan,nan,nan,nan,nan,3.296553790569305420e-01,3.839482367038726807e-01,4.382396936416625977e-01,4.928132891654968262e-01,5.466147661209106445e-01,5.889153480529785156e-01,6.377962231636047363e-01,6.843310594558715820e-01,7.392944097518920898e-01,7.939256429672241211e-01,8.449450135231018066e-01,8.960261940956115723e-01,9.497165083885192871e-01,nan
nan,nan,nan,nan,nan,nan,nan,3.298199474811553955e-01,3.843070268630981445e-01,4.384870827198028564e-01,4.925772845745086670e-01,5.464349985122680664e-01,5.877341032028198242e-01,6.381978392601013184e-01,6.855430006980895996e-01,7.405413985252380371e-01,7.953378558158874512e-01,8.484937548637390137e-01,8.977848887443542480e-01,9.515583515167236328e-01,nan
nan,nan,nan,nan,nan,nan,nan,3.288739621639251709e-01,nan,4.384669959545135498e-01,4.925392568111419678e-01,5.450229048728942871e-01,5.873350501060485840e-01,6.383365988731384277e-01,6.867617964744567871e-01,7.417508959770202637e-01,7.966331839561462402e-01,8.509262204170227051e-01,9.003635048866271973e-01,9.533473253250122070e-01,nan
nan,nan,nan,nan,nan,nan,nan,3.289088010787963867e-01,3.832980990409851074e-01,4.377248883247375488e-01,4.918215572834014893e-01,5.433793663978576660e-01,nan,6.383565068244934082e-01,6.879162788391113281e-01,7.429150938987731934e-01,7.978271842002868652e-01,8.525594472885131836e-01,9.046489596366882324e-01,9.550864696502685547e-01,1.008512139320373535e+00
nan,nan,nan,nan,nan,nan,nan,3.286755681037902832e-01,3.833732604980468750e-01,4.380789399147033691e-01,nan,5.414183735847473145e-01,5.865896344184875488e-01,6.389980912208557129e-01,6.890259385108947754e-01,7.440664768218994141e-01,7.989572286605834961e-01,8.539240956306457520e-01,9.072964191436767578e-01,9.567901492118835449e-01,1.010347008705139160e+00
nan,nan,nan,nan,nan,nan,nan,3.278195261955261230e-01,3.823655545711517334e-01,4.370846748352050781e-01,4.919342696666717529e-01,5.396791696548461914e-01,5.869668126106262207e-01,6.390219926834106445e-01,6.901472806930541992e-01,7.452566027641296387e-01,8.000738620758056641e-01,8.550945520401000977e-01,9.092523455619812012e-01,9.612783193588256836e-01,1.012109279632568359e+00
nan,nan,nan,nan,nan,nan,nan,3.281040787696838379e-01,3.826941251754760742e-01,4.371499419212341309e-01,4.916343390941619873e-01,5.379653573036193848e-01,5.869998335838317871e-01,nan,nan,7.463822364807128906e-01,8.011974096298217773e-01,8.561241030693054199e-01,9.108812808990478516e-01,9.641440510749816895e-01,1.013818740844726562e+00
nan,nan,nan,nan,nan,nan,nan,3.270191848278045654e-01,3.821122050285339355e-01,4.364350736141204834e-01,nan,5.363837480545043945e-01,5.873559713363647461e-01,6.398795247077941895e-01,6.923196911811828613e-01,nan,nan,8.572209477424621582e-01,9.123089313507080078e-01,9.660941362380981445e-01,1.017480492591857910e+00
nan,nan,nan,nan,nan,nan,nan,3.270536065101623535e-01,3.817766308784484863e-01,4.362407028675079346e-01,nan,5.353854298591613770e-01,5.875896215438842773e-01,6.405003070831298828e-01,6.934338212013244629e-01,nan,8.034938573837280273e-01,8.583058714866638184e-01,9.135579466819763184e-01,9.677005410194396973e-01,1.020748496055603027e+00
