# 1st dimension: Re = np.logspace(np.log10(1.4e6), np.log10(1.05e7), 20); 2nd dimension: alpha = np.arange(-5., 5.5, .5)
nan,nan,nan,nan,nan,5.283596366643905640e-02,1.074606701731681824e-01,1.632283926010131836e-01,2.196492403745651245e-01,2.761132121086120605e-01,3.251382410526275635e-01,nan,nan,nan,nan,nan,nan,nan,nan,nan,nan
nan,nan,nan,nan,nan,5.291510000824928284e-02,1.077060997486114502e-01,1.635486036539077759e-01,2.201120555400848389e-01,2.766941785812377930e-01,3.291813731193542480e-01,3.635740876197814941e-01,4.196161329746246338e-01,4.752670824527740479e-01,5.307503342628479004e-01,5.869631767272949219e-01,6.446729898452758789e-01,7.033735513687133789e-01,7.407110929489135742e-01,7.766650319099426270e-01,8.144923448562622070e-01
nan,-1.508708745241165161e-01,-9.913106262683868408e-02,-4.661615192890167236e-02,5.655100569128990173e-03,5.337136611342430115e-02,1.079168096184730530e-01,1.638847142457962036e-01,2.205500304698944092e-01,2.772572338581085205e-01,3.326621353626251221e-01,nan,nan,nan,nan,nan,nan,nan,nan,nan,nan
nan,nan,5.884755030274391174e-02,5.221568048000335693e-02,5.773095786571502686e-02,nan,1.081231757998466492e-01,1.642478704452514648e-01,2.209929823875427246e-01,2.778231501579284668e-01,3.339907824993133545e-01,nan,nan,nan,nan,nan,nan,nan,nan,nan,nan
nan,nan,nan,nan,nan,3.024314343929290771e-02,1.083470284938812256e-01,nan,2.214606106281280518e-01,2.783924639225006104e-01,3.346717655658721924e-01,nan,nan,nan,nan,nan,nan,nan,nan,nan,nan
nan,nan,nan,nan,nan,nan,1.085887402296066284e-01,nan,nan,2.789260447025299072e-01,3.356859982013702393e-01,3.734290301799774170e-01,4.257950484752655029e-01,4.831039309501647949e-01,5.410134196281433105e-01,5.995730757713317871e-01,6.583560705184936523e-01,7.162947654724121094e-01,7.252511978149414062e-01,7.593916654586791992e-01,7.929210662841796875e-01
nan,nan,nan,nan,nan,nan,1.088225021958351135e-01,1.654210984706878662e-01,2.224392890930175781e-01,2.792972028255462646e-01,3.358583450317382812e-01,nan,nan,nan,nan,nan,nan,nan,nan,nan,nan
nan,nan,nan,nan,nan,nan,1.090600267052650452e-01,nan,2.227510213851928711e-01,2.794621288776397705e-01,3.358256816864013672e-01,nan,nan,nan,nan,nan,nan,nan,nan,nan,nan
nan,nan,nan,nan,nan,nan,nan,nan,2.228484004735946655e-01,2.794195115566253662e-01,3.358034193515777588e-01,3.834966421127319336e-01,4.311040341854095459e-01,4.888917207717895508e-01,5.477153062820434570e-01,6.060891747474670410e-01,6.633725762367248535e-01,7.194155454635620117e-01,7.172624468803405762e-01,7.518408894538879395e-01,7.996167540550231934e-01
nan,nan,nan,nan,nan,nan,nan,nan,2.227378040552139282e-01,2.793209850788116455e-01,3.359102606773376465e-01,3.859147429466247559e-01,4.325456321239471436e-01,4.906720221042633057e-01,5.496223568916320801e-01,6.078235507011413574e-01,6.637659668922424316e-01,7.185980677604675293e-01,nan,nan,8.033471107482910156e-01
nan,nan,nan,nan,nan,nan,nan,nan,2.225978523492813110e-01,2.792735397815704346e-01,3.363694846630096436e-01,3.881836831569671631e-01,4.361437559127807617e-01,4.923874735832214355e-01,5.512933135032653809e-01,6.086558699607849121e-01,6.650246381759643555e-01,7.182145118713378906e-01,7.090256810188293457e-01,7.561846375465393066e-01,8.068447709083557129e-01
nan,nan,nan,nan,nan,nan,nan,nan,2.224913984537124634e-01,2.793585658073425293e-01,3.371767401695251465e-01,3.901896774768829346e-01,4.406425654888153076e-01,4.940547645092010498e-01,5.527245998382568359e-01,6.088708639144897461e-01,6.662243604660034180e-01,7.154455184936523438e-01,7.100953459739685059e-01,7.592828869819641113e-01,8.102524280548095703e-01
nan,nan,nan,nan,nan,nan,nan,1.656948029994964600e-01,2.224819809198379517e-01,2.800485789775848389e-01,3.379278182983398438e-01,3.917264044284820557e-01,nan,4.955386221408843994e-01,5.536136627197265625e-01,6.098793148994445801e-01,6.654838919639587402e-01,7.123224735260009766e-01,7.124816775321960449e-01,7.622362971305847168e-01,8.136072754859924316e-01
nan,nan,nan,nan,nan,nan,nan,1.655827909708023071e-01,2.228440940380096436e-01,2.806921005249023438e-01,3.386220633983612061e-01,nan,4.468144476413726807e-01,4.967675209045410156e-01,5.533280372619628906e-01,6.111046671867370605e-01,6.656124591827392578e-01,7.087052464485168457e-01,nan,7.651267647743225098e-01,8.168620467185974121e-01
nan,nan,nan,nan,nan,nan,nan,1.656193286180496216e-01,2.233892381191253662e-01,2.812890410423278809e-01,3.392738401889801025e-01,3.946606814861297607e-01,4.489962458610534668e-01,4.974426031112670898e-01,5.539885163307189941e-01,6.110701560974121094e-01,6.663109064102172852e-01,7.050690054893493652e-01,7.156944274902343750e-01,7.679529190063476562e-01,8.199397325515747070e-01
nan,nan,nan,nan,nan,nan,1.085675805807113647e-01,1.660393625497817993e-01,2.238872200250625610e-01,2.818418145179748535e-01,3.398796916007995605e-01,3.957120180130004883e-01,4.505984783172607422e-01,4.968923032283782959e-01,5.548259615898132324e-01,6.102990508079528809e-01,6.653032302856445312e-01,7.025282979011535645e-01,7.180975079536437988e-01,7.706810235977172852e-01,8.228803873062133789e-01
nan,nan,nan,nan,nan,nan,1.086584776639938354e-01,1.664184331893920898e-01,2.243382930755615234e-01,2.823475301265716553e-01,3.404357731342315674e-01,3.967193961143493652e-01,4.516690671443939209e-01,4.969591796398162842e-01,5.544657707214355469e-01,6.109346151351928711e-01,6.653901934623718262e-01,7.016603350639343262e-01,7.204294800758361816e-01,7.733091711997985840e-01,8.256943225860595703e-01
nan,nan,nan,nan,nan,nan,1.089072972536087036e-01,1.667587459087371826e-01,2.247463464736938477e-01,nan,3.409227132797241211e-01,nan,nan,4.991359412670135498e-01,5.536231398582458496e-01,nan,6.642115712165832520e-01,6.996638774871826172e-01,7.227213382720947266e-01,7.758362293243408203e-01,8.284004330635070801e-01
nan,nan,nan,nan,nan,nan,1.091318428516387939e-01,1.670625507831573486e-01,2.251133471727371216e-01,nan,3.413527607917785645e-01,3.982662856578826904e-01,4.517162144184112549e-01,5.004959106445312500e-01,5.540659427642822266e-01,6.091263294219970703e-01,6.627348661422729492e-01,nan,7.250956892967224121e-01,7.782767415046691895e-01,8.310146927833557129e-01
nan,nan,nan,nan,nan,5.153550952672958374e-02,1.093306764960289001e-01,1.673329025506973267e-01,2.254397720098495483e-01,nan,3.417170643806457520e-01,3.973016142845153809e-01,4.523031711578369141e-01,5.017691850662231445e-01,5.531463027000427246e-01,6.097618937492370605e-01,6.594620347023010254e-01,6.975860595703125000e-01,7.274748682975769043e-01,7.806750535964965820e-01,8.335673213005065918e-01
