# 1st dimension: Re = np.logspace(np.log10(1.4e6), np.log10(1.05e7), 20); 2nd dimension: alpha = np.arange(-5., 5.5, .5)
-5.637449026107788086e-01,-4.957129359245300293e-01,-4.304910004138946533e-01,-3.707440793514251709e-01,-3.184432983398437500e-01,-2.673738002777099609e-01,-2.147214859724044800e-01,-1.613422483205795288e-01,-1.078489199280738831e-01,-5.366232991218566895e-02,2.053059724858030677e-04,5.391301214694976807e-02,1.078543663024902344e-01,1.613329946994781494e-01,2.146998196840286255e-01,2.673593163490295410e-01,3.184245228767395020e-01,3.707275390625000000e-01,4.304994046688079834e-01,4.957539141178131104e-01,5.637912750244140625e-01
-5.574702620506286621e-01,-4.903790652751922607e-01,-4.273590743541717529e-01,-3.712530732154846191e-01,-3.201271891593933105e-01,-2.685821354389190674e-01,-2.154904007911682129e-01,-1.621520668268203735e-01,-1.079325526952743530e-01,nan,4.885359157924540341e-05,5.395273119211196899e-02,1.082665398716926575e-01,1.621458232402801514e-01,2.154780477285385132e-01,2.685593962669372559e-01,3.201044797897338867e-01,3.712449669837951660e-01,4.273793101310729980e-01,4.903987646102905273e-01,5.575129389762878418e-01
-5.523806214332580566e-01,-4.862759113311767578e-01,-4.261208474636077881e-01,-3.727893233299255371e-01,-3.217763304710388184e-01,-2.698085606098175049e-01,-2.165172696113586426e-01,-1.627343744039535522e-01,-1.083684712648391724e-01,-5.419966205954551697e-02,-6.254183062992524356e-06,5.445977672934532166e-02,1.086479499936103821e-01,1.627092659473419189e-01,2.165113240480422974e-01,2.697944045066833496e-01,3.217565119266510010e-01,3.727731704711914062e-01,4.261237680912017822e-01,4.863013327121734619e-01,5.524141788482666016e-01
-5.474428534507751465e-01,-4.826246798038482666e-01,-4.257572293281555176e-01,-3.742943704128265381e-01,-3.230483829975128174e-01,-2.708548009395599365e-01,-2.170146256685256958e-01,-1.630383282899856567e-01,-1.085655391216278076e-01,-5.424958467483520508e-02,-1.461735246266471222e-05,5.440416932106018066e-02,1.089813336730003357e-01,1.631050854921340942e-01,2.170059531927108765e-01,2.708477675914764404e-01,3.230351209640502930e-01,3.742794096469879150e-01,4.257487058639526367e-01,4.826318621635437012e-01,5.474749207496643066e-01
-5.431976318359375000e-01,-4.802425205707550049e-01,nan,-3.756181895732879639e-01,-3.242546916007995605e-01,-2.716478109359741211e-01,-2.176212072372436523e-01,-1.634443104267120361e-01,-1.088619232177734375e-01,-5.458011478185653687e-02,-9.463190508540719748e-06,5.459728464484214783e-02,1.092577502131462097e-01,1.638801544904708862e-01,2.176116406917572021e-01,2.716346383094787598e-01,3.242478668689727783e-01,3.756082952022552490e-01,4.268125295639038086e-01,4.802580177783966064e-01,5.432124137878417969e-01
-5.402367711067199707e-01,-4.800810813903808594e-01,-4.285345971584320068e-01,nan,-3.252250850200653076e-01,-2.723750174045562744e-01,-2.183991819620132446e-01,nan,-1.092682555317878723e-01,-5.476756393909454346e-02,-6.723116712237242609e-06,5.474719405174255371e-02,1.094904541969299316e-01,nan,2.183764278888702393e-01,2.723686099052429199e-01,3.252101838588714600e-01,3.766826689243316650e-01,nan,4.800825715065002441e-01,5.402595996856689453e-01
-5.375599265098571777e-01,-4.812425076961517334e-01,-4.301287829875946045e-01,-3.774324357509613037e-01,-3.259531259536743164e-01,-2.730318307876586914e-01,-2.185775488615036011e-01,-1.641895473003387451e-01,-1.095803231000900269e-01,-5.475641787052154541e-02,-4.688390617957338691e-06,5.473798140883445740e-02,1.096593663096427917e-01,1.646197736263275146e-01,2.187327891588211060e-01,2.730241715908050537e-01,3.259447515010833740e-01,3.774195015430450439e-01,4.301151037216186523e-01,4.812352061271667480e-01,5.375689864158630371e-01
-5.363779067993164062e-01,-4.833138585090637207e-01,-4.317071139812469482e-01,-3.783326745033264160e-01,-3.265993297100067139e-01,-2.735118865966796875e-01,-2.190559506416320801e-01,-1.645418256521224976e-01,-1.098422706127166748e-01,-5.515931919217109680e-02,-3.322805923744454049e-06,5.514885857701301575e-02,1.098331883549690247e-01,1.648214161396026611e-01,2.193330824375152588e-01,2.734956741333007812e-01,3.265953958034515381e-01,3.783249258995056152e-01,4.316971004009246826e-01,4.833049774169921875e-01,5.363771319389343262e-01
-5.376796126365661621e-01,-4.855187535285949707e-01,-4.331956803798675537e-01,-3.793745338916778564e-01,-3.268267512321472168e-01,-2.738690376281738281e-01,-2.194588035345077515e-01,-1.649118065834045410e-01,-1.099881231784820557e-01,-5.514381453394889832e-02,-2.670102730917278677e-06,5.513693764805793762e-02,1.099682375788688660e-01,1.650595813989639282e-01,2.197925448417663574e-01,2.738988995552062988e-01,3.268193602561950684e-01,3.793705105781555176e-01,4.331894814968109131e-01,4.855119884014129639e-01,5.376762747764587402e-01
-5.400907397270202637e-01,-4.874919950962066650e-01,-4.346856772899627686e-01,-3.803606033325195312e-01,-3.270940184593200684e-01,-2.738590240478515625e-01,-2.197387516498565674e-01,-1.653192788362503052e-01,-1.101375669240951538e-01,-5.527989566326141357e-02,-2.059957751043839380e-06,5.527476966381072998e-02,1.101235598325729370e-01,1.653175204992294312e-01,2.200974524021148682e-01,2.741803824901580811e-01,3.270871937274932861e-01,3.803505301475524902e-01,4.346824884414672852e-01,4.874879121780395508e-01,5.400871634483337402e-01
-5.424764156341552734e-01,-4.892773330211639404e-01,-4.356824159622192383e-01,-3.810626268386840820e-01,-3.273711204528808594e-01,-2.741743624210357666e-01,-2.203331440687179565e-01,-1.652924865484237671e-01,-1.102277040481567383e-01,-5.540280789136886597e-02,-1.827817413868615404e-06,5.539881810545921326e-02,1.102200299501419067e-01,1.652677059173583984e-01,2.204901576042175293e-01,2.743326127529144287e-01,3.273581862449645996e-01,3.810576200485229492e-01,4.356725811958312988e-01,4.892752766609191895e-01,5.424738526344299316e-01
-5.444282293319702148e-01,-4.906965494155883789e-01,-4.367319345474243164e-01,-3.820081353187561035e-01,-3.273850679397583008e-01,-2.742988765239715576e-01,-2.207619994878768921e-01,-1.655640900135040283e-01,-1.105819866061210632e-01,-5.530863255262374878e-02,1.218757752212695777e-04,5.530530959367752075e-02,1.105771884322166443e-01,1.655489951372146606e-01,2.207890003919601440e-01,2.746611237525939941e-01,3.275443315505981445e-01,3.820053637027740479e-01,4.367255568504333496e-01,4.906884133815765381e-01,5.444207787513732910e-01
-5.459298491477966309e-01,-4.919525682926177979e-01,-4.375308156013488770e-01,-3.825807869434356689e-01,-3.279140293598175049e-01,-2.746896743774414062e-01,-2.209313064813613892e-01,-1.656976044178009033e-01,-1.105788424611091614e-01,-5.541554838418960571e-02,-1.491293460276210681e-06,5.541235581040382385e-02,1.105750799179077148e-01,1.656902581453323364e-01,2.209078520536422729e-01,2.748646736145019531e-01,3.280850350856781006e-01,3.825643658638000488e-01,4.375276863574981689e-01,4.919472634792327881e-01,5.459236502647399902e-01
-5.473420023918151855e-01,-4.931803643703460693e-01,-4.385222494602203369e-01,-3.831667006015777588e-01,-3.282290697097778320e-01,-2.747193872928619385e-01,-2.212939262390136719e-01,-1.657546460628509521e-01,-1.110009029507637024e-01,-5.521145090460777283e-02,-1.514776840849663131e-06,5.520852282643318176e-02,1.109977141022682190e-01,1.657498627901077271e-01,2.212789356708526611e-01,2.747818529605865479e-01,3.285782933235168457e-01,nan,4.385189712047576904e-01,4.931773543357849121e-01,5.473381280899047852e-01
-5.486924052238464355e-01,-4.943366646766662598e-01,-4.392184913158416748e-01,-3.835538923740386963e-01,-3.287985622882843018e-01,-2.748013138771057129e-01,-2.213599234819412231e-01,-1.659751981496810913e-01,-1.111111640930175781e-01,-5.540586262941360474e-02,-1.395787194269360043e-06,5.540292710065841675e-02,1.111083328723907471e-01,1.659716814756393433e-01,2.213516831398010254e-01,2.747795581817626953e-01,3.290601670742034912e-01,3.837885856628417969e-01,4.392041862010955811e-01,4.943351447582244873e-01,5.486902594566345215e-01
-5.499359965324401855e-01,-4.953141808509826660e-01,-4.398784041404724121e-01,-3.841997981071472168e-01,-3.293868899345397949e-01,-2.748847305774688721e-01,-2.217169106006622314e-01,-1.659265905618667603e-01,-1.112375184893608093e-01,-5.543586239218711853e-02,-1.469194444325694349e-06,5.543303862214088440e-02,1.112346649169921875e-01,1.659238785505294800e-01,2.217124849557876587e-01,2.748712599277496338e-01,3.294728696346282959e-01,3.844424486160278320e-01,4.399287104606628418e-01,4.953102171421051025e-01,5.499349832534790039e-01
nan,-4.960179924964904785e-01,-4.404998421669006348e-01,-3.846918940544128418e-01,-3.301619291305541992e-01,-2.749200165271759033e-01,-2.219844460487365723e-01,-1.660349667072296143e-01,-1.113272309303283691e-01,-5.552018433809280396e-02,8.909291500458493829e-05,5.551734194159507751e-02,1.113244593143463135e-01,1.660323739051818848e-01,2.219817340373992920e-01,2.749134004116058350e-01,3.301410079002380371e-01,3.849716782569885254e-01,4.407553970813751221e-01,4.960059821605682373e-01,nan
-5.517889857292175293e-01,-4.967119097709655762e-01,-4.412719905376434326e-01,-3.855796754360198975e-01,-3.304928839206695557e-01,-2.753807008266448975e-01,-2.221269160509109497e-01,-1.663000732660293579e-01,-1.113095581531524658e-01,-5.565605685114860535e-02,-1.444277813789085485e-06,5.565313994884490967e-02,1.113068312406539917e-01,1.662974208593368530e-01,2.221245318651199341e-01,2.753774225711822510e-01,3.304787576198577881e-01,3.856669366359710693e-01,4.414467811584472656e-01,4.967575073242187500e-01,5.517855882644653320e-01
-5.525730848312377930e-01,-4.973786175251007080e-01,-4.418341219425201416e-01,-3.863975703716278076e-01,-3.309448361396789551e-01,-2.756599187850952148e-01,-2.222209572792053223e-01,-1.662620306015014648e-01,-1.113374084234237671e-01,nan,-1.467773699914687313e-06,nan,1.113345921039581299e-01,1.662595272064208984e-01,2.222185730934143066e-01,2.756579816341400146e-01,3.309398293495178223e-01,3.863796591758728027e-01,4.421159327030181885e-01,4.975948333740234375e-01,5.525625944137573242e-01
-5.533502101898193359e-01,-4.981279373168945312e-01,-4.427832961082458496e-01,-3.868890404701232910e-01,-3.313482999801635742e-01,-2.759797871112823486e-01,-2.224252820014953613e-01,-1.665455847978591919e-01,-1.111401468515396118e-01,-5.577790737152099609e-02,-1.419459977114456706e-06,5.577499791979789734e-02,1.111373975872993469e-01,1.665429621934890747e-01,2.224231213331222534e-01,2.759779095649719238e-01,3.313460350036621094e-01,3.868747949600219727e-01,4.428620934486389160e-01,4.983186423778533936e-01,5.534048676490783691e-01
