# 1st dimension: Re = np.logspace(np.log10(1.4e6), np.log10(1.05e7), 20); 2nd dimension: alpha = np.arange(-5., 5.5, .5)
nan,nan,nan,1.981312334537506104e-01,2.529675662517547607e-01,3.073475956916809082e-01,3.613772690296173096e-01,4.151657521724700928e-01,4.687089920043945312e-01,5.219699144363403320e-01,5.749611854553222656e-01,6.276717185974121094e-01,6.800659894943237305e-01,nan,nan,nan,nan,nan,9.798220396041870117e-01,1.026021718978881836e+00,1.075915575027465820e+00
nan,nan,nan,nan,nan,nan,nan,nan,nan,nan,nan,nan,6.834315061569213867e-01,nan,nan,nan,nan,9.374868869781494141e-01,9.853671789169311523e-01,1.030810356140136719e+00,1.076230406761169434e+00
nan,nan,nan,nan,nan,nan,nan,nan,nan,nan,nan,6.342484354972839355e-01,6.867999434471130371e-01,7.389445900917053223e-01,nan,nan,8.920351266860961914e-01,9.421875476837158203e-01,9.905596971511840820e-01,1.035643219947814941e+00,1.080951929092407227e+00
nan,9.680264443159103394e-02,1.520914584398269653e-01,2.069340199232101440e-01,2.614846229553222656e-01,3.157918453216552734e-01,3.699028789997100830e-01,4.238690435886383057e-01,4.776379764080047607e-01,5.311977863311767578e-01,5.844749212265014648e-01,6.374524235725402832e-01,6.901066303253173828e-01,7.423864006996154785e-01,nan,nan,nan,nan,nan,1.040881156921386719e+00,1.086082100868225098e+00
4.397689551115036011e-02,nan,nan,nan,nan,nan,nan,nan,nan,nan,nan,6.405948400497436523e-01,6.933550238609313965e-01,7.457628250122070312e-01,7.977257370948791504e-01,nan,9.000319242477416992e-01,9.503977894783020020e-01,9.996855258941650391e-01,1.045949935913085938e+00,1.091322541236877441e+00
nan,nan,nan,nan,nan,nan,nan,nan,nan,nan,nan,nan,nan,nan,nan,8.527339100837707520e-01,9.038263559341430664e-01,9.543095231056213379e-01,1.003566145896911621e+00,1.050542116165161133e+00,1.096572160720825195e+00
nan,nan,nan,nan,nan,nan,nan,nan,nan,nan,nan,nan,nan,nan,nan,nan,nan,nan,nan,nan,nan
nan,nan,nan,nan,nan,nan,nan,nan,nan,nan,nan,nan,nan,nan,nan,nan,9.046477675437927246e-01,nan,9.902467131614685059e-01,1.034773468971252441e+00,1.085744261741638184e+00
1.005411446094512939e-01,1.520816236734390259e-01,2.033953964710235596e-01,2.545248568058013916e-01,3.054975271224975586e-01,3.563345372676849365e-01,4.071225225925445557e-01,4.578092098236083984e-01,5.083542466163635254e-01,nan,nan,6.591477394104003906e-01,7.091276645660400391e-01,7.589372396469116211e-01,8.084761500358581543e-01,8.582059144973754883e-01,9.066343307495117188e-01,nan,9.944616556167602539e-01,1.038837194442749023e+00,nan
nan,nan,nan,nan,nan,nan,nan,nan,nan,nan,nan,nan,nan,nan,nan,nan,nan,nan,nan,nan,nan
5.978786572813987732e-02,1.151308491826057434e-01,1.702774763107299805e-01,2.252419739961624146e-01,2.800297737121582031e-01,3.346423506736755371e-01,3.890796601772308350e-01,4.433819353580474854e-01,4.975141286849975586e-01,5.514433979988098145e-01,6.051560640335083008e-01,6.586362719535827637e-01,7.118653655052185059e-01,7.648201584815979004e-01,8.174681067466735840e-01,8.696380257606506348e-01,9.214025139808654785e-01,9.721066355705261230e-01,1.020532965660095215e+00,1.069723129272460938e+00,1.119379162788391113e+00
6.216484680771827698e-02,1.175229400396347046e-01,1.726965606212615967e-01,2.276944369077682495e-01,2.825172245502471924e-01,3.371684253215789795e-01,3.916487097740173340e-01,4.459976255893707275e-01,5.001790523529052734e-01,5.541626811027526855e-01,6.079352498054504395e-01,6.614807248115539551e-01,7.147805094718933105e-01,7.678139209747314453e-01,8.205535411834716797e-01,8.728231787681579590e-01,9.246842861175537109e-01,9.750608205795288086e-01,1.023835659027099609e+00,1.073478698730468750e+00,1.123327851295471191e+00
6.449506431818008423e-02,1.198698505759239197e-01,1.750674247741699219e-01,2.300950735807418823e-01,2.849555909633636475e-01,3.396490216255187988e-01,3.941748142242431641e-01,4.485690891742706299e-01,5.027980804443359375e-01,5.568328499794006348e-01,6.106612086296081543e-01,6.642689704895019531e-01,7.176391482353210449e-01,7.707508802413940430e-01,8.235785365104675293e-01,8.759423494338989258e-01,9.278897643089294434e-01,9.779310822486877441e-01,1.027131795883178711e+00,1.077179670333862305e+00,1.127152562141418457e+00
nan,nan,nan,nan,nan,nan,nan,nan,nan,nan,nan,nan,nan,nan,nan,nan,nan,nan,nan,nan,nan
nan,nan,nan,nan,nan,nan,nan,nan,nan,nan,nan,nan,nan,nan,nan,nan,nan,nan,nan,nan,nan
7.122918963432312012e-02,1.266633719205856323e-01,1.819367855787277222e-01,2.370531260967254639e-01,2.920134365558624268e-01,3.468169569969177246e-01,4.014633893966674805e-01,4.559892117977142334e-01,5.103558897972106934e-01,5.645418763160705566e-01,6.185359358787536621e-01,6.723256111145019531e-01,7.258953452110290527e-01,7.792248129844665527e-01,8.322963714599609375e-01,8.849127888679504395e-01,9.369403123855590820e-01,9.864699840545654297e-01,1.036940932273864746e+00,1.087896227836608887e+00,nan
nan,nan,nan,nan,nan,nan,nan,nan,nan,nan,nan,nan,nan,nan,nan,nan,nan,nan,nan,nan,nan
nan,nan,nan,nan,nan,nan,nan,nan,nan,nan,nan,nan,nan,nan,nan,nan,nan,nan,nan,nan,nan
7.761636376380920410e-02,1.331142485141754150e-01,1.884620487689971924e-01,2.436625510454177856e-01,2.987161874771118164e-01,3.536218702793121338e-01,4.083792567253112793e-01,4.630214273929595947e-01,5.175099372863769531e-01,5.718289613723754883e-01,nan,6.799185872077941895e-01,7.336652874946594238e-01,7.871937155723571777e-01,8.404542207717895508e-01,8.933055996894836426e-01,9.443843364715576172e-01,9.949498176574707031e-01,1.046404361724853516e+00,1.097664117813110352e+00,1.148383378982543945e+00
nan,nan,nan,nan,nan,nan,nan,nan,nan,nan,nan,6.823548078536987305e-01,7.361558675765991211e-01,7.897444963455200195e-01,8.430443406105041504e-01,8.959713578224182129e-01,9.468125700950622559e-01,9.977596998214721680e-01,1.049453377723693848e+00,nan,nan
