# 1st dimension: Re = np.logspace(np.log10(1.4e6), np.log10(1.05e7), 20); 2nd dimension: alpha = np.arange(-5., 5.5, .5)
-2.303350344300270081e-02,3.020483441650867462e-02,8.405955880880355835e-02,1.371986120939254761e-01,1.911617964506149292e-01,2.438104748725891113e-01,2.938507795333862305e-01,3.294198811054229736e-01,3.743167519569396973e-01,4.234394729137420654e-01,4.769713580608367920e-01,5.274260044097900391e-01,5.856005549430847168e-01,6.426518559455871582e-01,6.964893937110900879e-01,7.464300990104675293e-01,7.988775968551635742e-01,8.501396775245666504e-01,8.990076184272766113e-01,9.472076892852783203e-01,9.952735900878906250e-01
-2.326166443526744843e-02,3.001829609274864197e-02,8.268509805202484131e-02,1.354155391454696655e-01,1.904205232858657837e-01,2.385305613279342651e-01,2.852295637130737305e-01,3.214736580848693848e-01,nan,4.196258485317230225e-01,4.712848365306854248e-01,5.199345946311950684e-01,5.754592418670654297e-01,6.462085247039794922e-01,6.998894810676574707e-01,7.522569298744201660e-01,8.053735494613647461e-01,8.563681840896606445e-01,9.067680835723876953e-01,9.549261927604675293e-01,1.002995848655700684e+00
-2.397319860756397247e-02,3.014752455055713654e-02,8.200888335704803467e-02,1.357528716325759888e-01,1.887176930904388428e-01,2.295202761888504028e-01,nan,3.188032507896423340e-01,3.684407770633697510e-01,4.165669977664947510e-01,4.680411517620086670e-01,5.159221291542053223e-01,5.773786306381225586e-01,6.493964791297912598e-01,7.034611701965332031e-01,7.575271725654602051e-01,8.112392425537109375e-01,8.630107641220092773e-01,9.133191108703613281e-01,9.624095559120178223e-01,nan
-2.424519322812557220e-02,2.861521765589714050e-02,8.072341233491897583e-02,1.335110366344451904e-01,1.855046451091766357e-01,2.188681513071060181e-01,2.667168676853179932e-01,3.150557875633239746e-01,nan,4.150157570838928223e-01,nan,5.154181122779846191e-01,5.764253735542297363e-01,6.459711790084838867e-01,7.076609134674072266e-01,7.618132233619689941e-01,8.157604932785034180e-01,8.690721988677978516e-01,9.200701117515563965e-01,nan,1.017150163650512695e+00
-2.430724911391735077e-02,2.679593116044998169e-02,7.814679294824600220e-02,1.305991858243942261e-01,1.788516640663146973e-01,2.108668237924575806e-01,2.619843184947967529e-01,3.115743398666381836e-01,3.621487021446228027e-01,4.140255153179168701e-01,4.662967622280120850e-01,5.153252482414245605e-01,5.755020380020141602e-01,6.383859515190124512e-01,7.090613842010498047e-01,7.658112049102783203e-01,8.209041953086853027e-01,nan,9.263367652893066406e-01,9.754293560981750488e-01,1.023463129997253418e+00
-2.527505718171596527e-02,2.534826472401618958e-02,7.508455961942672729e-02,1.260587275028228760e-01,nan,2.055463641881942749e-01,2.587431073188781738e-01,3.094001710414886475e-01,3.607313036918640137e-01,nan,4.681447446346282959e-01,5.184749364852905273e-01,5.763803720474243164e-01,6.412909626960754395e-01,7.069857716560363770e-01,7.690544724464416504e-01,8.245784640312194824e-01,8.783426284790039062e-01,nan,9.822395443916320801e-01,1.030054450035095215e+00
nan,2.164823189377784729e-02,7.144679129123687744e-02,1.204628199338912964e-01,1.624322682619094849e-01,2.018242180347442627e-01,2.563014924526214600e-01,3.079448938369750977e-01,3.614621460437774658e-01,4.156047105789184570e-01,4.687622189521789551e-01,5.214728713035583496e-01,5.782486200332641602e-01,6.386309266090393066e-01,7.051844000816345215e-01,7.701418995857238770e-01,8.285455107688903809e-01,8.831285834312438965e-01,9.356518983840942383e-01,9.882199764251708984e-01,1.037446975708007812e+00
-2.688825875520706177e-02,1.803139410912990570e-02,6.638401001691818237e-02,1.150423884391784668e-01,1.566803753376007080e-01,1.996819674968719482e-01,2.563721835613250732e-01,nan,3.621966540813446045e-01,4.164356291294097900e-01,4.701317846775054932e-01,5.231830477714538574e-01,5.803842544555664062e-01,6.389835476875305176e-01,7.052341699600219727e-01,7.686218619346618652e-01,nan,8.869135379791259766e-01,9.406509399414062500e-01,9.930959939956665039e-01,1.044193387031555176e+00
nan,nan,nan,nan,nan,nan,nan,nan,3.653135299682617188e-01,4.186445176601409912e-01,4.721233248710632324e-01,nan,nan,nan,nan,nan,nan,nan,nan,nan,nan
-3.160349279642105103e-02,7.154305931180715561e-03,nan,1.079707667231559753e-01,1.473309844732284546e-01,1.995407193899154663e-01,nan,nan,3.654671013355255127e-01,nan,4.754667878150939941e-01,5.303270816802978516e-01,5.861730575561523438e-01,6.435275077819824219e-01,7.114891409873962402e-01,7.678500413894653320e-01,8.255212306976318359e-01,8.913884758949279785e-01,9.482576251029968262e-01,1.002033591270446777e+00,1.054246306419372559e+00
nan,2.317602979019284248e-03,5.248633027076721191e-02,1.044744029641151428e-01,nan,nan,2.565268874168395996e-01,3.119062185287475586e-01,3.682992160320281982e-01,4.231826961040496826e-01,4.773271679878234863e-01,5.334525704383850098e-01,5.891636610031127930e-01,6.463024020195007324e-01,7.128430008888244629e-01,nan,8.264150619506835938e-01,8.885104656219482422e-01,9.501081705093383789e-01,1.005267739295959473e+00,1.058896183967590332e+00
-4.365374147891998291e-02,-1.378112472593784332e-03,nan,nan,nan,nan,nan,3.138103187084197998e-01,3.695101141929626465e-01,4.260398149490356445e-01,4.805119633674621582e-01,5.369288325309753418e-01,5.925421118736267090e-01,6.494758129119873047e-01,nan,7.747048139572143555e-01,8.292273283004760742e-01,8.847318887710571289e-01,9.462864995002746582e-01,1.009347915649414062e+00,1.062584519386291504e+00
-5.078506842255592346e-02,-3.675446612760424614e-03,nan,nan,nan,nan,2.597124874591827393e-01,nan,3.719646036624908447e-01,4.292891025543212891e-01,4.839038848876953125e-01,5.399214625358581543e-01,5.961015224456787109e-01,6.531015634536743164e-01,nan,7.781671881675720215e-01,8.329737186431884766e-01,8.874155879020690918e-01,9.423528313636779785e-01,1.010340452194213867e+00,1.066097497940063477e+00
-5.625812709331512451e-02,-5.601710174232721329e-03,4.672835767269134521e-02,nan,nan,nan,nan,3.181648254394531250e-01,3.748063445091247559e-01,4.324943423271179199e-01,4.872730970382690430e-01,5.427611470222473145e-01,5.996627807617187500e-01,6.552890539169311523e-01,7.148691415786743164e-01,7.780542969703674316e-01,8.367763757705688477e-01,8.909886479377746582e-01,9.448522925376892090e-01,1.010212898254394531e+00,1.066666841506958008e+00
-5.888801813125610352e-02,-8.150612004101276398e-03,4.510060697793960571e-02,nan,nan,2.069368213415145874e-01,2.649852335453033447e-01,3.205162882804870605e-01,3.778666853904724121e-01,nan,4.905652999877929688e-01,5.460543632507324219e-01,6.031227111816406250e-01,6.586829423904418945e-01,nan,7.786728143692016602e-01,8.380171656608581543e-01,8.948504924774169922e-01,9.486483335494995117e-01,1.008954286575317383e+00,1.066094636917114258e+00
nan,-8.951953612267971039e-03,nan,9.665544331073760986e-02,1.518443375825881958e-01,nan,2.661225199699401855e-01,3.232740759849548340e-01,3.808750808238983154e-01,4.366631507873535156e-01,4.937657713890075684e-01,5.493710041046142578e-01,6.060266494750976562e-01,6.621214151382446289e-01,nan,7.817635536193847656e-01,8.402102589607238770e-01,8.984578847885131836e-01,9.525467157363891602e-01,nan,1.065200686454772949e+00
-6.229989603161811829e-02,-9.180615656077861786e-03,4.513357207179069519e-02,9.756024926900863647e-02,1.543921679258346558e-01,2.105569839477539062e-01,nan,3.261295855045318604e-01,3.838006258010864258e-01,4.394302964210510254e-01,4.961470663547515869e-01,5.525938272476196289e-01,6.092739701271057129e-01,6.655949354171752930e-01,7.231093049049377441e-01,7.826535105705261230e-01,8.406138420104980469e-01,8.984831571578979492e-01,9.544803500175476074e-01,1.011089920997619629e+00,nan
-6.302542239427566528e-02,nan,4.705654457211494446e-02,9.906832128763198853e-02,1.558025479316711426e-01,2.130167484283447266e-01,2.710389792919158936e-01,nan,3.853549361228942871e-01,4.423798322677612305e-01,4.989386796951293945e-01,5.557408928871154785e-01,6.124560832977294922e-01,6.689736247062683105e-01,7.266332507133483887e-01,7.859013080596923828e-01,8.439032435417175293e-01,8.999098539352416992e-01,9.562891125679016113e-01,1.014192581176757812e+00,1.067424178123474121e+00
-6.309817731380462646e-02,-8.753024972975254059e-03,4.706335812807083130e-02,1.014230176806449890e-01,1.578712165355682373e-01,nan,2.736965715885162354e-01,3.316208422183990479e-01,3.878801465034484863e-01,4.452887475490570068e-01,5.014348626136779785e-01,5.588452816009521484e-01,6.149573922157287598e-01,nan,nan,7.874852418899536133e-01,8.448258638381958008e-01,9.022938013076782227e-01,9.574805498123168945e-01,1.017945528030395508e+00,1.070491790771484375e+00
-6.352898478507995605e-02,nan,4.849175736308097839e-02,1.038029938936233521e-01,1.600996404886245728e-01,nan,2.762937843799591064e-01,3.331447541713714600e-01,3.905365169048309326e-01,nan,5.043393373489379883e-01,5.618919730186462402e-01,6.181645393371582031e-01,6.749937534332275391e-01,7.333825826644897461e-01,7.904791831970214844e-01,8.480588197708129883e-01,9.042045474052429199e-01,9.603950381278991699e-01,nan,1.074189543724060059e+00
