# 1st dimension: Re = np.logspace(np.log10(1.4e6), np.log10(1.05e7), 20); 2nd dimension: alpha = np.arange(-5., 5.5, .5)
1.650637388229370117e-02,7.055256515741348267e-02,1.253053992986679077e-01,1.811361759901046753e-01,nan,3.084461092948913574e-01,3.670918643474578857e-01,4.237180054187774658e-01,4.813620448112487793e-01,5.378831624984741211e-01,5.947653651237487793e-01,6.514587402343750000e-01,7.074800133705139160e-01,7.649471759796142578e-01,8.209273815155029297e-01,8.763250112533569336e-01,9.272056818008422852e-01,9.801011681556701660e-01,1.034435272216796875e+00,1.078293919563293457e+00,1.097006797790527344e+00
1.698600314557552338e-02,7.109609246253967285e-02,1.263200491666793823e-01,1.827948689460754395e-01,2.447930127382278442e-01,3.098459541797637939e-01,3.692573606967926025e-01,4.263820648193359375e-01,4.839538037776947021e-01,5.403565168380737305e-01,5.980088710784912109e-01,6.540033817291259766e-01,7.109660506248474121e-01,7.682373523712158203e-01,8.238097429275512695e-01,8.803712129592895508e-01,9.306070804595947266e-01,9.828853607177734375e-01,1.036643743515014648e+00,1.073974132537841797e+00,1.101364016532897949e+00
1.695310138165950775e-02,7.199759781360626221e-02,1.273484826087951660e-01,1.839049905538558960e-01,2.433975785970687866e-01,3.115928471088409424e-01,3.707165420055389404e-01,4.292330741882324219e-01,4.861272871494293213e-01,5.435391068458557129e-01,6.007496118545532227e-01,6.567978262901306152e-01,7.143598198890686035e-01,7.708109021186828613e-01,8.270189166069030762e-01,8.828348517417907715e-01,9.328055381774902344e-01,9.847204685211181641e-01,1.037667751312255859e+00,1.063712239265441895e+00,1.105203151702880859e+00
1.787209883332252502e-02,7.329161465167999268e-02,nan,1.854898035526275635e-01,2.428919970989227295e-01,3.127082288265228271e-01,3.727255165576934814e-01,4.316024184226989746e-01,4.883441627025604248e-01,5.463263988494873047e-01,6.030091047286987305e-01,6.601527929306030273e-01,7.173709869384765625e-01,7.732875347137451172e-01,8.303449749946594238e-01,8.849834799766540527e-01,9.355936050415039062e-01,9.859108924865722656e-01,1.037457466125488281e+00,1.058938741683959961e+00,1.110007524490356445e+00
1.824526675045490265e-02,nan,1.305643916130065918e-01,1.873339861631393433e-01,2.444375157356262207e-01,3.132675886154174805e-01,3.749086558818817139e-01,4.332937598228454590e-01,4.911559224128723145e-01,5.486689805984497070e-01,6.052626967430114746e-01,6.631971001625061035e-01,7.199581861495971680e-01,7.761363983154296875e-01,8.333587050437927246e-01,8.861751556396484375e-01,9.378644824028015137e-01,9.878727793693542480e-01,1.034152269363403320e+00,1.062159776687622070e+00,1.114333271980285645e+00
1.967762969434261322e-02,7.568981498479843140e-02,1.320023983716964722e-01,1.885652691125869751e-01,2.462209165096282959e-01,3.135555982589721680e-01,3.765785694122314453e-01,4.352933168411254883e-01,4.938327074050903320e-01,5.507467389106750488e-01,6.080479621887207031e-01,6.658473014831542969e-01,7.222910523414611816e-01,7.793570160865783691e-01,8.362249732017517090e-01,8.876271247863769531e-01,9.389947652816772461e-01,9.862166047096252441e-01,1.021982669830322266e+00,1.066096901893615723e+00,1.118465900421142578e+00
2.036431245505809784e-02,7.704972475767135620e-02,1.341024041175842285e-01,1.903063803911209106e-01,2.477162033319473267e-01,nan,3.779608607292175293e-01,4.376069903373718262e-01,4.960863888263702393e-01,5.527968406677246094e-01,6.105849146842956543e-01,6.680115461349487305e-01,7.247685194015502930e-01,7.822560667991638184e-01,8.387019038200378418e-01,8.889237642288208008e-01,9.397689104080200195e-01,9.815149903297424316e-01,1.017741799354553223e+00,1.069863557815551758e+00,1.122395038604736328e+00
2.200847677886486053e-02,7.818425446748733521e-02,1.355097591876983643e-01,1.922386437654495239e-01,2.492598593235015869e-01,3.122080862522125244e-01,3.791460990905761719e-01,4.395150840282440186e-01,4.977453649044036865e-01,5.553902983665466309e-01,6.130222082138061523e-01,6.698675751686096191e-01,7.275804877281188965e-01,7.848107218742370605e-01,8.410202264785766602e-01,8.914095163345336914e-01,9.405974149703979492e-01,9.668897390365600586e-01,1.020923256874084473e+00,1.073585510253906250e+00,1.126182913780212402e+00
2.340831793844699860e-02,8.020396530628204346e-02,1.368014961481094360e-01,1.936391443014144897e-01,2.513808608055114746e-01,3.116685748100280762e-01,3.804540038108825684e-01,4.415278136730194092e-01,4.993401169776916504e-01,5.577877163887023926e-01,6.150851249694824219e-01,6.719283461570739746e-01,7.300004363059997559e-01,7.869474887847900391e-01,8.434504866600036621e-01,8.934579491615295410e-01,9.386489391326904297e-01,9.692869782447814941e-01,1.023279666900634766e+00,1.076989650726318359e+00,1.129811644554138184e+00
2.441741526126861572e-02,8.169586211442947388e-02,1.385901868343353271e-01,nan,2.533963322639465332e-01,3.119733929634094238e-01,3.818481266498565674e-01,4.427545070648193359e-01,5.015654563903808594e-01,5.597337484359741211e-01,6.169859766960144043e-01,6.745854616165161133e-01,7.320017218589782715e-01,7.889038920402526855e-01,8.462235331535339355e-01,8.942183256149291992e-01,nan,9.724581241607666016e-01,1.026249647140502930e+00,1.080138802528381348e+00,1.133251190185546875e+00
2.627150341868400574e-02,8.271083235740661621e-02,1.398369222879409790e-01,1.975206583738327026e-01,2.549634873867034912e-01,3.135307729244232178e-01,3.828249275684356689e-01,4.439971446990966797e-01,5.037879943847656250e-01,5.612417459487915039e-01,6.190115213394165039e-01,6.769784688949584961e-01,7.337702512741088867e-01,7.909255027770996094e-01,8.488800525665283203e-01,8.945853710174560547e-01,9.220745563507080078e-01,9.756327867507934570e-01,1.029550433158874512e+00,1.083132505416870117e+00,1.136487483978271484e+00
nan,nan,1.412043124437332153e-01,1.994211971759796143e-01,2.565110027790069580e-01,3.154816031455993652e-01,3.832010030746459961e-01,4.451215565204620361e-01,5.055253505706787109e-01,5.628843307495117188e-01,6.212373375892639160e-01,6.789785027503967285e-01,7.356871962547302246e-01,7.932256460189819336e-01,8.512587547302246094e-01,8.949114084243774414e-01,9.246755838394165039e-01,9.786847233772277832e-01,1.032760381698608398e+00,1.086257815361022949e+00,1.139522790908813477e+00
2.866260334849357605e-02,8.579175919294357300e-02,1.432598382234573364e-01,2.008617073297500610e-01,2.585576176643371582e-01,3.173243403434753418e-01,3.836081027984619141e-01,4.468411207199096680e-01,5.067071318626403809e-01,5.647966265678405762e-01,6.231241226196289062e-01,6.805610060691833496e-01,7.377766370773315430e-01,7.956277132034301758e-01,8.532798886299133301e-01,8.931808471679687500e-01,9.269949197769165039e-01,9.816580414772033691e-01,1.035824298858642578e+00,1.089418768882751465e+00,1.142497420310974121e+00
nan,nan,1.449867188930511475e-01,2.023433744907379150e-01,2.606875002384185791e-01,nan,3.842339217662811279e-01,4.478437006473541260e-01,5.080581307411193848e-01,5.668752193450927734e-01,6.247519254684448242e-01,nan,nan,nan,nan,nan,nan,nan,nan,nan,nan
3.154523670673370361e-02,8.868905901908874512e-02,1.462491303682327271e-01,2.042902559041976929e-01,2.625213861465454102e-01,3.200049996376037598e-01,3.849837183952331543e-01,4.481638967990875244e-01,5.098366737365722656e-01,5.685253739356994629e-01,6.261216402053833008e-01,6.838418841361999512e-01,7.423466444015502930e-01,8.000329732894897461e-01,8.556272387504577637e-01,nan,9.322123527526855469e-01,9.871896505355834961e-01,1.041606664657592773e+00,1.095436573028564453e+00,1.148825168609619141e+00
3.231183439493179321e-02,9.019688516855239868e-02,nan,2.060896456241607666e-01,2.639367580413818359e-01,3.217563033103942871e-01,3.858113288879394531e-01,4.483689069747924805e-01,5.116621851921081543e-01,5.698398947715759277e-01,6.276054978370666504e-01,6.857485771179199219e-01,7.443804740905761719e-01,8.015587925910949707e-01,8.565372824668884277e-01,8.797138929367065430e-01,9.346308708190917969e-01,9.897484183311462402e-01,1.044317960739135742e+00,1.098326683044433594e+00,1.151849627494812012e+00
3.398032113909721375e-02,9.127705544233322144e-02,nan,2.077283114194869995e-01,2.653652131557464600e-01,3.237991333007812500e-01,3.863069713115692139e-01,nan,5.130280852317810059e-01,5.709636211395263672e-01,6.292007565498352051e-01,6.878202557563781738e-01,7.460153102874755859e-01,8.028785586357116699e-01,8.570985198020935059e-01,8.819090127944946289e-01,9.369289278984069824e-01,9.921615123748779297e-01,1.046916961669921875e+00,1.101114034652709961e+00,1.154780268669128418e+00
3.525124117732048035e-02,9.267362207174301147e-02,1.512489914894104004e-01,2.089559286832809448e-01,2.670887112617492676e-01,3.256780505180358887e-01,nan,4.497658908367156982e-01,5.142616033554077148e-01,5.721688270568847656e-01,6.308228373527526855e-01,6.897317171096801758e-01,7.470659017562866211e-01,8.044409155845642090e-01,8.572589755058288574e-01,8.842895627021789551e-01,9.392177462577819824e-01,9.944720268249511719e-01,1.049396157264709473e+00,1.103786468505859375e+00,1.157604336738586426e+00
3.613151609897613525e-02,9.448574483394622803e-02,1.526801288127899170e-01,2.103267312049865723e-01,2.690704464912414551e-01,3.269429504871368408e-01,3.877638578414916992e-01,4.503398537635803223e-01,5.145456790924072266e-01,5.735084414482116699e-01,6.326270699501037598e-01,6.911726593971252441e-01,7.481959462165832520e-01,8.061955571174621582e-01,8.573640584945678711e-01,8.862481713294982910e-01,9.416302442550659180e-01,9.967396855354309082e-01,1.051758289337158203e+00,nan,1.160306572914123535e+00
3.753212466835975647e-02,9.615773707628250122e-02,1.537780016660690308e-01,2.120137065649032593e-01,2.708860933780670166e-01,3.278952836990356445e-01,3.891545832157135010e-01,4.506624639034271240e-01,5.151208639144897461e-01,5.751698017120361328e-01,6.342665553092956543e-01,6.918731331825256348e-01,7.497317790985107422e-01,8.078038096427917480e-01,8.570924401283264160e-01,8.884537220001220703e-01,9.439616203308105469e-01,9.990283250808715820e-01,1.054060459136962891e+00,1.108731865882873535e+00,1.162892222404479980e+00
