# 1st dimension: Re = np.logspace(np.log10(1.4e6), np.log10(1.05e7), 20); 2nd dimension: alpha = np.arange(-5., 5.5, .5)
-9.554680436849594116e-02,-3.890938684344291687e-02,1.701498217880725861e-02,7.129118591547012329e-02,1.263640224933624268e-01,1.828689128160476685e-01,2.398459911346435547e-01,2.980611920356750488e-01,3.562297821044921875e-01,4.146092534065246582e-01,4.729417264461517334e-01,5.307077765464782715e-01,5.882779955863952637e-01,6.455724239349365234e-01,7.025408148765563965e-01,7.591827511787414551e-01,8.168723583221435547e-01,8.745938539505004883e-01,9.321455955505371094e-01,9.892053604125976562e-01,nan
-9.468933194875717163e-02,-3.797506168484687805e-02,1.814520172774791718e-02,7.260271161794662476e-02,1.271879374980926514e-01,1.834133863449096680e-01,2.412453740835189819e-01,2.994481027126312256e-01,3.577769696712493896e-01,4.160314202308654785e-01,4.742714762687683105e-01,5.321136713027954102e-01,5.894171595573425293e-01,6.464493870735168457e-01,7.032992243766784668e-01,7.613037824630737305e-01,8.191383481025695801e-01,8.768384456634521484e-01,9.343333840370178223e-01,9.913299679756164551e-01,1.047613739967346191e+00
-9.381478279829025269e-02,-3.716122731566429138e-02,1.904576271772384644e-02,7.363051921129226685e-02,1.279411613941192627e-01,1.847739815711975098e-01,2.426254451274871826e-01,3.008433282375335693e-01,3.592928647994995117e-01,4.173538386821746826e-01,4.753969609737396240e-01,5.331671237945556641e-01,5.903290510177612305e-01,6.472551226615905762e-01,7.053319811820983887e-01,7.633707523345947266e-01,nan,8.790186643600463867e-01,9.363048076629638672e-01,9.931200146675109863e-01,1.049116373062133789e+00
-9.307374060153961182e-02,-3.646561130881309509e-02,1.967888511717319489e-02,7.444515824317932129e-02,1.288458704948425293e-01,1.862662434577941895e-01,2.440410852432250977e-01,3.022540211677551270e-01,3.605676293373107910e-01,4.185189306735992432e-01,4.763244092464447021e-01,5.339003205299377441e-01,5.911551117897033691e-01,6.492635011672973633e-01,7.073603272438049316e-01,7.653945684432983398e-01,8.233696818351745605e-01,8.809726238250732422e-01,9.380016326904296875e-01,9.945437312126159668e-01,1.050461173057556152e+00
-9.250033646821975708e-02,-3.596388548612594604e-02,2.027552388608455658e-02,7.522140443325042725e-02,1.305795758962631226e-01,1.876777410507202148e-01,2.455403208732604980e-01,3.035930693149566650e-01,3.615691661834716797e-01,4.195148646831512451e-01,4.771155416965484619e-01,5.345379710197448730e-01,5.928778648376464844e-01,6.512085795402526855e-01,7.093091607093811035e-01,7.673263549804687500e-01,8.251763582229614258e-01,8.825681805610656738e-01,9.394367337226867676e-01,9.957999587059020996e-01,1.051909923553466797e+00
-9.212490171194076538e-02,-3.560341149568557739e-02,2.073646523058414459e-02,7.683954387903213501e-02,1.324530243873596191e-01,1.891928613185882568e-01,2.468353509902954102e-01,3.045902252197265625e-01,3.624488711357116699e-01,4.203896522521972656e-01,4.778529703617095947e-01,5.360215306282043457e-01,5.945563316345214844e-01,6.529721021652221680e-01,7.111366391181945801e-01,7.691120505332946777e-01,8.266786932945251465e-01,8.838388919830322266e-01,nan,9.970504045486450195e-01,1.054317235946655273e+00
-9.182976186275482178e-02,-3.522988781332969666e-02,2.164161950349807739e-02,7.828091084957122803e-02,nan,1.904561817646026611e-01,2.480555772781372070e-01,3.054299652576446533e-01,3.633423447608947754e-01,4.210423231124877930e-01,4.791099131107330322e-01,5.376178026199340820e-01,5.961287617683410645e-01,6.545530557632446289e-01,7.128023505210876465e-01,7.706049084663391113e-01,8.278914093971252441e-01,8.849778771400451660e-01,9.418351650238037109e-01,9.989609122276306152e-01,1.056623101234436035e+00
-9.151480346918106079e-02,-3.470006212592124939e-02,2.272609248757362366e-02,7.962723821401596069e-02,1.355565488338470459e-01,1.916333585977554321e-01,2.488821893930435181e-01,3.064528405666351318e-01,3.641474843025207520e-01,4.219241142272949219e-01,4.806473553180694580e-01,5.391399860382080078e-01,5.976029634475708008e-01,6.559957861900329590e-01,7.141465544700622559e-01,7.717550396919250488e-01,8.289692401885986328e-01,8.860839605331420898e-01,9.432175159454345703e-01,nan,1.058837652206420898e+00
nan,-3.378463163971900940e-02,2.364439330995082855e-02,8.074741065502166748e-02,1.368880718946456909e-01,1.923917233943939209e-01,2.498484104871749878e-01,3.072868883609771729e-01,3.648543655872344971e-01,4.232762455940246582e-01,4.820184111595153809e-01,5.405828356742858887e-01,5.989663600921630859e-01,6.572457551956176758e-01,7.151966094970703125e-01,7.726746201515197754e-01,8.300199508666992188e-01,8.872579932212829590e-01,9.452263116836547852e-01,1.003152012825012207e+00,nan
nan,-3.292956948280334473e-02,2.447189763188362122e-02,8.172143995761871338e-02,1.379909813404083252e-01,1.934626549482345581e-01,2.506514489650726318e-01,3.082513809204101562e-01,3.661617040634155273e-01,4.246309697628021240e-01,4.832586646080017090e-01,5.419005751609802246e-01,6.001852750778198242e-01,6.582806706428527832e-01,7.159965634346008301e-01,7.735327482223510742e-01,8.311135172843933105e-01,8.890895247459411621e-01,9.471306204795837402e-01,1.005056619644165039e+00,1.062839031219482422e+00
-8.997771143913269043e-02,-3.216480091214179993e-02,2.525615692138671875e-02,8.249559253454208374e-02,1.387695819139480591e-01,1.946163922548294067e-01,2.515260279178619385e-01,3.092622160911560059e-01,3.676427900791168213e-01,4.259592294692993164e-01,4.844264388084411621e-01,5.430215001106262207e-01,6.012350916862487793e-01,6.590921282768249512e-01,7.167549133300781250e-01,7.744773030281066895e-01,8.326065540313720703e-01,8.908456563949584961e-01,9.489352107048034668e-01,1.006865143775939941e+00,1.064232468605041504e+00
-8.937079459428787231e-02,-3.148373588919639587e-02,2.599147148430347443e-02,8.317571878433227539e-02,1.395482122898101807e-01,1.957135945558547974e-01,2.524375915527343750e-01,3.106586337089538574e-01,3.690003454685211182e-01,4.270817041397094727e-01,4.855076670646667480e-01,5.439168810844421387e-01,6.020688414573669434e-01,6.598388552665710449e-01,7.175868153572082520e-01,7.757523655891418457e-01,8.341714143753051758e-01,8.924875855445861816e-01,9.506326913833618164e-01,1.008566379547119141e+00,1.064407944679260254e+00
-8.881627768278121948e-02,-3.095317818224430084e-02,2.650072239339351654e-02,8.360341936349868774e-02,1.403040140867233276e-01,1.967324167490005493e-01,2.534201741218566895e-01,3.118761181831359863e-01,3.701845407485961914e-01,4.280913174152374268e-01,4.865012466907501221e-01,5.446320176124572754e-01,6.027563810348510742e-01,6.606315970420837402e-01,7.186829447746276855e-01,7.771965265274047852e-01,8.356511592864990234e-01,8.940032124519348145e-01,9.522089958190917969e-01,1.010053157806396484e+00,1.065079450607299805e+00
-8.833876997232437134e-02,-3.054644167423248291e-02,2.683643996715545654e-02,8.409201353788375854e-02,1.409281790256500244e-01,1.978554576635360718e-01,2.544907033443450928e-01,3.130634725093841553e-01,nan,4.293465316295623779e-01,4.873006045818328857e-01,5.452577471733093262e-01,6.034067869186401367e-01,6.615181565284729004e-01,7.200624346733093262e-01,7.785759568214416504e-01,8.370535373687744141e-01,8.954339623451232910e-01,9.534199833869934082e-01,1.011041045188903809e+00,1.065855860710144043e+00
-8.796400576829910278e-02,-3.029029816389083862e-02,2.714419551193714142e-02,8.460921794176101685e-02,1.418268829584121704e-01,1.989975720643997192e-01,2.560298144817352295e-01,3.140909969806671143e-01,3.724508285522460938e-01,4.303726553916931152e-01,4.878710806369781494e-01,5.459702610969543457e-01,6.041240096092224121e-01,6.627646088600158691e-01,7.213867306709289551e-01,7.799037098884582520e-01,8.383890986442565918e-01,8.967877030372619629e-01,9.529280066490173340e-01,1.011146664619445801e+00,1.065269589424133301e+00
-8.772230893373489380e-02,-3.013563342392444611e-02,2.753598429262638092e-02,8.511197566986083984e-02,1.427000313997268677e-01,2.000663280487060547e-01,2.573503553867340088e-01,3.148857951164245605e-01,3.733513355255126953e-01,4.310185313224792480e-01,4.884191453456878662e-01,5.467436909675598145e-01,6.050978899002075195e-01,6.639242768287658691e-01,7.226392030715942383e-01,7.811934351921081543e-01,8.396690487861633301e-01,8.980503082275390625e-01,9.530542492866516113e-01,1.011724829673767090e+00,1.065749049186706543e+00
-8.761699497699737549e-02,-2.992089465260505676e-02,2.798264659941196442e-02,8.576773852109909058e-02,1.435788124799728394e-01,2.009584903717041016e-01,2.584579885005950928e-01,3.156445026397705078e-01,3.740467727184295654e-01,4.318035840988159180e-01,4.890868365764617920e-01,5.475416779518127441e-01,6.062546372413635254e-01,6.650333404541015625e-01,7.238131165504455566e-01,7.824336290359497070e-01,8.409003615379333496e-01,8.991604447364807129e-01,9.514899253845214844e-01,1.012646317481994629e+00,1.066074490547180176e+00
-8.750890195369720459e-02,-2.962236292660236359e-02,2.848861552774906158e-02,8.647703379392623901e-02,1.442979723215103149e-01,2.019311785697937012e-01,2.593610584735870361e-01,3.168913125991821289e-01,3.744477033615112305e-01,4.325526654720306396e-01,4.901891946792602539e-01,5.485437512397766113e-01,6.074027419090270996e-01,6.661095023155212402e-01,7.248998880386352539e-01,7.835974097251892090e-01,8.420735001564025879e-01,8.992589712142944336e-01,9.520726203918457031e-01,1.012420773506164551e+00,1.063581585884094238e+00
-8.729235082864761353e-02,-2.926331572234630585e-02,2.906899712979793549e-02,8.723618090152740479e-02,1.449692845344543457e-01,2.027979791164398193e-01,2.601736187934875488e-01,3.177790343761444092e-01,nan,4.333929121494293213e-01,4.913461506366729736e-01,nan,6.084648966789245605e-01,6.671807169914245605e-01,7.259507775306701660e-01,7.846696376800537109e-01,8.431385755538940430e-01,8.989131450653076172e-01,9.498109221458435059e-01,1.012203097343444824e+00,1.062066912651062012e+00
-8.699910342693328857e-02,nan,2.961211092770099640e-02,8.784383535385131836e-02,1.457225084304809570e-01,2.033600658178329468e-01,2.607136368751525879e-01,nan,3.758621513843536377e-01,4.341254532337188721e-01,4.925777912139892578e-01,5.504306554794311523e-01,6.094332933425903320e-01,6.682572364807128906e-01,7.269644141197204590e-01,7.856519222259521484e-01,8.437728881835937500e-01,8.980973958969116211e-01,9.487165212631225586e-01,1.013014435768127441e+00,nan
