# 1st dimension: Re = np.logspace(np.log10(1.4e6), np.log10(1.05e7), 20); 2nd dimension: alpha = np.arange(-5., 5.5, .5)
2.553111314773559570e-01,3.126378357410430908e-01,3.697942495346069336e-01,4.272165894508361816e-01,4.841880202293395996e-01,5.405154228210449219e-01,5.964906215667724609e-01,6.539281606674194336e-01,7.107083797454833984e-01,7.637928128242492676e-01,8.195725083351135254e-01,8.724293112754821777e-01,9.257574677467346191e-01,9.720267653465270996e-01,1.014548063278198242e+00,1.053096771240234375e+00,1.098968982696533203e+00,1.134049773216247559e+00,1.171728849411010742e+00,1.201389074325561523e+00,1.235065579414367676e+00
2.565222978591918945e-01,3.138704001903533936e-01,3.713351190090179443e-01,4.287647902965545654e-01,4.853300750255584717e-01,5.409910678863525391e-01,5.985925793647766113e-01,6.560738086700439453e-01,7.109628319740295410e-01,7.654905915260314941e-01,8.201164603233337402e-01,8.726913332939147949e-01,9.224449992179870605e-01,9.673463106155395508e-01,1.007764220237731934e+00,1.054268360137939453e+00,1.094003200531005859e+00,1.131440639495849609e+00,1.164156436920166016e+00,1.197100996971130371e+00,1.235099077224731445e+00
2.577493786811828613e-01,3.153835535049438477e-01,3.727936446666717529e-01,4.297509491443634033e-01,4.856840670108795166e-01,5.428578853607177734e-01,6.008371114730834961e-01,6.571687459945678711e-01,nan,nan,8.188960552215576172e-01,8.742164373397827148e-01,9.178339242935180664e-01,9.602704048156738281e-01,1.006027460098266602e+00,1.048970937728881836e+00,1.090236067771911621e+00,1.129600167274475098e+00,1.159441471099853516e+00,1.200217247009277344e+00,1.231113433837890625e+00
2.592399120330810547e-01,3.167752921581268311e-01,3.737760186195373535e-01,4.299886822700500488e-01,4.870704710483551025e-01,5.451231002807617188e-01,6.024690270423889160e-01,6.559529900550842285e-01,7.125300168991088867e-01,nan,8.212097287178039551e-01,8.696991801261901855e-01,9.126330614089965820e-01,9.560782313346862793e-01,nan,1.046024799346923828e+00,1.093170642852783203e+00,1.122404336929321289e+00,1.161804318428039551e+00,1.193912744522094727e+00,1.229421854019165039e+00
2.606138885021209717e-01,3.176945745944976807e-01,3.740705251693725586e-01,4.308281540870666504e-01,4.893004298210144043e-01,5.470956563949584961e-01,6.019554734230041504e-01,6.576346158981323242e-01,7.123899459838867188e-01,7.669492363929748535e-01,8.182275295257568359e-01,8.655178546905517578e-01,9.065895676612854004e-01,9.552164077758789062e-01,9.992035627365112305e-01,1.047379374504089355e+00,1.085276484489440918e+00,1.120766162872314453e+00,1.154373526573181152e+00,1.192133426666259766e+00,1.234306097030639648e+00
2.614471912384033203e-01,3.180001676082611084e-01,3.746292293071746826e-01,4.330390095710754395e-01,4.914106130599975586e-01,5.476642251014709473e-01,6.023662090301513672e-01,6.579954624176025391e-01,7.121415734291076660e-01,7.679078578948974609e-01,nan,8.580592274665832520e-01,9.067311286926269531e-01,9.506107568740844727e-01,9.990239143371582031e-01,1.041943788528442383e+00,1.080597758293151855e+00,nan,1.152571678161621094e+00,1.195465087890625000e+00,nan
2.617738246917724609e-01,3.184483051300048828e-01,3.767396509647369385e-01,4.351983070373535156e-01,4.927295446395874023e-01,5.470266938209533691e-01,6.029841303825378418e-01,6.571493744850158691e-01,7.142037153244018555e-01,7.634840607643127441e-01,8.079453110694885254e-01,nan,9.004756808280944824e-01,9.491838812828063965e-01,9.948010444641113281e-01,1.039482474327087402e+00,1.082838535308837891e+00,1.111405611038208008e+00,1.154628515243530273e+00,1.199736356735229492e+00,1.231088161468505859e+00
2.622026801109313965e-01,3.203503191471099854e-01,3.788702189922332764e-01,4.369197785854339600e-01,4.915709793567657471e-01,5.477733612060546875e-01,6.021240353584289551e-01,6.591165661811828613e-01,7.108582258224487305e-01,7.603462338447570801e-01,8.030173182487487793e-01,8.501060605049133301e-01,8.981536030769348145e-01,9.472957849502563477e-01,9.929401278495788574e-01,1.040409922599792480e+00,1.072819828987121582e+00,1.112256884574890137e+00,1.159362435340881348e+00,1.192721843719482422e+00,1.230078220367431641e+00
2.639116644859313965e-01,3.224315047264099121e-01,3.807190954685211182e-01,4.368320703506469727e-01,4.922841787338256836e-01,5.468791723251342773e-01,6.036121845245361328e-01,6.583243608474731445e-01,7.068383693695068359e-01,7.523031830787658691e-01,7.995476722717285156e-01,nan,8.983286619186401367e-01,9.438699483871459961e-01,9.925135374069213867e-01,1.034151434898376465e+00,1.070293068885803223e+00,1.116924166679382324e+00,1.152711391448974609e+00,1.191721916198730469e+00,1.233559250831604004e+00
2.659263908863067627e-01,3.242770135402679443e-01,3.815425038337707520e-01,4.365273714065551758e-01,4.913251698017120361e-01,5.478785634040832520e-01,6.045426726341247559e-01,6.542857885360717773e-01,7.015721797943115234e-01,7.508887648582458496e-01,7.945550084114074707e-01,nan,nan,9.427835941314697266e-01,9.924845695495605469e-01,1.030301332473754883e+00,1.075428366661071777e+00,1.110419750213623047e+00,1.151780128479003906e+00,1.194417953491210938e+00,1.239783048629760742e+00
2.677272260189056396e-01,3.255293369293212891e-01,3.804962337017059326e-01,4.360219240188598633e-01,4.917817711830139160e-01,5.491724014282226562e-01,6.008694171905517578e-01,nan,6.977205872535705566e-01,7.432546019554138184e-01,nan,8.422191143035888672e-01,8.920272588729858398e-01,9.455741047859191895e-01,9.858204722404479980e-01,1.033070325851440430e+00,1.068699598312377930e+00,1.109470725059509277e+00,1.153287649154663086e+00,1.200154900550842285e+00,1.238371133804321289e+00
nan,nan,nan,nan,4.932394921779632568e-01,nan,5.983953475952148438e-01,6.449235081672668457e-01,6.922498345375061035e-01,7.422907948493957520e-01,7.901196479797363281e-01,nan,nan,nan,nan,nan,nan,nan,nan,nan,nan
nan,nan,nan,nan,nan,nan,5.926545858383178711e-01,6.437731981277465820e-01,6.888602375984191895e-01,7.369629740715026855e-01,7.881035804748535156e-01,8.427288532257080078e-01,8.899676799774169922e-01,9.371508955955505371e-01,nan,1.026201725006103516e+00,1.068754434585571289e+00,1.115823030471801758e+00,1.162571787834167480e+00,1.196643829345703125e+00,1.236025333404541016e+00
nan,nan,nan,nan,nan,nan,5.903092622756958008e-01,6.354740858078002930e-01,6.837376952171325684e-01,7.349541783332824707e-01,7.901523113250732422e-01,8.384115099906921387e-01,8.883065581321716309e-01,nan,9.793655276298522949e-01,1.027389645576477051e+00,1.074194669723510742e+00,1.120055675506591797e+00,1.155499815940856934e+00,1.196657419204711914e+00,1.239713788032531738e+00
nan,nan,nan,4.310421347618103027e-01,4.848771989345550537e-01,5.351995825767517090e-01,5.848500728607177734e-01,6.325761079788208008e-01,6.811889410018920898e-01,7.368376851081848145e-01,7.859377861022949219e-01,8.367888927459716797e-01,8.893027305603027344e-01,9.330605864524841309e-01,9.801789522171020508e-01,1.031807303428649902e+00,1.078932166099548340e+00,1.113011598587036133e+00,1.155428886413574219e+00,1.199943304061889648e+00,1.245632052421569824e+00
nan,nan,3.750775158405303955e-01,4.304141998291015625e-01,4.805168807506561279e-01,5.337712764739990234e-01,5.819028019905090332e-01,6.274904608726501465e-01,6.830380558967590332e-01,7.327750325202941895e-01,7.842835783958435059e-01,8.377116322517395020e-01,nan,9.314501285552978516e-01,9.837573766708374023e-01,1.035102963447570801e+00,1.071351170539855957e+00,1.112877488136291504e+00,1.158465862274169922e+00,1.205505728721618652e+00,1.251422286033630371e+00
nan,nan,3.751647472381591797e-01,4.255869090557098389e-01,4.804839789867401123e-01,5.280853509902954102e-01,5.754867792129516602e-01,6.287370920181274414e-01,6.790482401847839355e-01,7.311257719993591309e-01,7.852171063423156738e-01,8.401768207550048828e-01,8.831670880317687988e-01,9.343955516815185547e-01,9.867203831672668457e-01,1.029668927192687988e+00,1.071215629577636719e+00,1.115804433822631836e+00,1.163629055023193359e+00,1.210896492004394531e+00,1.247634530067443848e+00
nan,nan,3.698002994060516357e-01,4.247736632823944092e-01,4.740736782550811768e-01,5.283098816871643066e-01,nan,6.247319579124450684e-01,6.774412393569946289e-01,7.321017384529113770e-01,7.875796556472778320e-01,8.348621726036071777e-01,8.841486573219299316e-01,nan,nan,1.029602885246276855e+00,1.074548363685607910e+00,1.120945692062377930e+00,1.168673396110534668e+00,1.215355992317199707e+00,1.244272589683532715e+00
2.619016468524932861e-01,3.130604028701782227e-01,3.686277568340301514e-01,4.202304184436798096e-01,4.730497300624847412e-01,5.219090580940246582e-01,nan,6.232252120971679688e-01,6.785330176353454590e-01,7.343551516532897949e-01,7.832698225975036621e-01,8.332679271697998047e-01,nan,9.324160218238830566e-01,9.816462397575378418e-01,1.032030224800109863e+00,1.080278992652893066e+00,1.126345038414001465e+00,1.172991871833801270e+00,1.207174181938171387e+00,1.245858073234558105e+00
2.558948993682861328e-01,3.121455907821655273e-01,3.654045462608337402e-01,4.174000918865203857e-01,4.678442776203155518e-01,5.215495228767395020e-01,5.686472058296203613e-01,6.244450211524963379e-01,6.805632114410400391e-01,7.309870123863220215e-01,7.814542651176452637e-01,8.354666829109191895e-01,8.819024562835693359e-01,9.323689937591552734e-01,9.838980436325073242e-01,1.035813093185424805e+00,1.086017727851867676e+00,1.131171822547912598e+00,1.165571808815002441e+00,1.207861542701721191e+00,nan
