# 1st dimension: Re = np.logspace(np.log10(1.4e6), np.log10(1.05e7), 20); 2nd dimension: alpha = np.arange(-5., 5.5, .5)
nan,nan,nan,nan,nan,nan,nan,nan,nan,nan,nan,nan,nan,nan,nan,nan,nan,nan,nan,nan,nan
nan,nan,nan,nan,nan,nan,nan,nan,nan,nan,nan,nan,nan,nan,nan,nan,nan,nan,nan,nan,nan
-1.271651126444339752e-02,3.559217974543571472e-02,8.325994014739990234e-02,1.290905624628067017e-01,1.756836175918579102e-01,2.213332504034042358e-01,2.629866600036621094e-01,2.952946424484252930e-01,3.195467591285705566e-01,3.326319456100463867e-01,nan,4.169200062751770020e-01,4.629830718040466309e-01,5.057904124259948730e-01,5.597418546676635742e-01,6.130082011222839355e-01,6.674656867980957031e-01,7.233658432960510254e-01,7.806535363197326660e-01,8.289592266082763672e-01,8.885644674301147461e-01
nan,nan,nan,nan,nan,nan,nan,nan,nan,nan,nan,nan,nan,nan,nan,nan,nan,nan,nan,nan,nan
nan,nan,nan,nan,nan,nan,nan,nan,nan,nan,nan,nan,nan,nan,nan,nan,nan,nan,nan,nan,nan
nan,nan,nan,nan,nan,nan,nan,nan,nan,nan,nan,nan,nan,nan,nan,nan,nan,nan,nan,nan,nan
nan,nan,nan,nan,nan,nan,nan,nan,nan,nan,nan,nan,nan,nan,nan,nan,nan,nan,nan,nan,nan
nan,nan,nan,nan,nan,nan,nan,nan,nan,nan,nan,nan,nan,nan,nan,nan,nan,nan,nan,nan,nan
nan,nan,nan,nan,nan,nan,nan,nan,nan,nan,nan,nan,nan,nan,nan,nan,nan,nan,nan,nan,nan
nan,nan,nan,nan,nan,nan,nan,nan,nan,nan,nan,nan,nan,nan,nan,nan,nan,nan,nan,nan,nan
nan,nan,nan,nan,nan,nan,nan,nan,nan,nan,nan,nan,nan,nan,nan,nan,nan,nan,nan,nan,nan
nan,nan,nan,nan,nan,nan,nan,nan,nan,nan,nan,nan,nan,nan,nan,nan,nan,nan,nan,nan,nan
-8.817354589700698853e-02,-3.650663793087005615e-02,1.548713538795709610e-02,6.666603684425354004e-02,1.188041418790817261e-01,1.701578497886657715e-01,2.197706848382949829e-01,2.693096697330474854e-01,3.149245083332061768e-01,nan,nan,4.583272337913513184e-01,5.244736075401306152e-01,5.796476006507873535e-01,6.352653503417968750e-01,6.849879622459411621e-01,7.375488281250000000e-01,7.811686396598815918e-01,7.997784018516540527e-01,nan,8.177094459533691406e-01
-9.149471670389175415e-02,-3.986356407403945923e-02,1.214986760169267654e-02,6.367112696170806885e-02,1.157684251666069031e-01,1.673456728458404541e-01,2.167777866125106812e-01,2.667628824710845947e-01,3.129046261310577393e-01,nan,4.063915312290191650e-01,4.546968042850494385e-01,5.279783010482788086e-01,5.829721093177795410e-01,6.389616727828979492e-01,6.919598579406738281e-01,7.382807135581970215e-01,7.777172923088073730e-01,7.929339408874511719e-01,8.084828853607177734e-01,8.089687824249267578e-01
-9.403067082166671753e-02,-4.262191057205200195e-02,9.436616674065589905e-03,6.132136657834053040e-02,1.133898794651031494e-01,1.651834398508071899e-01,2.151908427476882935e-01,2.649272084236145020e-01,3.121421933174133301e-01,3.597215116024017334e-01,4.074956178665161133e-01,4.561263620853424072e-01,5.306205749511718750e-01,5.855857133865356445e-01,6.419159173965454102e-01,6.966302394866943359e-01,7.427331805229187012e-01,7.683973908424377441e-01,7.852712869644165039e-01,7.987573742866516113e-01,8.027436137199401855e-01
-9.603527188301086426e-02,-4.495041817426681519e-02,7.158422376960515976e-03,5.930826067924499512e-02,1.115306839346885681e-01,1.633750349283218384e-01,2.136025130748748779e-01,2.631932199001312256e-01,3.112289011478424072e-01,3.602474629878997803e-01,4.087439477443695068e-01,4.582079648971557617e-01,5.270088911056518555e-01,5.876571536064147949e-01,6.445453763008117676e-01,6.999663710594177246e-01,7.453826069831848145e-01,7.634508609771728516e-01,7.767167687416076660e-01,7.889108657836914062e-01,7.935891151428222656e-01
-9.788757562637329102e-02,-4.695900157094001770e-02,5.217980127781629562e-03,5.756011605262756348e-02,1.100865155458450317e-01,1.619398295879364014e-01,2.127547115087509155e-01,2.619212269783020020e-01,3.113529384136199951e-01,3.602903187274932861e-01,4.099253416061401367e-01,4.603181183338165283e-01,5.155074596405029297e-01,5.894647836685180664e-01,6.464357972145080566e-01,7.027209401130676270e-01,7.463212609291076660e-01,7.575591802597045898e-01,7.716274857521057129e-01,7.806706428527832031e-01,nan
-9.967675060033798218e-02,-4.867724329233169556e-02,3.566120984032750130e-03,5.612223967909812927e-02,1.089526116847991943e-01,1.606626212596893311e-01,2.118026316165924072e-01,2.613150775432586670e-01,3.109364211559295654e-01,3.608641922473907471e-01,4.106964170932769775e-01,4.619028866291046143e-01,5.146948695182800293e-01,5.920032262802124023e-01,6.482315659523010254e-01,7.054328918457031250e-01,7.441349625587463379e-01,7.525163888931274414e-01,7.660291790962219238e-01,7.761678695678710938e-01,7.682071328163146973e-01
-1.012250334024429321e-01,-4.998435825109481812e-02,2.222404582425951958e-03,5.501282587647438049e-02,1.077997386455535889e-01,1.595991253852844238e-01,2.110518664121627808e-01,2.609156668186187744e-01,3.111793994903564453e-01,3.607814311981201172e-01,4.116716980934143066e-01,4.632808864116668701e-01,5.153123736381530762e-01,5.935724973678588867e-01,6.499321460723876953e-01,nan,7.396355867385864258e-01,7.472732067108154297e-01,7.597744464874267578e-01,7.675686478614807129e-01,7.745310068130493164e-01
-1.025607287883758545e-01,-5.071726813912391663e-02,1.182850683107972145e-03,5.396936461329460144e-02,1.066195517778396606e-01,1.587858200073242188e-01,2.106121629476547241e-01,2.603909969329833984e-01,3.109157979488372803e-01,3.615070283412933350e-01,4.127904474735260010e-01,4.643385708332061768e-01,5.163755416870117188e-01,5.928118824958801270e-01,6.517747640609741211e-01,7.092976570129394531e-01,7.355455160140991211e-01,7.419614195823669434e-01,7.521898746490478516e-01,7.481134533882141113e-01,7.809593081474304199e-01
