# 1st dimension: Re = np.logspace(np.log10(1.4e6), np.log10(1.05e7), 20); 2nd dimension: alpha = np.arange(-5., 5.5, .5)
-5.753372311592102051e-01,-4.650266766548156738e-01,-4.045159816741943359e-01,nan,-3.071208000183105469e-01,-2.591363191604614258e-01,nan,-1.556367725133895874e-01,-1.035824865102767944e-01,-5.205415934324264526e-02,5.415407566822239005e-10,5.205545574426651001e-02,1.035867854952812195e-01,1.556469500064849854e-01,nan,2.591651976108551025e-01,3.071678280830383301e-01,nan,4.045911729335784912e-01,4.650843143463134766e-01,5.753629803657531738e-01
nan,nan,nan,nan,nan,nan,nan,nan,nan,nan,nan,5.299214273691177368e-02,1.050059646368026733e-01,1.578562259674072266e-01,2.105960696935653687e-01,2.612567543983459473e-01,3.086114227771759033e-01,3.559677004814147949e-01,4.067432284355163574e-01,4.605923891067504883e-01,5.526556968688964844e-01
nan,nan,nan,nan,nan,nan,nan,nan,nan,nan,nan,nan,nan,nan,nan,nan,nan,nan,nan,nan,nan
nan,nan,nan,nan,nan,nan,nan,nan,nan,nan,nan,nan,1.070300564169883728e-01,1.602206528186798096e-01,2.138593792915344238e-01,2.638918757438659668e-01,3.123044371604919434e-01,3.612900078296661377e-01,4.118593633174896240e-01,4.633652865886688232e-01,5.174012780189514160e-01
nan,nan,nan,nan,nan,nan,nan,nan,nan,nan,nan,nan,nan,nan,nan,nan,nan,nan,nan,nan,nan
nan,nan,nan,nan,nan,nan,nan,nan,nan,nan,nan,nan,nan,nan,nan,nan,nan,nan,nan,nan,nan
nan,nan,nan,nan,nan,nan,nan,nan,nan,nan,nan,nan,nan,nan,nan,nan,3.164106011390686035e-01,3.674341738224029541e-01,4.189170598983764648e-01,4.713251590728759766e-01,5.222692489624023438e-01
-5.250125527381896973e-01,-4.737138152122497559e-01,-4.211629629135131836e-01,-3.690676093101501465e-01,-3.175241649150848389e-01,-2.679703235626220703e-01,-2.173763811588287354e-01,-1.650642752647399902e-01,-1.103246212005615234e-01,-5.531323701143264771e-02,1.535489069226514403e-09,5.531481280922889709e-02,1.103312224149703979e-01,1.650794595479965210e-01,2.174090445041656494e-01,2.680283188819885254e-01,3.175883591175079346e-01,3.691363930702209473e-01,4.212363660335540771e-01,4.737911820411682129e-01,5.250943303108215332e-01
nan,nan,nan,nan,nan,nan,nan,nan,nan,nan,nan,nan,nan,1.656678467988967896e-01,2.173153162002563477e-01,2.693575620651245117e-01,3.186829984188079834e-01,3.704928755760192871e-01,4.231938719749450684e-01,4.758237302303314209e-01,5.276513695716857910e-01
nan,nan,nan,nan,nan,nan,nan,nan,nan,nan,nan,5.584217235445976257e-02,1.114875674247741699e-01,1.660311073064804077e-01,2.180129885673522949e-01,2.698597609996795654e-01,3.199798464775085449e-01,3.721803426742553711e-01,4.245659112930297852e-01,4.774990081787109375e-01,5.296639204025268555e-01
nan,nan,nan,nan,nan,nan,nan,nan,nan,nan,nan,nan,nan,nan,nan,nan,nan,nan,nan,nan,nan
-5.328436493873596191e-01,-4.805748462677001953e-01,-4.279090166091918945e-01,-3.742645680904388428e-01,-3.223141729831695557e-01,-2.708547115325927734e-01,-2.176603972911834717e-01,-1.664094775915145874e-01,-1.117240041494369507e-01,-5.653446540236473083e-02,nan,5.653664469718933105e-02,1.117326840758323669e-01,1.664336621761322021e-01,2.177112102508544922e-01,2.709101438522338867e-01,3.223744332790374756e-01,3.743315041065216064e-01,4.279793500900268555e-01,4.806502759456634521e-01,5.329248309135437012e-01
-5.345322489738464355e-01,-4.821630120277404785e-01,-4.292273819446563721e-01,-3.760180771350860596e-01,-3.230246603488922119e-01,-2.720724344253540039e-01,-2.165024429559707642e-01,-1.668446511030197144e-01,-1.118603721261024475e-01,-5.635155364871025085e-02,nan,5.635409802198410034e-02,1.118694320321083069e-01,1.668738573789596558e-01,2.165548205375671387e-01,2.721261680126190186e-01,3.230873942375183105e-01,3.760835528373718262e-01,4.292978644371032715e-01,4.822387099266052246e-01,5.346131920814514160e-01
-5.360655784606933594e-01,-4.838277995586395264e-01,-4.304958879947662354e-01,-3.772083520889282227e-01,-3.240469992160797119e-01,-2.719829976558685303e-01,-2.172188013792037964e-01,nan,-1.121430546045303345e-01,-5.650258809328079224e-02,nan,5.650493502616882324e-02,1.121530234813690186e-01,nan,2.172708660364151001e-01,2.720402479171752930e-01,3.241052627563476562e-01,3.772729337215423584e-01,4.305657148361206055e-01,4.839019775390625000e-01,5.361467003822326660e-01
-5.375342369079589844e-01,-4.849841594696044922e-01,-4.318451881408691406e-01,-3.778791725635528564e-01,-3.252096176147460938e-01,-2.715460360050201416e-01,-2.178564965724945068e-01,-1.647106111049652100e-01,-1.115283519029617310e-01,-5.645710974931716919e-02,nan,5.645991861820220947e-02,1.115388646721839905e-01,1.647382974624633789e-01,2.179080992937088013e-01,2.716022729873657227e-01,3.252685964107513428e-01,3.779438734054565430e-01,4.319134652614593506e-01,4.850583076477050781e-01,5.376158356666564941e-01
-5.391892194747924805e-01,-4.859404861927032471e-01,-4.327661395072937012e-01,-3.790596723556518555e-01,-3.258747160434722900e-01,-2.725214064121246338e-01,-2.174680680036544800e-01,-1.647596806287765503e-01,-1.107854023575782776e-01,-5.594721436500549316e-02,3.433046913414727896e-08,5.594996362924575806e-02,1.107956245541572571e-01,1.647959351539611816e-01,2.175255864858627319e-01,2.725787758827209473e-01,3.259321451187133789e-01,3.791239857673645020e-01,4.328350424766540527e-01,4.860148429870605469e-01,5.392698645591735840e-01
-5.404880046844482422e-01,-4.871712327003479004e-01,-4.336076676845550537e-01,-3.805368542671203613e-01,-3.259316086769104004e-01,-2.733256518840789795e-01,-2.163337916135787964e-01,-1.642475724220275879e-01,-1.104091033339500427e-01,-5.568854510784149170e-02,5.311292294862823837e-09,5.569146573543548584e-02,1.104204654693603516e-01,1.642865091562271118e-01,2.163934260606765747e-01,2.733800411224365234e-01,3.259924054145812988e-01,3.805998861789703369e-01,4.336777031421661377e-01,4.872447848320007324e-01,5.405688881874084473e-01
-5.415962934494018555e-01,-4.881826937198638916e-01,-4.350094199180603027e-01,-3.817196488380432129e-01,-3.270857632160186768e-01,-2.736533880233764648e-01,-2.176811844110488892e-01,-1.618294864892959595e-01,-1.095451116561889648e-01,-5.520447343587875366e-02,-6.742954428773373365e-05,5.520797893404960632e-02,1.095571219921112061e-01,1.618588566780090332e-01,2.177393883466720581e-01,2.737114727497100830e-01,3.271464705467224121e-01,3.817831575870513916e-01,4.350787103176116943e-01,4.882571697235107422e-01,5.416772365570068359e-01
-5.429224371910095215e-01,-4.890887439250946045e-01,-4.365334510803222656e-01,-3.824109137058258057e-01,-3.285658955574035645e-01,-2.735436856746673584e-01,-2.184065133333206177e-01,-1.604933738708496094e-01,-1.079363375902175903e-01,-5.404450744390487671e-02,6.248325190583159383e-10,5.404797568917274475e-02,1.079478710889816284e-01,1.605198830366134644e-01,2.184632271528244019e-01,2.736032307147979736e-01,3.286243975162506104e-01,3.824751675128936768e-01,4.366018176078796387e-01,4.891643822193145752e-01,5.430020093917846680e-01
-5.438359975814819336e-01,-4.904850721359252930e-01,-4.377114176750183105e-01,-3.832934498786926270e-01,-3.290837109088897705e-01,-2.740862965583801270e-01,-2.174536585807800293e-01,-1.600019484758377075e-01,-1.077710911631584167e-01,-5.351711437106132507e-02,nan,5.352071672677993774e-02,1.077828407287597656e-01,1.600347161293029785e-01,2.175192385911941528e-01,2.741446495056152344e-01,3.291427493095397949e-01,3.833568394184112549e-01,4.377797245979309082e-01,4.905600249767303467e-01,5.439158678054809570e-01
