# 1st dimension: Re = np.logspace(np.log10(1.4e6), np.log10(1.05e7), 20); 2nd dimension: alpha = np.arange(-5., 5.5, .5)
-2.199421375989913940e-01,-1.628992110490798950e-01,-1.056994348764419556e-01,-4.882586002349853516e-02,7.313570007681846619e-03,6.522507965564727783e-02,1.228587701916694641e-01,1.800703108310699463e-01,2.370052933692932129e-01,2.961237132549285889e-01,3.552632331848144531e-01,4.134555459022521973e-01,4.711041748523712158e-01,5.312599539756774902e-01,5.900187492370605469e-01,6.464954018592834473e-01,7.047946453094482422e-01,7.630580067634582520e-01,8.182073831558227539e-01,8.737958669662475586e-01,9.304347038269042969e-01
-2.204395383596420288e-01,-1.631531566381454468e-01,-1.060911417007446289e-01,-4.933470860123634338e-02,8.241917006671428680e-03,6.646639853715896606e-02,1.235554292798042297e-01,1.806980818510055542e-01,2.385878115892410278e-01,2.979623079299926758e-01,3.565624654293060303e-01,4.142255485057830811e-01,4.735565781593322754e-01,5.331566333770751953e-01,5.912507176399230957e-01,6.481870412826538086e-01,7.076205015182495117e-01,7.651451826095581055e-01,8.194299936294555664e-01,8.777970671653747559e-01,9.329069256782531738e-01
-2.207283824682235718e-01,-1.631786972284317017e-01,-1.064076200127601624e-01,-4.916837438941001892e-02,8.875295519828796387e-03,6.700743734836578369e-02,1.242003291845321655e-01,1.812853515148162842e-01,2.403185218572616577e-01,2.990557253360748291e-01,3.572580516338348389e-01,4.154154658317565918e-01,4.754896461963653564e-01,5.346460938453674316e-01,5.921643376350402832e-01,6.509566307067871094e-01,7.100277543067932129e-01,7.664354443550109863e-01,8.230498433113098145e-01,8.809612393379211426e-01,9.346839189529418945e-01
-2.208108901977539062e-01,-1.631865054368972778e-01,-1.064944937825202942e-01,-4.830600693821907043e-02,9.732089936733245850e-03,6.739732623100280762e-02,1.245980486273765564e-01,1.828278303146362305e-01,2.417426109313964844e-01,3.001579344272613525e-01,3.578203916549682617e-01,4.173316657543182373e-01,4.771294593811035156e-01,5.357915759086608887e-01,5.934609770774841309e-01,6.533453464508056641e-01,7.118414640426635742e-01,7.674670219421386719e-01,8.263092637062072754e-01,8.828935623168945312e-01,9.366298913955688477e-01
-2.209519445896148682e-01,-1.639111340045928955e-01,-1.066117882728576660e-01,-4.808846488595008850e-02,1.013101171702146530e-02,6.787897646427154541e-02,1.254732608795166016e-01,1.842735856771469116e-01,2.429138720035552979e-01,3.007338941097259521e-01,3.592267632484436035e-01,4.192771613597869873e-01,4.785600602626800537e-01,5.366329550743103027e-01,5.957346558570861816e-01,6.554181575775146484e-01,7.128545045852661133e-01,7.702444195747375488e-01,8.289536833763122559e-01,8.840962052345275879e-01,9.404359459877014160e-01
-2.217047959566116333e-01,-1.646465063095092773e-01,-1.064320802688598633e-01,-4.788143560290336609e-02,1.006621401757001877e-02,6.781999021768569946e-02,1.268004775047302246e-01,1.852809190750122070e-01,2.437049597501754761e-01,3.013877570629119873e-01,3.608255088329315186e-01,4.206576049327850342e-01,4.793453216552734375e-01,5.375061631202697754e-01,5.977715253829956055e-01,6.569880247116088867e-01,7.136634588241577148e-01,7.729216814041137695e-01,8.306120038032531738e-01,8.856863379478454590e-01,9.437533020973205566e-01
-2.226162403821945190e-01,-1.646456420421600342e-01,-1.059305816888809204e-01,-4.756449162960052490e-02,1.032314263284206390e-02,6.851545721292495728e-02,1.276909708976745605e-01,1.864055097103118896e-01,2.442135661840438843e-01,3.027156591415405273e-01,3.624735474586486816e-01,4.216993451118469238e-01,4.800151586532592773e-01,5.395517945289611816e-01,5.995761752128601074e-01,6.577401757240295410e-01,7.157555222511291504e-01,7.750822901725769043e-01,8.314568400382995605e-01,8.887063264846801758e-01,9.462465047836303711e-01
-2.232642173767089844e-01,-1.642941683530807495e-01,-1.056048721075057983e-01,-4.761185124516487122e-02,1.043228991329669952e-02,6.954123079776763916e-02,1.287859678268432617e-01,1.867191791534423828e-01,2.449560910463333130e-01,3.041259944438934326e-01,3.637595474720001221e-01,4.224902987480163574e-01,4.810826182365417480e-01,5.414279699325561523e-01,6.007592082023620605e-01,6.584199666976928711e-01,7.180002927780151367e-01,7.764115333557128906e-01,8.326358199119567871e-01,8.914862275123596191e-01,9.475787281990051270e-01
-2.232133448123931885e-01,-1.642887145280838013e-01,-1.059580370783805847e-01,-4.810767620801925659e-02,1.074188761413097382e-02,6.997739523649215698e-02,1.291691362857818604e-01,1.873789280652999878e-01,2.459301650524139404e-01,3.056919276714324951e-01,3.646835684776306152e-01,4.229744672775268555e-01,4.827202260494232178e-01,5.427042245864868164e-01,6.013799309730529785e-01,6.600012779235839844e-01,7.196785211563110352e-01,7.770515680313110352e-01,8.350350260734558105e-01,8.935739994049072266e-01,9.484099745750427246e-01
-2.231906205415725708e-01,-1.647031158208847046e-01,-1.063667982816696167e-01,-4.823699221014976501e-02,1.139784511178731918e-02,7.044976204633712769e-02,1.293628215789794922e-01,1.877027750015258789e-01,2.473949491977691650e-01,3.066789209842681885e-01,3.652538061141967773e-01,4.239846765995025635e-01,4.842653274536132812e-01,5.437191724777221680e-01,6.021173596382141113e-01,6.618865132331848145e-01,7.206622958183288574e-01,7.779783010482788086e-01,8.372925519943237305e-01,8.946366906166076660e-01,9.502244591712951660e-01
-2.235616147518157959e-01,-1.651452183723449707e-01,-1.064968332648277283e-01,-4.756624624133110046e-02,1.198861282318830490e-02,7.103278487920761108e-02,1.296678185462951660e-01,1.889251470565795898e-01,2.482360750436782837e-01,3.076411783695220947e-01,3.657154738903045654e-01,4.254618287086486816e-01,4.855480492115020752e-01,5.443577170372009277e-01,6.033203005790710449e-01,6.631795763969421387e-01,7.212076783180236816e-01,7.798552513122558594e-01,8.390403389930725098e-01,8.950327038764953613e-01,9.527949690818786621e-01
-2.241498231887817383e-01,-1.654944568872451782e-01,-1.065557003021240234e-01,-4.722939059138298035e-02,1.205801218748092651e-02,7.091642171144485474e-02,1.297512352466583252e-01,1.897870451211929321e-01,2.492069453001022339e-01,3.078747987747192383e-01,3.667893707752227783e-01,4.267712533473968506e-01,4.861748516559600830e-01,5.448352098464965820e-01,6.047939062118530273e-01,6.639108061790466309e-01,7.220514416694641113e-01,7.816546559333801270e-01,8.399239182472229004e-01,8.963274359703063965e-01,9.548005461692810059e-01
-2.247548848390579224e-01,-1.657173186540603638e-01,-1.065941378474235535e-01,-4.720561951398849487e-02,1.192681305110454559e-02,7.083880901336669922e-02,1.303017288446426392e-01,1.905037164688110352e-01,2.496924847364425659e-01,3.084954619407653809e-01,3.679017424583435059e-01,4.279282391071319580e-01,4.867243170738220215e-01,5.459892749786376953e-01,6.061029434204101562e-01,6.643024086952209473e-01,7.234630584716796875e-01,7.830540537834167480e-01,8.401297330856323242e-01,8.984113335609436035e-01,9.555151462554931641e-01
-2.252481728792190552e-01,-1.660281121730804443e-01,-1.067021116614341736e-01,-4.697749391198158264e-02,1.184165943413972855e-02,7.128719985485076904e-02,1.311259716749191284e-01,1.912492364645004272e-01,2.498386055231094360e-01,3.090606331825256348e-01,3.692813813686370850e-01,4.284213781356811523e-01,4.871620237827301025e-01,5.473391413688659668e-01,6.065692305564880371e-01,6.649394631385803223e-01,7.249931097030639648e-01,7.837621569633483887e-01,8.409798741340637207e-01,9.001045227050781250e-01,9.554508328437805176e-01
-2.255389243364334106e-01,-1.662935614585876465e-01,-1.066625863313674927e-01,-4.689832031726837158e-02,1.190540101379156113e-02,7.169400900602340698e-02,1.316569894552230835e-01,1.912917792797088623e-01,2.503261864185333252e-01,3.102557957172393799e-01,3.700268566608428955e-01,4.287344217300415039e-01,4.882398545742034912e-01,5.484109520912170410e-01,6.066381335258483887e-01,6.662754416465759277e-01,7.262167930603027344e-01,7.838391065597534180e-01,8.426894545555114746e-01,9.006952047348022461e-01,9.566415548324584961e-01
-2.258621454238891602e-01,-1.665628105401992798e-01,-1.065658330917358398e-01,-4.733977094292640686e-02,1.181166060268878937e-02,7.190051674842834473e-02,1.317615956068038940e-01,1.910909563302993774e-01,2.508648037910461426e-01,3.110599815845489502e-01,3.706323504447937012e-01,4.292159378528594971e-01,4.894177317619323730e-01,5.488804578781127930e-01,6.073920726776123047e-01,6.677346825599670410e-01,7.263556122779846191e-01,7.845368385314941406e-01,8.440600633621215820e-01,9.004635214805603027e-01,9.585950374603271484e-01
-2.262052893638610840e-01,-1.666929423809051514e-01,-1.068775877356529236e-01,-4.777855798602104187e-02,1.202177628874778748e-02,7.224920392036437988e-02,1.318456679582595825e-01,1.914031207561492920e-01,2.518854439258575439e-01,3.116206526756286621e-01,3.705181181430816650e-01,4.303034842014312744e-01,4.903939068317413330e-01,5.487167239189147949e-01,6.084907650947570801e-01,6.685813665390014648e-01,7.264472246170043945e-01,7.860940694808959961e-01,8.443318605422973633e-01,9.012917876243591309e-01,9.600462317466735840e-01
-2.266686111688613892e-01,-1.667897403240203857e-01,-1.074780374765396118e-01,-4.784772172570228577e-02,1.258672215044498444e-02,7.251948863267898560e-02,1.318791955709457397e-01,1.918396949768066406e-01,2.523703575134277344e-01,3.119197785854339600e-01,3.711585998535156250e-01,4.311895370483398438e-01,4.907368421554565430e-01,5.494171977043151855e-01,6.098226904869079590e-01,6.685550808906555176e-01,7.273573279380798340e-01,7.871831059455871582e-01,8.440942764282226562e-01,9.029408097267150879e-01,9.600694775581359863e-01
-2.271449565887451172e-01,-1.672238409519195557e-01,-1.079525277018547058e-01,-4.749039188027381897e-02,1.280225533992052078e-02,7.221708446741104126e-02,1.317838877439498901e-01,1.921908408403396606e-01,2.526567578315734863e-01,3.116501271724700928e-01,3.718003332614898682e-01,4.322338700294494629e-01,4.905326068401336670e-01,5.503939390182495117e-01,6.105589270591735840e-01,6.685194969177246094e-01,7.285989522933959961e-01,7.868503928184509277e-01,8.449749946594238281e-01,9.038302898406982422e-01,9.600266218185424805e-01
-2.276190221309661865e-01,-1.677909940481185913e-01,-1.080960705876350403e-01,-4.734236747026443481e-02,1.245549228042364120e-02,7.179921865463256836e-02,1.321099996566772461e-01,1.926469206809997559e-01,2.526656091213226318e-01,3.121820688247680664e-01,3.727268576622009277e-01,4.322049021720886230e-01,4.910360574722290039e-01,5.515806674957275391e-01,6.103094816207885742e-01,6.694534420967102051e-01,7.295464277267456055e-01,7.868348360061645508e-01,8.464088439941406250e-01,9.032719731330871582e-01,9.611433148384094238e-01
