# 1st dimension: Re = np.logspace(np.log10(1.4e6), np.log10(1.05e7), 20); 2nd dimension: alpha = np.arange(-5., 5.5, .5)
-5.164529085159301758e-01,-4.658405780792236328e-01,-4.157784283161163330e-01,-3.694831728935241699e-01,-3.211593925952911377e-01,-2.700756490230560303e-01,-2.168960422277450562e-01,nan,-1.107392385601997375e-01,-5.547560378909111023e-02,5.461269214634967284e-09,5.547560006380081177e-02,1.107392534613609314e-01,nan,2.168962061405181885e-01,2.700759470462799072e-01,3.211599290370941162e-01,3.694840669631958008e-01,4.157800972461700439e-01,4.658432602882385254e-01,5.164569020271301270e-01
-5.173326730728149414e-01,-4.652503430843353271e-01,-4.150689840316772461e-01,-3.664588332176208496e-01,-3.180679678916931152e-01,-2.684076130390167236e-01,-2.163149714469909668e-01,-1.638786047697067261e-01,-1.101059690117835999e-01,-5.672939121723175049e-02,-5.478168141337391717e-09,5.672939494252204895e-02,1.101059988141059875e-01,1.638786792755126953e-01,2.163151353597640991e-01,2.684078812599182129e-01,3.180685043334960938e-01,3.664598166942596436e-01,4.150706529617309570e-01,4.652529358863830566e-01,5.173364281654357910e-01
-5.153130292892456055e-01,-4.650698602199554443e-01,-4.143008589744567871e-01,-3.635826408863067627e-01,-3.156475722789764404e-01,-2.658545970916748047e-01,nan,-1.630338877439498901e-01,-1.104018539190292358e-01,-5.683805048465728760e-02,2.066435911274311366e-08,5.683804675936698914e-02,1.104018911719322205e-01,1.630339622497558594e-01,nan,2.658548653125762939e-01,3.156481087207794189e-01,3.635836839675903320e-01,4.143024682998657227e-01,4.650724232196807861e-01,5.153168439865112305e-01
-5.149174928665161133e-01,-4.661189615726470947e-01,-4.134814739227294922e-01,-3.616134524345397949e-01,-3.128583431243896484e-01,nan,-2.147683203220367432e-01,-1.622512042522430420e-01,-1.099320873618125916e-01,nan,8.449399402365997958e-09,5.541805177927017212e-02,1.099321097135543823e-01,1.622512787580490112e-01,2.147684544324874878e-01,nan,3.128588795661926270e-01,3.616145253181457520e-01,4.134830534458160400e-01,4.661212861537933350e-01,5.149213075637817383e-01
-5.155689120292663574e-01,-4.645986855030059814e-01,-4.123399257659912109e-01,-3.602952957153320312e-01,nan,-2.617369592189788818e-01,-2.128315865993499756e-01,-1.612427234649658203e-01,-1.088120564818382263e-01,-5.445929244160652161e-02,-1.414738799212500453e-04,5.445929616689682007e-02,1.088120937347412109e-01,1.612428277730941772e-01,2.128317207098007202e-01,2.617372870445251465e-01,nan,3.602962791919708252e-01,4.123415052890777588e-01,4.646010696887969971e-01,5.155723094940185547e-01
-5.138261318206787109e-01,-4.633239209651947021e-01,-4.122299551963806152e-01,nan,-3.082230985164642334e-01,-2.599921822547912598e-01,-2.112977504730224609e-01,-1.608743816614151001e-01,-1.072308644652366638e-01,-5.292538553476333618e-02,9.414810264729567280e-09,5.292538553476333618e-02,1.072308793663978577e-01,1.608744412660598755e-01,2.112978696823120117e-01,2.599924504756927490e-01,3.082236945629119873e-01,nan,4.122315049171447754e-01,4.633262753486633301e-01,5.138297080993652344e-01
-5.127811431884765625e-01,-4.628301858901977539e-01,nan,-3.594115078449249268e-01,-3.078682422637939453e-01,-2.568799853324890137e-01,-2.084536254405975342e-01,-1.581529974937438965e-01,-1.056319028139114380e-01,-5.170008912682533264e-02,-3.241128609943189076e-08,5.170009657740592957e-02,1.056319251656532288e-01,1.581530719995498657e-01,2.084537446498870850e-01,2.568802535533905029e-01,3.078687489032745361e-01,3.594124317169189453e-01,nan,4.628325104713439941e-01,5.127848386764526367e-01
nan,nan,-4.116941690444946289e-01,-3.595526516437530518e-01,-3.071246445178985596e-01,-2.554441392421722412e-01,-2.070595473051071167e-01,-1.555499136447906494e-01,-1.045332700014114380e-01,-5.187846720218658447e-02,2.875960447568104428e-08,5.187846720218658447e-02,1.045332923531532288e-01,1.555499434471130371e-01,2.070596665143966675e-01,2.554444968700408936e-01,3.071251511573791504e-01,3.595535457134246826e-01,4.116955101490020752e-01,nan,nan
nan,-4.624892175197601318e-01,-4.112847447395324707e-01,-3.603280186653137207e-01,-3.069140613079071045e-01,-2.548751831054687500e-01,-2.028630375862121582e-01,-1.520311534404754639e-01,-1.024301424622535706e-01,-5.169238895177841187e-02,-4.931402509100735188e-05,5.169238895177841187e-02,1.024301573634147644e-01,1.520311981439590454e-01,2.028631567955017090e-01,2.548754513263702393e-01,3.069145083427429199e-01,3.603288233280181885e-01,4.112860262393951416e-01,4.624912738800048828e-01,nan
-5.146077871322631836e-01,-4.622417688369750977e-01,-4.116434156894683838e-01,-3.608976900577545166e-01,-3.068078756332397461e-01,-2.529082298278808594e-01,-2.001811116933822632e-01,-1.503904610872268677e-01,-1.014454513788223267e-01,-5.219061672687530518e-02,-6.353378978474211181e-08,5.219062417745590210e-02,1.014454588294029236e-01,1.503904759883880615e-01,2.001812607049942017e-01,2.529084682464599609e-01,3.068083226680755615e-01,3.608983755111694336e-01,4.116446077823638916e-01,4.622437655925750732e-01,nan
nan,nan,nan,nan,nan,nan,nan,nan,nan,nan,nan,nan,nan,nan,nan,nan,nan,nan,nan,nan,nan
-5.166178345680236816e-01,nan,-4.127558767795562744e-01,-3.586446344852447510e-01,nan,-2.512052655220031738e-01,-1.970186680555343628e-01,nan,nan,-5.080405250191688538e-02,1.354433578626412782e-07,5.080405622720718384e-02,nan,nan,1.970187872648239136e-01,2.512054741382598877e-01,nan,3.586452603340148926e-01,4.127568006515502930e-01,nan,5.166203975677490234e-01
-5.174625515937805176e-01,-4.636672139167785645e-01,-4.111033976078033447e-01,-3.582745492458343506e-01,-3.047027587890625000e-01,-2.509656846523284912e-01,-1.962888985872268677e-01,-1.469743996858596802e-01,-9.776213020086288452e-02,-4.846830666065216064e-02,4.340780535017074726e-08,4.846830666065216064e-02,9.776213020086288452e-02,1.469743996858596802e-01,1.962890028953552246e-01,2.509658634662628174e-01,3.047031164169311523e-01,3.582751452922821045e-01,4.111043810844421387e-01,4.636687934398651123e-01,5.174648761749267578e-01
nan,nan,nan,nan,nan,nan,nan,nan,nan,nan,nan,nan,nan,nan,nan,nan,nan,nan,nan,nan,nan
-5.185443758964538574e-01,-4.642176032066345215e-01,-4.100552499294281006e-01,-3.580119311809539795e-01,-3.033697009086608887e-01,-2.508010864257812500e-01,-1.966985762119293213e-01,-1.475881785154342651e-01,-9.674508869647979736e-02,-4.801465943455696106e-02,3.992201769165149017e-08,4.801465943455696106e-02,9.674508124589920044e-02,1.475881785154342651e-01,1.966986209154129028e-01,2.508012354373931885e-01,3.033700585365295410e-01,3.580124676227569580e-01,4.100562036037445068e-01,4.642190337181091309e-01,5.185464620590209961e-01
4.890722781419754028e-02,5.294661223888397217e-02,4.669915139675140381e-02,3.774897009134292603e-02,3.159707039594650269e-02,3.104190714657306671e-02,1.457523740828037262e-02,1.435967255383729935e-02,8.172119036316871643e-03,8.593367412686347961e-03,-7.579941768199205399e-03,nan,-6.063635461032390594e-03,-1.242170110344886780e-02,-1.119632739573717117e-02,-2.493644505739212036e-02,-2.312862500548362732e-02,nan,-2.599183470010757446e-02,-3.255250677466392517e-02,-3.056841157376766205e-02
-5.189814567565917969e-01,-4.645608365535736084e-01,-4.099777936935424805e-01,-3.557327687740325928e-01,-3.032818734645843506e-01,-2.503719627857208252e-01,-1.993958950042724609e-01,-1.507739126682281494e-01,nan,-4.859106987714767456e-02,nan,4.859107360243797302e-02,nan,1.507738828659057617e-01,1.993958652019500732e-01,2.503720521926879883e-01,3.032821416854858398e-01,3.557333648204803467e-01,4.099787175655364990e-01,4.645622372627258301e-01,5.189834833145141602e-01
-5.192282199859619141e-01,-4.647807776927947998e-01,-4.101398289203643799e-01,-3.555535972118377686e-01,-3.045645058155059814e-01,-2.517625093460083008e-01,-2.010599076747894287e-01,-1.528773456811904907e-01,-1.010750234127044678e-01,-4.878899827599525452e-02,-1.409381678030285912e-08,4.878899827599525452e-02,1.010750308632850647e-01,1.528773009777069092e-01,2.010598629713058472e-01,2.517625391483306885e-01,3.045646846294403076e-01,3.555541634559631348e-01,4.101407229900360107e-01,4.647821485996246338e-01,5.192303061485290527e-01
-5.194977521896362305e-01,-4.650150239467620850e-01,-4.103367626667022705e-01,-3.557004928588867188e-01,-3.059189319610595703e-01,-2.527316212654113770e-01,-2.005311697721481323e-01,-1.548159420490264893e-01,nan,-5.216389521956443787e-02,2.124049380824999389e-08,5.216389149427413940e-02,nan,1.548158973455429077e-01,2.005311101675033569e-01,2.527315914630889893e-01,3.059189915657043457e-01,3.557009994983673096e-01,4.103376567363739014e-01,4.650163948535919189e-01,5.194998383522033691e-01
-5.197919607162475586e-01,-4.652681052684783936e-01,-4.105864465236663818e-01,-3.574762642383575439e-01,-3.062026500701904297e-01,-2.544991672039031982e-01,-2.018375247716903687e-01,nan,-1.034533157944679260e-01,-5.286496505141258240e-02,1.528975168696433684e-09,5.286492407321929932e-02,1.034532859921455383e-01,nan,2.018374353647232056e-01,2.544990777969360352e-01,3.062026500701904297e-01,3.574765622615814209e-01,4.105873107910156250e-01,4.652694761753082275e-01,5.197940468788146973e-01
