# 1st dimension: Re = np.logspace(np.log10(1.4e6), np.log10(1.05e7), 20); 2nd dimension: alpha = np.arange(-5., 5.5, .5)
4.832870513200759888e-02,nan,1.596421450376510620e-01,2.150151282548904419e-01,2.683812379837036133e-01,3.228802382946014404e-01,3.759785592555999756e-01,4.281607866287231445e-01,4.784039855003356934e-01,5.280966758728027344e-01,5.777268409729003906e-01,6.291351318359375000e-01,6.806094646453857422e-01,nan,7.843275070190429688e-01,8.340330719947814941e-01,8.896839618682861328e-01,9.401149749755859375e-01,9.869769215583801270e-01,1.035700678825378418e+00,1.076987743377685547e+00
nan,nan,nan,2.160492837429046631e-01,2.689866423606872559e-01,3.233899474143981934e-01,3.761014938354492188e-01,4.277789890766143799e-01,4.773290157318115234e-01,5.269982218742370605e-01,5.775410532951354980e-01,nan,nan,nan,nan,nan,nan,nan,nan,nan,nan
5.479881539940834045e-02,1.138137802481651306e-01,1.613636165857315063e-01,2.156667113304138184e-01,2.697672843933105469e-01,3.237133622169494629e-01,3.764613270759582520e-01,4.272439181804656982e-01,4.761870503425598145e-01,5.258699655532836914e-01,5.765053033828735352e-01,6.284034848213195801e-01,6.808279752731323242e-01,7.336970567703247070e-01,7.856321334838867188e-01,8.348533511161804199e-01,8.842986822128295898e-01,nan,9.873503446578979492e-01,1.033999681472778320e+00,1.072657704353332520e+00
nan,nan,nan,2.159042507410049438e-01,2.702968716621398926e-01,3.237555027008056641e-01,3.756079375743865967e-01,4.260836243629455566e-01,4.744154810905456543e-01,5.253242850303649902e-01,5.769550204277038574e-01,6.289725899696350098e-01,6.812763214111328125e-01,7.335666418075561523e-01,7.857976555824279785e-01,8.356500267982482910e-01,8.858641386032104492e-01,nan,nan,1.031519055366516113e+00,1.072591304779052734e+00
nan,nan,nan,2.162704616785049438e-01,2.708189487457275391e-01,3.235083222389221191e-01,3.752493858337402344e-01,4.240462183952331543e-01,4.742814004421234131e-01,5.245785117149353027e-01,5.766354799270629883e-01,6.289262771606445312e-01,6.819679141044616699e-01,7.343197464942932129e-01,7.863025069236755371e-01,8.355522751808166504e-01,8.862182497978210449e-01,nan,9.868509769439697266e-01,1.028689980506896973e+00,1.073280572891235352e+00
nan,nan,nan,2.163505852222442627e-01,nan,nan,3.734159469604492188e-01,4.230610728263854980e-01,4.731213748455047607e-01,5.244271159172058105e-01,5.766482353210449219e-01,6.288415193557739258e-01,6.819615960121154785e-01,7.346927523612976074e-01,7.872129678726196289e-01,8.361688256263732910e-01,8.872314691543579102e-01,nan,nan,nan,nan
nan,nan,nan,2.166737616062164307e-01,nan,nan,3.725032508373260498e-01,4.219262599945068359e-01,4.730540215969085693e-01,5.244396924972534180e-01,5.769555568695068359e-01,6.295623779296875000e-01,6.821461915969848633e-01,7.345035076141357422e-01,7.876018285751342773e-01,8.362526297569274902e-01,8.870633840560913086e-01,9.345379471778869629e-01,9.836727380752563477e-01,1.025732517242431641e+00,1.075601220130920410e+00
nan,nan,nan,2.168714255094528198e-01,nan,nan,3.709839284420013428e-01,4.206235408782958984e-01,4.721454381942749023e-01,5.241389274597167969e-01,5.764065384864807129e-01,6.296742558479309082e-01,6.829196810722351074e-01,7.353052496910095215e-01,7.876909375190734863e-01,8.363917469978332520e-01,8.876573443412780762e-01,9.341428279876708984e-01,9.807941913604736328e-01,1.026222825050354004e+00,1.076689124107360840e+00
nan,nan,nan,2.162059992551803589e-01,nan,nan,3.691542446613311768e-01,4.206389784812927246e-01,4.723983407020568848e-01,5.249235033988952637e-01,5.769153833389282227e-01,6.295849084854125977e-01,6.829821467399597168e-01,7.359086871147155762e-01,7.885248661041259766e-01,8.369874358177185059e-01,8.874920010566711426e-01,9.328095912933349609e-01,nan,nan,nan
nan,nan,nan,2.157635241746902466e-01,2.677944004535675049e-01,nan,3.681011497974395752e-01,4.197606444358825684e-01,4.717094600200653076e-01,5.246855020523071289e-01,5.771475434303283691e-01,6.303794980049133301e-01,6.829917430877685547e-01,7.358063459396362305e-01,7.887960672378540039e-01,8.367439508438110352e-01,8.875093460083007812e-01,9.314098954200744629e-01,9.741491675376892090e-01,nan,1.078930497169494629e+00
nan,nan,nan,2.149723619222640991e-01,2.657472789287567139e-01,nan,3.674391210079193115e-01,4.199204444885253906e-01,4.722559750080108643e-01,5.247728228569030762e-01,5.769547820091247559e-01,6.307879686355590820e-01,6.836900711059570312e-01,7.362723946571350098e-01,7.885805368423461914e-01,8.373718261718750000e-01,8.864542245864868164e-01,9.288788437843322754e-01,9.746776223182678223e-01,nan,nan
nan,nan,nan,2.136660367250442505e-01,2.635445892810821533e-01,nan,3.665063083171844482e-01,4.192723929882049561e-01,4.722737669944763184e-01,5.251043438911437988e-01,5.775844454765319824e-01,6.305313706398010254e-01,6.835120320320129395e-01,7.370302081108093262e-01,7.893661856651306152e-01,8.378134369850158691e-01,8.851043581962585449e-01,9.267925620079040527e-01,9.754705429077148438e-01,1.029610157012939453e+00,1.081408739089965820e+00
nan,nan,nan,2.115480750799179077e-01,2.620967030525207520e-01,3.138699829578399658e-01,3.665752112865447998e-01,4.193442165851593018e-01,4.720079600811004639e-01,5.246828198432922363e-01,5.781580805778503418e-01,6.310132145881652832e-01,6.835443377494812012e-01,7.370005249977111816e-01,7.895464301109313965e-01,8.373730778694152832e-01,8.834288120269775391e-01,9.262546300888061523e-01,9.764717221260070801e-01,1.027318239212036133e+00,nan
nan,nan,nan,2.096538990736007690e-01,2.612664997577667236e-01,3.129328787326812744e-01,3.661633133888244629e-01,4.192707836627960205e-01,4.725737571716308594e-01,5.252385139465332031e-01,5.779501795768737793e-01,6.312849521636962891e-01,6.843446493148803711e-01,7.370367646217346191e-01,7.893859744071960449e-01,8.379165530204772949e-01,8.808576464653015137e-01,9.263893961906433105e-01,9.775897264480590820e-01,nan,1.083910942077636719e+00
nan,nan,nan,2.081681489944458008e-01,2.598689198493957520e-01,nan,3.658521771430969238e-01,4.187728762626647949e-01,4.721137583255767822e-01,5.256059169769287109e-01,5.785323977470397949e-01,6.307793855667114258e-01,6.845658421516418457e-01,7.376554012298583984e-01,7.900745868682861328e-01,8.372818827629089355e-01,8.783761262893676758e-01,9.267448186874389648e-01,9.786859750747680664e-01,1.030438899993896484e+00,nan
nan,nan,1.559980213642120361e-01,2.070666402578353882e-01,2.591703236103057861e-01,3.120655119419097900e-01,3.659011125564575195e-01,4.192595481872558594e-01,4.722801446914672852e-01,5.253916978836059570e-01,5.791445970535278320e-01,6.313289403915405273e-01,6.843643784523010254e-01,7.371995449066162109e-01,7.905972599983215332e-01,8.366900086402893066e-01,8.769979476928710938e-01,9.275565743446350098e-01,9.797480702400207520e-01,1.031878113746643066e+00,1.083163142204284668e+00
nan,nan,1.541879922151565552e-01,2.057508826255798340e-01,2.585175037384033203e-01,3.117708563804626465e-01,3.651141822338104248e-01,4.188463985919952393e-01,4.724766314029693604e-01,5.257633328437805176e-01,5.788962841033935547e-01,6.315054893493652344e-01,6.849207878112792969e-01,7.373660802841186523e-01,7.904835343360900879e-01,8.357326984405517578e-01,8.768012523651123047e-01,9.285216927528381348e-01,9.809556007385253906e-01,1.033158540725708008e+00,1.084944605827331543e+00
nan,nan,1.527780741453170776e-01,2.050872892141342163e-01,2.577482163906097412e-01,nan,3.654587566852569580e-01,4.187397062778472900e-01,4.719996750354766846e-01,5.264661908149719238e-01,5.789979100227355957e-01,6.311909556388854980e-01,6.851173639297485352e-01,7.379709482192993164e-01,7.908089756965637207e-01,8.341430425643920898e-01,nan,9.294691085815429688e-01,9.820847511291503906e-01,1.034514904022216797e+00,1.086422443389892578e+00
nan,nan,1.513613015413284302e-01,2.044385075569152832e-01,2.575076222419738770e-01,3.109967410564422607e-01,3.649081587791442871e-01,4.190180897712707520e-01,4.724426567554473877e-01,5.261576175689697266e-01,5.794166326522827148e-01,6.316884756088256836e-01,6.845964193344116211e-01,7.378082871437072754e-01,7.914558053016662598e-01,8.327431678771972656e-01,8.777832984924316406e-01,9.304317831993103027e-01,9.832279682159423828e-01,1.035722613334655762e+00,1.087765574455261230e+00
nan,9.924396127462387085e-02,1.502633243799209595e-01,2.035476714372634888e-01,2.574908435344696045e-01,3.112120330333709717e-01,3.648374080657958984e-01,4.182392358779907227e-01,4.728004038333892822e-01,5.262231230735778809e-01,5.788412690162658691e-01,6.321545243263244629e-01,6.851451396942138672e-01,7.379559874534606934e-01,7.908134460449218750e-01,8.306391835212707520e-01,8.786178231239318848e-01,9.314461946487426758e-01,9.844179153442382812e-01,1.036999583244323730e+00,1.088441729545593262e+00
