# 1st dimension: Re = np.logspace(np.log10(1.4e6), np.log10(1.05e7), 20); 2nd dimension: alpha = np.arange(-5., 5.5, .5)
-8.247757703065872192e-02,-2.378372661769390106e-02,3.514584153890609741e-02,9.426624327898025513e-02,1.535816192626953125e-01,2.130361348390579224e-01,2.731889784336090088e-01,3.325494527816772461e-01,3.912045955657958984e-01,4.507152438163757324e-01,5.100881457328796387e-01,5.690576434135437012e-01,6.282657980918884277e-01,6.875166296958923340e-01,7.462059259414672852e-01,7.946698665618896484e-01,8.463564515113830566e-01,9.015058279037475586e-01,9.543957114219665527e-01,1.000245213508605957e+00,1.065560460090637207e+00
-8.250222355127334595e-02,-2.372052893042564392e-02,3.527090325951576233e-02,9.446901828050613403e-02,1.538800746202468872e-01,2.134316861629486084e-01,2.737385034561157227e-01,3.332152962684631348e-01,3.925947546958923340e-01,4.515251219272613525e-01,5.108981132507324219e-01,5.700218677520751953e-01,6.291346549987792969e-01,6.882916092872619629e-01,7.421370148658752441e-01,7.905803322792053223e-01,8.472017049789428711e-01,9.024868011474609375e-01,9.558521509170532227e-01,1.000497102737426758e+00,1.063003897666931152e+00
nan,-2.371877431869506836e-02,3.537339344620704651e-02,9.467778354883193970e-02,1.541552990674972534e-01,2.137960791587829590e-01,2.742067277431488037e-01,3.338079154491424561e-01,3.933512568473815918e-01,4.522432386875152588e-01,5.115960240364074707e-01,5.708054900169372559e-01,6.296700835227966309e-01,6.858401894569396973e-01,7.391376495361328125e-01,7.907671928405761719e-01,8.478431701660156250e-01,nan,9.552104473114013672e-01,1.003137111663818359e+00,1.059012055397033691e+00
-8.266264945268630981e-02,-2.376272715628147125e-02,3.545111045241355896e-02,9.486120939254760742e-02,1.544241011142730713e-01,2.141165137290954590e-01,2.746166586875915527e-01,3.343413770198822021e-01,3.939772844314575195e-01,4.533397257328033447e-01,5.122118592262268066e-01,5.693964362144470215e-01,6.199602484703063965e-01,6.826525926589965820e-01,7.347786426544189453e-01,7.911342978477478027e-01,8.473979234695434570e-01,9.017239212989807129e-01,9.543110132217407227e-01,nan,1.054072022438049316e+00
-8.271137624979019165e-02,-2.384089119732379913e-02,3.548619523644447327e-02,9.500532597303390503e-02,1.546638458967208862e-01,nan,nan,3.348281681537628174e-01,3.944930434226989746e-01,4.538799524307250977e-01,5.125266909599304199e-01,5.653029680252075195e-01,6.176322698593139648e-01,6.777864694595336914e-01,7.347791790962219238e-01,7.904598712921142578e-01,8.458775877952575684e-01,9.004784226417541504e-01,9.548648595809936523e-01,1.009163379669189453e+00,1.058723092079162598e+00
nan,nan,nan,nan,nan,nan,nan,3.352493345737457275e-01,3.948684632778167725e-01,4.542997777462005615e-01,5.086702704429626465e-01,5.601717233657836914e-01,6.175839304924011230e-01,6.773912906646728516e-01,7.345076799392700195e-01,7.890176773071289062e-01,8.445948958396911621e-01,9.006176590919494629e-01,9.561812281608581543e-01,1.011790752410888672e+00,1.063774347305297852e+00
nan,nan,nan,nan,nan,nan,nan,3.355853259563446045e-01,3.951548337936401367e-01,4.529386460781097412e-01,5.042191743850708008e-01,nan,6.164808273315429688e-01,6.776956915855407715e-01,7.324642539024353027e-01,7.878621816635131836e-01,8.445577621459960938e-01,9.017018079757690430e-01,9.578908681869506836e-01,1.014017343521118164e+00,1.067354440689086914e+00
nan,nan,nan,nan,1.556882411241531372e-01,2.158467322587966919e-01,nan,3.358361721038818359e-01,3.952611684799194336e-01,4.492427408695220947e-01,5.024393200874328613e-01,5.591918826103210449e-01,6.150989532470703125e-01,6.771831512451171875e-01,7.307596206665039062e-01,7.878422141075134277e-01,8.454435467720031738e-01,9.030658602714538574e-01,9.597219228744506836e-01,1.015740513801574707e+00,nan
nan,nan,nan,nan,1.560895591974258423e-01,2.161650061607360840e-01,2.761785387992858887e-01,3.359801471233367920e-01,3.913294672966003418e-01,4.442107081413269043e-01,5.013898015022277832e-01,5.578733682632446289e-01,6.142783164978027344e-01,6.759573221206665039e-01,7.306231260299682617e-01,7.886267900466918945e-01,8.466300368309020996e-01,9.043724536895751953e-01,9.614709615707397461e-01,1.016946554183959961e+00,1.056638717651367188e+00
nan,nan,nan,nan,1.563586145639419556e-01,2.164286822080612183e-01,nan,3.351832032203674316e-01,3.873469531536102295e-01,4.436165690422058105e-01,5.000321865081787109e-01,5.569806098937988281e-01,6.144270896911621094e-01,6.747260689735412598e-01,7.314281463623046875e-01,7.896946072578430176e-01,8.478269577026367188e-01,9.055590629577636719e-01,9.626146554946899414e-01,1.006102085113525391e+00,1.055949926376342773e+00
nan,nan,nan,9.645105153322219849e-02,1.565450131893157959e-01,2.166506201028823853e-01,2.764757871627807617e-01,3.317162096500396729e-01,3.853146433830261230e-01,4.418587684631347656e-01,4.990344345569610596e-01,5.569787025451660156e-01,6.154130101203918457e-01,6.744642257690429688e-01,7.324993610382080078e-01,7.907804846763610840e-01,8.488978147506713867e-01,9.065984487533569336e-01,nan,1.004368185997009277e+00,1.056895732879638672e+00
nan,nan,3.647327050566673279e-02,9.655545651912689209e-02,1.566957235336303711e-01,nan,nan,3.267266452312469482e-01,3.837063908576965332e-01,4.408037364482879639e-01,4.988340139389038086e-01,5.574890971183776855e-01,6.162586212158203125e-01,6.749925017356872559e-01,7.335011363029479980e-01,7.917694449424743652e-01,8.498561382293701172e-01,9.074940681457519531e-01,9.519135355949401855e-01,1.004184961318969727e+00,1.058746457099914551e+00
nan,-2.355868928134441376e-02,3.649535030126571655e-02,9.662836045026779175e-02,1.568105071783065796e-01,nan,2.704931199550628662e-01,3.257330954074859619e-01,3.823630511760711670e-01,4.404298067092895508e-01,4.991746544837951660e-01,5.581846833229064941e-01,6.169502735137939453e-01,6.757894754409790039e-01,7.343442440032958984e-01,7.927104234695434570e-01,8.505958914756774902e-01,8.979504704475402832e-01,9.507018923759460449e-01,1.005667448043823242e+00,1.060656547546386719e+00
nan,-2.361836098134517670e-02,3.648471832275390625e-02,9.667813032865524292e-02,1.568976491689682007e-01,2.166944444179534912e-01,2.672757804393768311e-01,3.238543868064880371e-01,3.818042576313018799e-01,4.406122267246246338e-01,4.997335672378540039e-01,5.588052272796630859e-01,6.175980567932128906e-01,6.764220595359802246e-01,7.351029515266418457e-01,7.934272289276123047e-01,8.428015112876892090e-01,8.961075544357299805e-01,9.513200521469116211e-01,1.007348179817199707e+00,nan
-8.377939462661743164e-02,-2.370992489159107208e-02,3.645316138863563538e-02,9.670554846525192261e-02,1.569441854953765869e-01,2.127660363912582397e-01,2.656382918357849121e-01,3.229841291904449463e-01,3.818203806877136230e-01,4.410388171672821045e-01,5.003110170364379883e-01,5.593544840812683105e-01,6.180912852287292480e-01,nan,7.357183098793029785e-01,7.872934937477111816e-01,8.407346010208129883e-01,8.961549401283264160e-01,9.526790380477905273e-01,1.008628845214843750e+00,1.059970140457153320e+00
-8.395144343376159668e-02,-2.381587401032447815e-02,3.641304001212120056e-02,9.671355038881301880e-02,1.569035649299621582e-01,2.078436315059661865e-01,2.641466259956359863e-01,3.228335380554199219e-01,3.821161389350891113e-01,4.415614306926727295e-01,5.007846951484680176e-01,5.598164200782775879e-01,nan,6.779019832611083984e-01,7.292033433914184570e-01,7.844160199165344238e-01,8.404169082641601562e-01,8.972538709640502930e-01,9.538803100585937500e-01,1.007320761680603027e+00,1.060381054878234863e+00
-8.412634581327438354e-02,-2.392863854765892029e-02,3.636649996042251587e-02,9.669188410043716431e-02,1.559177786111831665e-01,2.056448459625244141e-01,2.637271583080291748e-01,3.230057060718536377e-01,3.825385868549346924e-01,4.419601857662200928e-01,5.012114644050598145e-01,nan,6.084141731262207031e-01,6.706597805023193359e-01,7.270110845565795898e-01,7.839478850364685059e-01,8.413418531417846680e-01,8.983495831489562988e-01,9.530278444290161133e-01,1.007019162178039551e+00,1.062146425247192383e+00
-8.430439978837966919e-02,-2.404536865651607513e-02,3.630944713950157166e-02,9.662719070911407471e-02,1.508577913045883179e-01,2.045558840036392212e-01,2.637585103511810303e-01,3.233175575733184814e-01,3.829071223735809326e-01,4.423387348651885986e-01,nan,5.513920187950134277e-01,6.078912019729614258e-01,6.691635847091674805e-01,7.268762588500976562e-01,7.847698330879211426e-01,8.422941565513610840e-01,8.976585865020751953e-01,9.525128006935119629e-01,1.008380889892578125e+00,1.064006686210632324e+00
-8.448556065559387207e-02,-2.416213601827621460e-02,3.623077645897865295e-02,9.649030119180679321e-02,1.476075947284698486e-01,2.043822109699249268e-01,2.639589607715606689e-01,3.236719369888305664e-01,3.832316994667053223e-01,nan,4.937255084514617920e-01,5.507752299308776855e-01,6.084799766540527344e-01,6.696852445602416992e-01,7.278466820716857910e-01,7.852989435195922852e-01,8.413664102554321289e-01,8.972797989845275879e-01,9.536615014076232910e-01,1.009899616241455078e+00,1.062125802040100098e+00
-8.466788381338119507e-02,-2.428256534039974213e-02,3.611069917678833008e-02,9.432342648506164551e-02,1.453095823526382446e-01,2.044664919376373291e-01,2.642498016357421875e-01,3.239404261112213135e-01,3.835112154483795166e-01,4.431248903274536133e-01,4.934024512767791748e-01,5.510296225547790527e-01,6.092575788497924805e-01,6.699166297912597656e-01,7.276121377944946289e-01,7.843516469001770020e-01,8.412721753120422363e-01,8.983025550842285156e-01,9.549996256828308105e-01,1.008643388748168945e+00,1.063691496849060059e+00
