# 1st dimension: Re = np.logspace(np.log10(1.4e6), np.log10(1.05e7), 20); 2nd dimension: alpha = np.arange(-5., 5.5, .5)
1.470974832773208618e-01,2.057373225688934326e-01,2.641790807247161865e-01,3.222230076789855957e-01,3.749541342258453369e-01,4.245105385780334473e-01,nan,nan,nan,nan,6.947203874588012695e-01,nan,8.080626726150512695e-01,8.644787073135375977e-01,9.205715656280517578e-01,9.743630290031433105e-01,1.025119304656982422e+00,1.073767066001892090e+00,1.152127623558044434e+00,1.205232262611389160e+00,1.255763769149780273e+00
1.468451917171478271e-01,2.054791897535324097e-01,2.639005482196807861e-01,3.215987086296081543e-01,3.694690167903900146e-01,4.222446084022521973e-01,4.748466014862060547e-01,5.296604037284851074e-01,5.845620632171630859e-01,6.414899230003356934e-01,6.975350975990295410e-01,7.543461918830871582e-01,8.111962080001831055e-01,8.678250908851623535e-01,9.241807460784912109e-01,nan,1.031671762466430664e+00,1.079580426216125488e+00,1.149518609046936035e+00,1.211219310760498047e+00,1.261360764503479004e+00
1.467086076736450195e-01,2.052987217903137207e-01,2.636467218399047852e-01,3.164503574371337891e-01,3.676198124885559082e-01,4.202272593975067139e-01,4.748690426349639893e-01,5.303765535354614258e-01,5.865889787673950195e-01,nan,7.003135681152343750e-01,7.570974230766296387e-01,8.141564726829528809e-01,nan,9.276042580604553223e-01,9.837200641632080078e-01,1.036898970603942871e+00,1.086284637451171875e+00,1.144354581832885742e+00,1.217321515083312988e+00,1.266497611999511719e+00
1.466586589813232422e-01,2.051846683025360107e-01,2.632062137126922607e-01,3.120276331901550293e-01,3.655184805393218994e-01,4.192795753479003906e-01,4.753292202949523926e-01,5.314061641693115234e-01,5.885370969772338867e-01,6.459668874740600586e-01,7.028672099113464355e-01,7.597140669822692871e-01,8.169670104980468750e-01,8.740372061729431152e-01,9.308468103408813477e-01,9.873048663139343262e-01,1.041453599929809570e+00,1.093084216117858887e+00,1.142472982406616211e+00,1.219570636749267578e+00,1.271175980567932129e+00
1.466499418020248413e-01,2.050747722387313843e-01,2.573956847190856934e-01,3.102438151836395264e-01,3.637373745441436768e-01,4.193134307861328125e-01,4.759583473205566406e-01,5.327123403549194336e-01,5.904053449630737305e-01,6.480476856231689453e-01,7.052415013313293457e-01,7.622011899948120117e-01,8.196352720260620117e-01,8.769071102142333984e-01,nan,9.907113909721374512e-01,1.045616984367370605e+00,1.099153161048889160e+00,1.148580908775329590e+00,1.217882037162780762e+00,1.275427699089050293e+00
1.466404944658279419e-01,2.047040760517120361e-01,2.542604207992553711e-01,3.082526028156280518e-01,3.629322350025177002e-01,4.197700917720794678e-01,4.767906665802001953e-01,5.342957377433776855e-01,5.921900272369384766e-01,6.500263214111328125e-01,7.075161933898925781e-01,7.645715475082397461e-01,8.221717476844787598e-01,8.796304464340209961e-01,9.368624091148376465e-01,9.939028024673461914e-01,1.049391150474548340e+00,1.104023933410644531e+00,1.154351353645324707e+00,1.214744210243225098e+00,1.278177618980407715e+00
1.465725749731063843e-01,1.983194053173065186e-01,2.524783909320831299e-01,3.066627979278564453e-01,3.629689812660217285e-01,4.203499257564544678e-01,4.777907431125640869e-01,5.358161926269531250e-01,5.938931107521057129e-01,6.519085764884948730e-01,nan,nan,8.245839476585388184e-01,8.822166919708251953e-01,9.396480321884155273e-01,nan,1.053012013435363770e+00,1.107984304428100586e+00,1.159784197807312012e+00,1.207963943481445312e+00,1.276472687721252441e+00
1.460524052381515503e-01,1.963639855384826660e-01,2.505962848663330078e-01,3.060023188591003418e-01,3.633720278739929199e-01,4.210416674613952637e-01,4.789852201938629150e-01,5.372742414474487305e-01,5.955200791358947754e-01,6.537026762962341309e-01,7.117450833320617676e-01,7.692182660102844238e-01,8.268811702728271484e-01,8.846719861030578613e-01,9.422929286956787109e-01,nan,1.056549429893493652e+00,1.111052870750427246e+00,1.164383649826049805e+00,1.210882663726806641e+00,1.271927833557128906e+00
1.395771205425262451e-01,1.944476664066314697e-01,2.492211759090423584e-01,3.060641586780548096e-01,3.638947606086730957e-01,4.218584597110748291e-01,4.802232980728149414e-01,5.386700630187988281e-01,5.970737338066101074e-01,6.554133892059326172e-01,7.136527895927429199e-01,7.714186906814575195e-01,8.290762901306152344e-01,8.869922161102294922e-01,9.448060393333435059e-01,1.002389430999755859e+00,1.059260487556457520e+00,1.113918542861938477e+00,1.166504263877868652e+00,1.213022470474243164e+00,1.267518043518066406e+00
1.385066509246826172e-01,1.926263868808746338e-01,2.486940026283264160e-01,3.064264059066772461e-01,3.645039200782775879e-01,4.228138923645019531e-01,4.814144372940063477e-01,5.400074720382690430e-01,5.985589027404785156e-01,6.570470929145812988e-01,7.154487967491149902e-01,7.734457850456237793e-01,8.311982154846191406e-01,8.892210721969604492e-01,9.471936225891113281e-01,1.004854917526245117e+00,1.061575531959533691e+00,1.115431666374206543e+00,1.166409850120544434e+00,1.214820981025695801e+00,1.261401534080505371e+00
1.362628340721130371e-01,1.913615763187408447e-01,2.487357705831527710e-01,3.068985044956207275e-01,3.652235567569732666e-01,4.238523840904235840e-01,4.825756549835205078e-01,5.412921309471130371e-01,5.999810695648193359e-01,6.586093306541442871e-01,7.171515822410583496e-01,7.754516601562500000e-01,8.333796262741088867e-01,8.913459777832031250e-01,9.494607448577880859e-01,1.007042169570922852e+00,1.063077211380004883e+00,1.115109205245971680e+00,nan,1.216222643852233887e+00,1.261916995048522949e+00
1.343377828598022461e-01,1.908278465270996094e-01,2.489945888519287109e-01,3.074192702770233154e-01,3.660367727279663086e-01,4.248663485050201416e-01,4.837088584899902344e-01,5.425423979759216309e-01,6.013488173484802246e-01,6.601069569587707520e-01,7.187845110893249512e-01,7.773336768150329590e-01,8.354431986808776855e-01,8.933573961257934570e-01,9.515759944915771484e-01,1.008882641792297363e+00,1.062426090240478516e+00,1.114386081695556641e+00,1.165593981742858887e+00,1.218398690223693848e+00,nan
1.330753266811370850e-01,1.907481253147125244e-01,2.493136525154113770e-01,3.080091178417205811e-01,3.669035136699676514e-01,4.258520007133483887e-01,4.848111271858215332e-01,5.437602996826171875e-01,6.026790142059326172e-01,6.615487933158874512e-01,7.203441858291625977e-01,7.790077328681945801e-01,nan,8.952688574790954590e-01,9.534827470779418945e-01,1.009475469589233398e+00,1.061261296272277832e+00,1.113692402839660645e+00,1.166674494743347168e+00,1.221074819564819336e+00,1.273667454719543457e+00
1.324831396341323853e-01,1.908518821001052856e-01,2.496577054262161255e-01,3.086490333080291748e-01,3.677300512790679932e-01,4.268026649951934814e-01,4.858728349208831787e-01,5.449309349060058594e-01,6.039607524871826172e-01,6.629350185394287109e-01,7.217929959297180176e-01,7.804974317550659180e-01,8.389604091644287109e-01,8.970878124237060547e-01,9.550977349281311035e-01,1.007288575172424316e+00,1.060194730758666992e+00,1.114209175109863281e+00,1.168874025344848633e+00,1.223686933517456055e+00,1.278216004371643066e+00
1.322787106037139893e-01,1.910247653722763062e-01,2.500599026679992676e-01,3.092797994613647461e-01,3.685024976730346680e-01,4.277042746543884277e-01,4.868895113468170166e-01,5.460562109947204590e-01,6.051906347274780273e-01,6.642289161682128906e-01,nan,7.818155288696289062e-01,8.402667045593261719e-01,8.988127112388610840e-01,9.556739330291748047e-01,1.005825400352478027e+00,1.060127615928649902e+00,1.115657091140747070e+00,1.171131610870361328e+00,1.226565957069396973e+00,1.281954288482666016e+00
1.322412192821502686e-01,1.912358850240707397e-01,2.505106925964355469e-01,3.098714649677276611e-01,3.692264556884765625e-01,4.285577535629272461e-01,4.878606498241424561e-01,5.471351146697998047e-01,6.063445210456848145e-01,6.653866767883300781e-01,7.242560386657714844e-01,7.828376293182373047e-01,8.398687243461608887e-01,9.003888368606567383e-01,9.528034329414367676e-01,1.005304336547851562e+00,1.061082363128662109e+00,1.117517471313476562e+00,1.173765897750854492e+00,1.229490637779235840e+00,1.285389661788940430e+00
1.322822570800781250e-01,1.915101855993270874e-01,2.509520649909973145e-01,3.104299306869506836e-01,3.699063360691070557e-01,4.293607175350189209e-01,4.887820482254028320e-01,5.481594800949096680e-01,6.073690056800842285e-01,6.663864850997924805e-01,7.250892519950866699e-01,7.813155055046081543e-01,8.354173898696899414e-01,9.016002416610717773e-01,9.502447247505187988e-01,1.005810022354125977e+00,1.062593102455139160e+00,1.119512557983398438e+00,1.176235198974609375e+00,1.232397913932800293e+00,1.288502097129821777e+00
1.323787719011306763e-01,1.918219923973083496e-01,2.513714730739593506e-01,3.109594285488128662e-01,3.705470263957977295e-01,4.301156699657440186e-01,4.896512329578399658e-01,5.490683913230895996e-01,6.082477569580078125e-01,6.670918464660644531e-01,7.229350805282592773e-01,7.772146463394165039e-01,8.335198760032653809e-01,9.005764126777648926e-01,9.499754905700683594e-01,1.006976008415222168e+00,1.064299702644348145e+00,1.121591687202453613e+00,1.178734540939331055e+00,1.235288262367248535e+00,1.291502714157104492e+00
1.325443536043167114e-01,1.921224892139434814e-01,2.517703771591186523e-01,3.114624917507171631e-01,3.711536526679992676e-01,4.308275580406188965e-01,4.904556870460510254e-01,5.498396158218383789e-01,6.088784337043762207e-01,6.647740602493286133e-01,7.190961837768554688e-01,7.760972976684570312e-01,8.340262770652770996e-01,8.976214528083801270e-01,9.507979154586791992e-01,1.008422613143920898e+00,1.066088199615478516e+00,1.123767971992492676e+00,1.181160211563110352e+00,1.237924695014953613e+00,1.294471144676208496e+00
1.327281743288040161e-01,1.924119889736175537e-01,2.521502077579498291e-01,3.119404315948486328e-01,3.717294931411743164e-01,4.315012097358703613e-01,4.911414384841918945e-01,5.504220128059387207e-01,6.069819927215576172e-01,6.609559059143066406e-01,7.183458805084228516e-01,7.766181230545043945e-01,8.350349068641662598e-01,8.956139683723449707e-01,9.519997835159301758e-01,1.009979128837585449e+00,1.068001508712768555e+00,1.125876545906066895e+00,1.183496713638305664e+00,1.240421056747436523e+00,nan
