# 1st dimension: Re = np.logspace(np.log10(1.4e6), np.log10(1.05e7), 20); 2nd dimension: alpha = np.arange(-5., 5.5, .5)
8.481199294328689575e-02,1.456993520259857178e-01,2.066254019737243652e-01,2.672891914844512939e-01,3.275878131389617920e-01,3.871910274028778076e-01,4.420984983444213867e-01,4.983751773834228516e-01,5.581822991371154785e-01,6.173859238624572754e-01,6.706932783126831055e-01,7.247881293296813965e-01,7.831520438194274902e-01,8.406338095664978027e-01,8.788210153579711914e-01,9.283974766731262207e-01,9.787065386772155762e-01,1.031422972679138184e+00,1.083576202392578125e+00,1.132403016090393066e+00,1.183009028434753418e+00
8.618584275245666504e-02,1.471080780029296875e-01,2.080509215593338013e-01,2.686152160167694092e-01,3.288325965404510498e-01,3.867298662662506104e-01,4.407046437263488770e-01,4.999164938926696777e-01,5.597867369651794434e-01,6.163907647132873535e-01,6.680828332901000977e-01,7.263384461402893066e-01,7.849206328392028809e-01,8.269600868225097656e-01,8.778448700904846191e-01,9.283323287963867188e-01,9.813661575317382812e-01,1.035398602485656738e+00,1.089047670364379883e+00,1.139254450798034668e+00,1.188747763633728027e+00
nan,1.483834832906723022e-01,2.093667536973953247e-01,2.696795463562011719e-01,3.291850984096527100e-01,3.846593201160430908e-01,4.412704408168792725e-01,5.013877749443054199e-01,5.603165626525878906e-01,6.123073697090148926e-01,6.690908074378967285e-01,7.280817031860351562e-01,7.862025499343872070e-01,8.259815573692321777e-01,8.770560622215270996e-01,9.298576712608337402e-01,9.846403598785400391e-01,1.039534449577331543e+00,1.093934178352355957e+00,1.145737290382385254e+00,1.194358348846435547e+00
nan,nan,2.105677723884582520e-01,2.704642415046691895e-01,3.274309337139129639e-01,nan,4.434175491333007812e-01,5.024287104606628418e-01,5.570364594459533691e-01,6.118119359016418457e-01,6.707652807235717773e-01,nan,7.730106711387634277e-01,8.248951435089111328e-01,8.773511052131652832e-01,9.323859810829162598e-01,9.881120920181274414e-01,1.043735384941101074e+00,1.098377585411071777e+00,1.151561260223388672e+00,1.200108408927917480e+00
8.994396775960922241e-02,nan,nan,2.697617411613464355e-01,nan,nan,4.448754489421844482e-01,5.011898279190063477e-01,5.543384552001953125e-01,6.131133437156677246e-01,nan,7.310812473297119141e-01,7.717100381851196289e-01,8.242399096488952637e-01,8.790231943130493164e-01,9.353067874908447266e-01,9.917143583297729492e-01,1.047601461410522461e+00,1.102507829666137695e+00,1.156262755393981934e+00,1.205553412437438965e+00
nan,1.522066742181777954e-01,2.124518901109695435e-01,nan,nan,nan,nan,4.973483979701995850e-01,5.549855828285217285e-01,6.145895719528198242e-01,nan,7.173830866813659668e-01,7.702446579933166504e-01,8.248513936996459961e-01,8.813906908035278320e-01,9.383792877197265625e-01,9.952266812324523926e-01,1.051220297813415527e+00,1.106310725212097168e+00,1.160094618797302246e+00,1.208994030952453613e+00
9.200153499841690063e-02,nan,2.113210409879684448e-01,nan,nan,nan,nan,4.972387850284576416e-01,5.563459992408752441e-01,6.159488558769226074e-01,6.623524427413940430e-01,7.158707380294799805e-01,7.696977853775024414e-01,nan,8.839986324310302734e-01,9.415614604949951172e-01,9.984385371208190918e-01,1.054576992988586426e+00,1.109675884246826172e+00,1.162426352500915527e+00,1.204816341400146484e+00
nan,nan,2.078868001699447632e-01,2.671734392642974854e-01,3.274768888950347900e-01,3.846821486949920654e-01,4.392588734626770020e-01,4.984064400196075439e-01,5.576960444450378418e-01,6.171350479125976562e-01,6.608550548553466797e-01,7.147338986396789551e-01,7.704735398292541504e-01,8.281733393669128418e-01,nan,9.444441199302673340e-01,1.001434803009033203e+00,1.057576775550842285e+00,1.111791849136352539e+00,1.159558534622192383e+00,1.199935078620910645e+00
9.363518655300140381e-02,nan,2.073819488286972046e-01,2.679259479045867920e-01,3.271663188934326172e-01,3.812399804592132568e-01,4.398079514503479004e-01,4.997680187225341797e-01,nan,6.059134602546691895e-01,6.593914031982421875e-01,7.147148847579956055e-01,7.721545100212097168e-01,8.304398059844970703e-01,8.888499140739440918e-01,9.471296668052673340e-01,1.004131197929382324e+00,1.059529900550842285e+00,1.109315991401672363e+00,1.156241774559020996e+00,1.200642347335815430e+00
9.422770887613296509e-02,1.519724875688552856e-01,nan,2.680856883525848389e-01,3.233358263969421387e-01,3.808511495590209961e-01,4.409481883049011230e-01,5.010197162628173828e-01,5.606392025947570801e-01,6.040760278701782227e-01,6.585658788681030273e-01,7.158747315406799316e-01,7.742117047309875488e-01,8.328648805618286133e-01,8.911952376365661621e-01,nan,1.005942821502685547e+00,1.057390570640563965e+00,1.106310129165649414e+00,1.156810998916625977e+00,1.205687403678894043e+00
9.438266605138778687e-02,1.491095274686813354e-01,2.083744406700134277e-01,2.651293575763702393e-01,3.217164278030395508e-01,3.817417025566101074e-01,4.420874118804931641e-01,nan,5.487068891525268555e-01,6.026118993759155273e-01,6.590944528579711914e-01,7.175981998443603516e-01,7.764748930931091309e-01,8.350936174392700195e-01,8.932698965072631836e-01,9.505656361579895020e-01,nan,nan,nan,nan,nan
9.190069884061813354e-02,1.489450633525848389e-01,2.063986510038375854e-01,2.625312507152557373e-01,3.222352564334869385e-01,3.827731907367706299e-01,4.431010484695434570e-01,4.926995933055877686e-01,5.468181371688842773e-01,6.023136973381042480e-01,6.604350805282592773e-01,7.195604443550109863e-01,7.786374092102050781e-01,8.371427655220031738e-01,8.948020339012145996e-01,9.487743377685546875e-01,nan,1.054783701896667480e+00,1.109248042106628418e+00,1.163525462150573730e+00,1.216448664665222168e+00
8.988089114427566528e-02,1.488084346055984497e-01,2.032556682825088501e-01,2.625178992748260498e-01,3.231658041477203369e-01,nan,nan,nan,5.455251336097717285e-01,6.031324267387390137e-01,6.621274352073669434e-01,7.216010689735412598e-01,7.805339694023132324e-01,8.386902809143066406e-01,8.933693170547485352e-01,9.461126327514648438e-01,1.000462055206298828e+00,1.056882500648498535e+00,1.112367987632751465e+00,1.166944384574890137e+00,1.220070242881774902e+00
8.960675448179244995e-02,1.448032259941101074e-01,2.025691419839859009e-01,nan,3.240846097469329834e-01,nan,4.340277612209320068e-01,4.886755347251892090e-01,5.456313490867614746e-01,6.045256853103637695e-01,6.640121340751647949e-01,nan,7.819786071777343750e-01,8.374797701835632324e-01,8.910666704177856445e-01,9.458457231521606445e-01,1.002018570899963379e+00,1.058624744415283203e+00,1.115384101867675781e+00,1.170084118843078613e+00,1.223784685134887695e+00
8.984262496232986450e-02,1.424882411956787109e-01,2.031343877315521240e-01,2.640931010246276855e-01,3.248808383941650391e-01,nan,4.316273331642150879e-01,nan,5.466170907020568848e-01,6.062011122703552246e-01,6.656123995780944824e-01,7.246223688125610352e-01,7.808754444122314453e-01,8.353565931320190430e-01,8.908087015151977539e-01,9.473542571067810059e-01,1.004358530044555664e+00,1.061175227165222168e+00,1.118231296539306641e+00,1.173144698143005371e+00,1.206478834152221680e+00
nan,1.427417695522308350e-01,2.038505226373672485e-01,nan,3.258348405361175537e-01,3.742345571517944336e-01,4.300274550914764404e-01,4.884002506732940674e-01,5.479964613914489746e-01,6.077329516410827637e-01,6.665917038917541504e-01,7.234452366828918457e-01,7.789015173912048340e-01,8.350448012351989746e-01,8.921545147895812988e-01,9.496426582336425781e-01,1.006813526153564453e+00,1.063572764396667480e+00,1.119671702384948730e+00,1.161251425743103027e+00,1.208957910537719727e+00
8.474776148796081543e-02,1.433871686458587646e-01,2.045598179101943970e-01,nan,3.166443109512329102e-01,3.720720410346984863e-01,4.299272596836090088e-01,4.894814491271972656e-01,5.494773983955383301e-01,6.087455153465270996e-01,6.650390028953552246e-01,7.216390967369079590e-01,7.785724997520446777e-01,8.362352848052978516e-01,8.942238092422485352e-01,9.519606828689575195e-01,1.009241938591003418e+00,1.065750598907470703e+00,nan,1.161575913429260254e+00,nan
8.322230726480484009e-02,nan,nan,nan,3.139090538024902344e-01,3.712320327758789062e-01,4.306811392307281494e-01,4.908570051193237305e-01,5.504758954048156738e-01,6.074528098106384277e-01,6.635208129882812500e-01,7.213272452354431152e-01,7.796443104743957520e-01,8.380818367004394531e-01,8.963485956192016602e-01,9.542298316955566406e-01,1.011486768722534180e+00,1.068576812744140625e+00,1.110745787620544434e+00,1.162205457687377930e+00,1.212805390357971191e+00
8.349464088678359985e-02,1.445193588733673096e-01,2.060585469007492065e-01,2.554039061069488525e-01,3.123427033424377441e-01,3.716269433498382568e-01,4.318446516990661621e-01,4.918111860752105713e-01,5.494459271430969238e-01,6.059604883193969727e-01,6.636081933975219727e-01,7.223433852195739746e-01,7.812975049018859863e-01,nan,8.984395861625671387e-01,9.563619494438171387e-01,1.013958573341369629e+00,1.058803439140319824e+00,1.111576676368713379e+00,1.163064479827880859e+00,1.214248776435852051e+00
nan,nan,1.965872496366500854e-01,2.532795369625091553e-01,3.123261928558349609e-01,3.725288212299346924e-01,4.328072369098663330e-01,4.910436868667602539e-01,5.479810237884521484e-01,6.058920025825500488e-01,6.646746397018432617e-01,7.238655090332031250e-01,7.829481959342956543e-01,nan,9.004338979721069336e-01,9.585174918174743652e-01,1.005661010742187500e+00,1.059868812561035156e+00,1.112473130226135254e+00,1.164991617202758789e+00,1.217648863792419434e+00
