# 1st dimension: Re = np.logspace(np.log10(1.4e6), np.log10(1.05e7), 20); 2nd dimension: alpha = np.arange(-5., 5.5, .5)
-2.416637167334556580e-02,2.269771695137023926e-02,7.229850441217422485e-02,nan,1.333323419094085693e-01,1.657547056674957275e-01,1.973631680011749268e-01,2.150177061557769775e-01,2.566486895084381104e-01,2.988159656524658203e-01,3.403117060661315918e-01,3.408888280391693115e-01,3.888989388942718506e-01,4.355189502239227295e-01,4.811344444751739502e-01,5.265566706657409668e-01,5.731306076049804688e-01,6.195991635322570801e-01,6.682313084602355957e-01,7.223360538482666016e-01,7.713583707809448242e-01
-2.909748628735542297e-02,2.178021892905235291e-02,6.975904852151870728e-02,9.268650412559509277e-02,nan,1.630061715841293335e-01,1.971140354871749878e-01,2.169698923826217651e-01,2.579414248466491699e-01,2.998385131359100342e-01,3.412269353866577148e-01,3.801835179328918457e-01,nan,4.345299303531646729e-01,4.799489080905914307e-01,5.269811749458312988e-01,5.746872425079345703e-01,6.225863695144653320e-01,nan,7.256540060043334961e-01,7.750788331031799316e-01
-3.055695816874504089e-02,2.050474099814891815e-02,4.983578249812126160e-02,8.795195072889328003e-02,nan,1.608481854200363159e-01,2.004870772361755371e-01,2.181693464517593384e-01,2.582681775093078613e-01,2.997345626354217529e-01,3.402517139911651611e-01,3.743494153022766113e-01,3.884918391704559326e-01,4.338004887104034424e-01,4.809676408767700195e-01,5.288349986076354980e-01,5.769711136817932129e-01,6.256314516067504883e-01,6.747522354125976562e-01,7.263715267181396484e-01,nan
-3.187702596187591553e-02,1.805007271468639374e-02,4.473862051963806152e-02,8.241979777812957764e-02,1.208124682307243347e-01,1.616692543029785156e-01,2.037580162286758423e-01,2.185025513172149658e-01,2.576048672199249268e-01,2.977352142333984375e-01,3.335029482841491699e-01,3.631073832511901855e-01,3.885279297828674316e-01,4.353971779346466064e-01,4.830883145332336426e-01,5.312843918800354004e-01,5.798249840736389160e-01,nan,nan,nan,7.790760397911071777e-01
nan,-4.358657170087099075e-04,3.999568521976470947e-02,7.767719030380249023e-02,1.192291527986526489e-01,1.636407077312469482e-01,4.450186714529991150e-02,2.179664522409439087e-01,2.549405395984649658e-01,2.912517488002777100e-01,3.268189132213592529e-01,3.583847582340240479e-01,3.902214169502258301e-01,4.375145733356475830e-01,4.854095280170440674e-01,5.339404344558715820e-01,5.824992656707763672e-01,6.313531398773193359e-01,6.806085109710693359e-01,7.311056852340698242e-01,7.811118960380554199e-01
-3.599816188216209412e-02,-5.634859204292297363e-03,3.422154486179351807e-02,7.530865818262100220e-02,1.201640069484710693e-01,nan,2.065906673669815063e-01,2.160941809415817261e-01,2.491616606712341309e-01,2.858324348926544189e-01,3.229283690452575684e-01,3.583091795444488525e-01,nan,nan,nan,nan,nan,6.339965462684631348e-01,6.833942532539367676e-01,7.339658141136169434e-01,7.836299538612365723e-01
-5.279308930039405823e-02,-1.023327372968196869e-02,2.990942448377609253e-02,7.445664703845977783e-02,1.206836923956871033e-01,1.651021093130111694e-01,2.051020413637161255e-01,2.113044559955596924e-01,2.438778132200241089e-01,2.820072770118713379e-01,3.217489719390869141e-01,3.601201772689819336e-01,nan,nan,4.902832508087158203e-01,5.389312505722045898e-01,5.874143838882446289e-01,6.365026831626892090e-01,6.860710978507995605e-01,7.367560863494873047e-01,7.864253520965576172e-01
-5.750716105103492737e-02,-1.511664688587188721e-02,2.787297405302524567e-02,7.454799860715866089e-02,nan,nan,nan,nan,2.401915490627288818e-01,2.805367112159729004e-01,3.220189511775970459e-01,4.551655650138854980e-01,4.969205260276794434e-01,5.365950465202331543e-01,6.335318684577941895e-01,6.778407692909240723e-01,5.897241830825805664e-01,6.388767957687377930e-01,6.892325878143310547e-01,7.394322752952575684e-01,7.891612648963928223e-01
-6.179417669773101807e-02,-1.900966279208660126e-02,2.728465199470520020e-02,7.413718104362487793e-02,1.187294051051139832e-01,1.595675796270370483e-01,nan,nan,nan,nan,nan,3.184591233730316162e-01,3.802520930767059326e-01,4.463448524475097656e-01,4.947851598262786865e-01,5.431676506996154785e-01,5.918595194816589355e-01,6.410869359970092773e-01,6.916388273239135742e-01,7.419837713241577148e-01,7.917931079864501953e-01
-6.557471305131912231e-02,-2.089977078139781952e-02,nan,7.240211963653564453e-02,1.148930415511131287e-01,1.562378406524658203e-01,nan,nan,2.415981888771057129e-01,2.806895971298217773e-01,3.240674734115600586e-01,3.671451210975646973e-01,4.082141518592834473e-01,nan,nan,nan,nan,nan,nan,5.476983189582824707e-01,5.912692546844482422e-01
-6.854219734668731689e-02,-2.170533686876296997e-02,2.576878294348716736e-02,6.860585510730743408e-02,1.115690097212791443e-01,nan,nan,nan,nan,nan,nan,3.693611621856689453e-01,4.121210873126983643e-01,4.456879496574401855e-01,nan,nan,nan,6.428243517875671387e-01,6.960109472274780273e-01,7.468484640121459961e-01,7.970054149627685547e-01
-7.052315026521682739e-02,-2.231292054057121277e-02,2.169135957956314087e-02,6.558783352375030518e-02,1.095286607742309570e-01,nan,nan,nan,nan,nan,nan,3.714399337768554688e-01,4.153507053852081299e-01,4.558418393135070801e-01,5.004020333290100098e-01,5.484127998352050781e-01,5.952619314193725586e-01,6.441437602043151855e-01,6.982210278511047363e-01,7.495419979095458984e-01,7.997494339942932129e-01
-7.186165452003479004e-02,-2.378367818892002106e-02,1.853433623909950256e-02,6.363417953252792358e-02,1.091194078326225281e-01,1.554220467805862427e-01,2.009129226207733154e-01,2.439755946397781372e-01,nan,nan,nan,3.735185265541076660e-01,4.182287156581878662e-01,4.610680341720581055e-01,nan,nan,nan,nan,nan,5.396631956100463867e-01,5.833052992820739746e-01
-7.265503704547882080e-02,-2.868220768868923187e-02,1.656460389494895935e-02,6.295808404684066772e-02,1.094815954566001892e-01,1.567193120718002319e-01,2.028407901525497437e-01,2.470266669988632202e-01,2.470716983079910278e-01,nan,nan,3.790689408779144287e-01,nan,4.684807956218719482e-01,5.025815963745117188e-01,nan,nan,nan,nan,nan,5.815746784210205078e-01
-7.379841059446334839e-02,-3.156774491071701050e-02,1.546960324048995972e-02,6.296370923519134521e-02,1.102757528424263000e-01,1.579068452119827271e-01,nan,2.498161941766738892e-01,2.907027900218963623e-01,nan,nan,3.813253343105316162e-01,4.271397888660430908e-01,4.721165299415588379e-01,nan,nan,nan,nan,nan,nan,5.826708674430847168e-01
-7.807452976703643799e-02,-3.329065442085266113e-02,1.525253057479858398e-02,6.341072171926498413e-02,1.110559999942779541e-01,1.590436249971389771e-01,2.063803076744079590e-01,nan,2.721955180168151855e-01,nan,nan,nan,4.299070835113525391e-01,4.748570621013641357e-01,nan,3.454652428627014160e-01,3.785604238510131836e-01,4.252004325389862061e-01,4.721303284168243408e-01,5.192734599113464355e-01,nan
nan,-3.410320356488227844e-02,1.549563463777303696e-02,6.380013376474380493e-02,1.121160089969635010e-01,1.601077765226364136e-01,2.079633921384811401e-01,2.546681165695190430e-01,nan,nan,nan,3.857292234897613525e-01,4.322001338005065918e-01,nan,nan,3.352030217647552490e-01,3.748377561569213867e-01,4.220253825187683105e-01,4.693650305271148682e-01,5.169287919998168945e-01,nan
nan,-3.444883599877357483e-02,1.583886332809925079e-02,6.419687718152999878e-02,1.132536008954048157e-01,1.610846966505050659e-01,nan,nan,nan,nan,nan,3.872103989124298096e-01,4.336108565330505371e-01,4.515300989151000977e-01,nan,3.260912299156188965e-01,3.724079728126525879e-01,4.197180867195129395e-01,4.672792255878448486e-01,5.151094198226928711e-01,5.665393471717834473e-01
nan,nan,nan,nan,nan,nan,nan,nan,nan,nan,nan,nan,nan,nan,nan,nan,3.552031815052032471e-01,4.023656547069549561e-01,4.497215449810028076e-01,4.971790909767150879e-01,5.456212162971496582e-01
-8.568227291107177734e-02,-3.456848487257957458e-02,1.629734411835670471e-02,6.613767147064208984e-02,1.146902590990066528e-01,1.627180129289627075e-01,2.117764353752136230e-01,2.601299583911895752e-01,3.073991239070892334e-01,3.524025678634643555e-01,3.887994289398193359e-01,3.881094753742218018e-01,4.124608337879180908e-01,4.144850075244903564e-01,nan,nan,nan,nan,nan,nan,nan
