# 1st dimension: Re = np.logspace(np.log10(1.4e6), np.log10(1.05e7), 20); 2nd dimension: alpha = np.arange(-5., 5.5, .5)
-8.155045658349990845e-02,-3.132894262671470642e-02,1.870407164096832275e-02,7.044532895088195801e-02,1.158581450581550598e-01,1.617454886436462402e-01,2.071616947650909424e-01,2.526039481163024902e-01,2.974601387977600098e-01,3.414201736450195312e-01,3.842875659465789795e-01,4.256558120250701904e-01,4.551471769809722900e-01,4.880581498146057129e-01,5.262969136238098145e-01,nan,nan,nan,nan,nan,7.885043621063232422e-01
-8.090712875127792358e-02,-3.400823101401329041e-02,2.287150174379348755e-02,7.224350422620773315e-02,1.173265799880027771e-01,1.633395105600357056e-01,2.088116705417633057e-01,2.543956339359283447e-01,2.993391454219818115e-01,3.433994352817535400e-01,3.863141834735870361e-01,4.273203611373901367e-01,4.610616862773895264e-01,4.901786446571350098e-01,5.310153365135192871e-01,5.757142901420593262e-01,6.171202063560485840e-01,6.560099124908447266e-01,6.960124969482421875e-01,7.291567325592041016e-01,7.679119110107421875e-01
-8.141358196735382080e-02,-3.610129654407501221e-02,2.155007049441337585e-02,7.402434200048446655e-02,1.187758669257164001e-01,1.648611724376678467e-01,2.102830260992050171e-01,2.560401260852813721e-01,3.010763227939605713e-01,3.451807200908660889e-01,3.882480859756469727e-01,4.292937219142913818e-01,4.675617814064025879e-01,5.008633732795715332e-01,5.393974781036376953e-01,5.801869034767150879e-01,6.216947436332702637e-01,6.616430282592773438e-01,7.015874385833740234e-01,7.412532567977905273e-01,7.745656371116638184e-01
-8.225060999393463135e-02,-3.250486776232719421e-02,2.006746642291545868e-02,7.568210363388061523e-02,1.200595349073410034e-01,1.661965101957321167e-01,2.116906493902206421e-01,2.575532495975494385e-01,3.027047514915466309e-01,nan,nan,nan,4.802338480949401855e-01,5.071123838424682617e-01,5.440790057182312012e-01,5.848667621612548828e-01,6.253692507743835449e-01,nan,7.074688673019409180e-01,7.480595707893371582e-01,7.894036173820495605e-01
-8.370953053236007690e-02,-3.247744590044021606e-02,1.870890706777572632e-02,7.708536088466644287e-02,1.211984604597091675e-01,1.674173325300216675e-01,2.130088806152343750e-01,2.589933574199676514e-01,3.041978776454925537e-01,nan,nan,4.407073259353637695e-01,4.850734174251556396e-01,5.155140757560729980e-01,5.487338900566101074e-01,5.868055820465087891e-01,6.263872981071472168e-01,6.687067747116088867e-01,7.096086144447326660e-01,7.500208020210266113e-01,7.890781164169311523e-01
-8.130985498428344727e-02,-3.243942558765411377e-02,1.785030029714107513e-02,7.819199562072753906e-02,nan,1.684740483760833740e-01,2.143050879240036011e-01,2.602722942829132080e-01,3.053681850433349609e-01,nan,3.982456028461456299e-01,4.455030560493469238e-01,4.895257949829101562e-01,5.269848704338073730e-01,5.500780940055847168e-01,5.875339508056640625e-01,nan,nan,nan,nan,nan
-8.127630501985549927e-02,-3.235037624835968018e-02,1.745932362973690033e-02,7.038290053606033325e-02,nan,nan,nan,nan,nan,nan,4.034927785396575928e-01,nan,nan,nan,nan,nan,nan,nan,nan,nan,nan
-8.129955828189849854e-02,-3.217531740665435791e-02,1.734535582363605499e-02,nan,nan,1.702158898115158081e-01,2.165207266807556152e-01,nan,nan,nan,nan,nan,nan,nan,nan,nan,nan,nan,nan,7.539708614349365234e-01,7.928476929664611816e-01
-8.133926242589950562e-02,-3.196217492222785950e-02,1.744637079536914825e-02,6.799747049808502197e-02,nan,nan,nan,nan,nan,nan,nan,nan,nan,nan,nan,nan,nan,nan,nan,nan,nan
-8.138388395309448242e-02,-3.169301152229309082e-02,1.764993928372859955e-02,nan,nan,nan,nan,nan,nan,nan,nan,nan,nan,nan,nan,nan,nan,nan,nan,nan,nan
-8.060991019010543823e-02,-3.043485619127750397e-02,1.925153471529483795e-02,nan,1.211931630969047546e-01,nan,nan,nan,nan,nan,nan,nan,nan,nan,nan,nan,nan,nan,nan,nan,nan
-8.138959109783172607e-02,-3.122277371585369110e-02,1.819606497883796692e-02,6.833214312791824341e-02,1.187608614563941956e-01,1.698611825704574585e-01,nan,nan,nan,nan,nan,nan,nan,nan,nan,nan,nan,nan,nan,nan,nan
-8.139929175376892090e-02,-3.106814250349998474e-02,1.852189004421234131e-02,6.865292787551879883e-02,1.190404668450355530e-01,nan,2.208430320024490356e-01,nan,nan,nan,nan,nan,nan,nan,nan,nan,nan,nan,nan,nan,nan
nan,-3.094766847789287567e-02,1.890157908201217651e-02,6.900394707918167114e-02,1.194560304284095764e-01,nan,2.199237942695617676e-01,nan,3.184227049350738525e-01,nan,nan,nan,nan,nan,nan,nan,nan,nan,nan,nan,nan
-8.096790313720703125e-02,-3.015797398984432220e-02,2.024552039802074432e-02,7.064700871706008911e-02,1.215680018067359924e-01,nan,2.231573909521102905e-01,2.736738622188568115e-01,3.235869109630584717e-01,3.734733164310455322e-01,4.231119453907012939e-01,nan,nan,nan,nan,nan,nan,nan,nan,nan,nan
-8.153701573610305786e-02,-3.075245767831802368e-02,1.974213868379592896e-02,6.975319981575012207e-02,1.204146444797515869e-01,1.709600985050201416e-01,nan,2.713325321674346924e-01,3.208668828010559082e-01,3.701049387454986572e-01,4.188867211341857910e-01,4.670663177967071533e-01,5.144711136817932129e-01,nan,nan,nan,nan,nan,nan,nan,nan
-8.160351216793060303e-02,-3.066586703062057495e-02,2.011641673743724823e-02,7.013641297817230225e-02,1.209121048450469971e-01,1.716017872095108032e-01,2.220548093318939209e-01,2.722936868667602539e-01,3.221096694469451904e-01,3.715960979461669922e-01,4.206316769123077393e-01,4.690862298011779785e-01,5.167970061302185059e-01,5.635383725166320801e-01,6.090343594551086426e-01,nan,nan,nan,nan,nan,nan
-8.167769014835357666e-02,-3.058794699609279633e-02,2.043037489056587219e-02,7.052562385797500610e-02,1.213942393660545349e-01,1.722311228513717651e-01,2.228656858205795288e-01,2.732755541801452637e-01,3.233291804790496826e-01,3.730469644069671631e-01,4.223245084285736084e-01,nan,5.190512537956237793e-01,5.662578940391540527e-01,6.123307943344116211e-01,6.568223834037780762e-01,6.988601088523864746e-01,nan,nan,nan,nan
-8.140416443347930908e-02,-3.004566021263599396e-02,2.131253667175769806e-02,7.180473953485488892e-02,1.230404824018478394e-01,1.743531078100204468e-01,2.255503088235855103e-01,2.765965461730957031e-01,3.274290859699249268e-01,3.780370950698852539e-01,4.283560216426849365e-01,4.783484339714050293e-01,5.279693007469177246e-01,5.771034955978393555e-01,6.256475448608398438e-01,6.734659671783447266e-01,7.203638553619384766e-01,7.660468220710754395e-01,nan,nan,nan
-8.183365315198898315e-02,nan,2.091706171631813049e-02,7.141289860010147095e-02,nan,nan,nan,nan,nan,nan,nan,4.748893082141876221e-01,5.235939025878906250e-01,5.715454816818237305e-01,6.185224652290344238e-01,6.641918420791625977e-01,7.079817652702331543e-01,7.182927727699279785e-01,7.565293312072753906e-01,7.971963286399841309e-01,nan
