# 1st dimension: Re = np.logspace(np.log10(1.4e6), np.log10(1.05e7), 20); 2nd dimension: alpha = np.arange(-5., 5.5, .5)
-2.423053830862045288e-01,-1.933584958314895630e-01,-1.447139382362365723e-01,nan,-5.897877365350723267e-02,-1.581996120512485504e-02,3.485826030373573303e-02,8.570583909749984741e-02,1.383786946535110474e-01,1.917371451854705811e-01,2.449919283390045166e-01,2.978785336017608643e-01,nan,nan,4.553132951259613037e-01,5.087651014328002930e-01,5.605685710906982422e-01,6.119087934494018555e-01,6.624370217323303223e-01,7.111728191375732422e-01,nan
-2.464604079723358154e-01,-1.998496055603027344e-01,-1.505118608474731445e-01,-1.051620692014694214e-01,nan,-1.325884554535150528e-02,3.526409342885017395e-02,8.784127235412597656e-02,nan,1.923566311597824097e-01,2.458440214395523071e-01,nan,nan,nan,nan,nan,nan,nan,nan,nan,nan
-2.511606812477111816e-01,-2.023092508316040039e-01,nan,-1.124566867947578430e-01,-6.757118552923202515e-02,-1.540859881788492203e-02,3.728355094790458679e-02,nan,1.404012143611907959e-01,nan,2.466690987348556519e-01,nan,nan,nan,nan,nan,nan,nan,nan,nan,nan
-2.548954784870147705e-01,-2.072626501321792603e-01,nan,-1.195475459098815918e-01,-6.771107017993927002e-02,-1.556069497019052505e-02,3.668525815010070801e-02,8.916759490966796875e-02,1.403939425945281982e-01,1.929318308830261230e-01,nan,nan,nan,nan,nan,nan,nan,nan,nan,nan,nan
nan,-2.119690477848052979e-01,nan,-1.197774559259414673e-01,-6.771422177553176880e-02,-1.550505030900239944e-02,3.680805861949920654e-02,8.915545791387557983e-02,1.416348963975906372e-01,nan,nan,nan,3.539124131202697754e-01,4.068750143051147461e-01,4.596192836761474609e-01,nan,5.642077326774597168e-01,6.158019900321960449e-01,6.669216752052307129e-01,7.171697616577148438e-01,7.655880451202392578e-01
nan,nan,-1.716526597738265991e-01,-1.199462786316871643e-01,-6.777181476354598999e-02,-1.539878547191619873e-02,3.707766905426979065e-02,nan,nan,nan,nan,nan,nan,nan,nan,nan,nan,nan,nan,nan,nan
nan,nan,nan,nan,nan,nan,nan,nan,nan,nan,nan,nan,nan,nan,nan,nan,nan,nan,nan,nan,nan
nan,nan,nan,nan,nan,nan,nan,nan,nan,nan,nan,nan,nan,nan,nan,nan,nan,nan,nan,nan,nan
nan,nan,nan,nan,nan,nan,nan,nan,nan,nan,nan,nan,nan,nan,nan,nan,nan,nan,nan,nan,nan
nan,nan,nan,nan,nan,nan,nan,nan,nan,nan,nan,nan,nan,nan,nan,nan,nan,nan,nan,nan,nan
nan,nan,nan,nan,nan,nan,nan,nan,nan,nan,nan,nan,nan,4.137815237045288086e-01,nan,5.206217169761657715e-01,nan,nan,nan,7.307056188583374023e-01,nan
nan,nan,nan,nan,nan,nan,nan,nan,nan,nan,nan,nan,3.607901334762573242e-01,nan,4.682196974754333496e-01,5.216128230094909668e-01,nan,nan,nan,nan,7.845328450202941895e-01
nan,nan,nan,nan,nan,nan,nan,nan,nan,nan,nan,nan,3.597657978534698486e-01,4.132500588893890381e-01,4.665761590003967285e-01,5.197234153747558594e-01,5.726436376571655273e-01,nan,nan,7.299241423606872559e-01,7.818150520324707031e-01
nan,nan,nan,nan,nan,nan,nan,nan,nan,nan,nan,3.082385361194610596e-01,3.622847795486450195e-01,4.161882102489471436e-01,4.699437618255615234e-01,5.235245227813720703e-01,5.768931508064270020e-01,6.299732923507690430e-01,nan,7.354449033737182617e-01,7.877184152603149414e-01
nan,nan,nan,nan,nan,nan,nan,nan,nan,nan,nan,3.088633716106414795e-01,3.629667460918426514e-01,4.169436395168304443e-01,4.707752764225006104e-01,5.244408845901489258e-01,5.779079794883728027e-01,6.311342120170593262e-01,6.839976310729980469e-01,7.368035316467285156e-01,7.891991138458251953e-01
nan,nan,nan,nan,nan,nan,nan,nan,nan,nan,nan,3.094611763954162598e-01,3.636308908462524414e-01,4.176790416240692139e-01,4.715870916843414307e-01,5.253324508666992188e-01,5.788903236389160156e-01,6.322271227836608887e-01,6.852838397026062012e-01,7.381097078323364258e-01,7.906249165534973145e-01
nan,nan,nan,nan,nan,nan,nan,nan,nan,2.003931850194931030e-01,2.544322311878204346e-01,3.083822429180145264e-01,3.622341156005859375e-01,4.159713089466094971e-01,4.695760905742645264e-01,5.230292677879333496e-01,5.763095021247863770e-01,6.293897628784179688e-01,6.822312474250793457e-01,7.348082661628723145e-01,7.871239185333251953e-01
-2.891835570335388184e-01,nan,nan,nan,nan,nan,nan,nan,1.471738517284393311e-01,nan,nan,3.106051087379455566e-01,3.649056255817413330e-01,4.190911054611206055e-01,4.731438457965850830e-01,5.270445942878723145e-01,5.807712078094482422e-01,6.342981457710266113e-01,6.875929236412048340e-01,7.405937910079956055e-01,7.933298349380493164e-01
-2.896023988723754883e-01,-2.344802618026733398e-01,nan,nan,nan,nan,nan,9.288705140352249146e-02,1.475428044795989990e-01,2.021513581275939941e-01,2.566935718059539795e-01,3.111527562141418457e-01,3.655161559581756592e-01,4.197674989700317383e-01,4.738899469375610352e-01,5.278651118278503418e-01,5.816723704338073730e-01,6.352873444557189941e-01,6.886780858039855957e-01,7.417772412300109863e-01,7.946110963821411133e-01
-2.898516058921813965e-01,-2.351170778274536133e-01,nan,nan,nan,nan,3.844440355896949768e-02,9.318370372056961060e-02,nan,nan,nan,3.116842210292816162e-01,3.661093413829803467e-01,4.204251766204833984e-01,4.746155142784118652e-01,5.286629199981689453e-01,5.825477838516235352e-01,6.362478137016296387e-01,6.897233724594116211e-01,7.429184913635253906e-01,7.958511114120483398e-01
