# 1st dimension: Re = np.logspace(np.log10(1.4e6), np.log10(1.05e7), 20); 2nd dimension: alpha = np.arange(-5., 5.5, .5)
nan,nan,-9.157795459032058716e-02,-3.663238137960433960e-02,1.617527380585670471e-02,6.941086798906326294e-02,1.228116005659103394e-01,1.773952245712280273e-01,2.316287159919738770e-01,2.861400842666625977e-01,3.395180106163024902e-01,3.929643929004669189e-01,4.464845955371856689e-01,5.184342265129089355e-01,5.754334330558776855e-01,6.320615410804748535e-01,6.870968341827392578e-01,7.382454872131347656e-01,7.843389511108398438e-01,8.181475400924682617e-01,8.655256628990173340e-01
nan,nan,-9.126755595207214355e-02,-3.614004328846931458e-02,1.707542128860950470e-02,7.005903869867324829e-02,1.238187849521636963e-01,1.783328354358673096e-01,2.327728867530822754e-01,2.869668900966644287e-01,3.403922915458679199e-01,3.939094543457031250e-01,4.474418759346008301e-01,5.151540040969848633e-01,5.758014917373657227e-01,6.312710642814636230e-01,6.864886879920959473e-01,7.378779649734497070e-01,7.826970815658569336e-01,8.181335330009460449e-01,8.672506213188171387e-01
nan,nan,nan,-3.562614321708679199e-02,1.768452674150466919e-02,nan,1.247459948062896729e-01,1.790692061185836792e-01,2.338188141584396362e-01,2.876668572425842285e-01,3.413383960723876953e-01,3.948673307895660400e-01,4.484249353408813477e-01,5.114912390708923340e-01,5.743839740753173828e-01,6.318133473396301270e-01,6.869721412658691406e-01,7.359411716461181641e-01,7.822225093841552734e-01,8.191003799438476562e-01,8.690446615219116211e-01
nan,nan,nan,-3.511874005198478699e-02,1.846888847649097443e-02,7.129266113042831421e-02,1.254663616418838501e-01,1.797865778207778931e-01,nan,2.883208096027374268e-01,3.420918285846710205e-01,nan,nan,nan,nan,nan,nan,nan,nan,nan,nan
nan,nan,nan,-3.464253991842269897e-02,1.906697824597358704e-02,nan,nan,nan,nan,nan,3.429187238216400146e-01,nan,nan,nan,nan,nan,nan,nan,nan,nan,nan
-1.860769242048263550e-01,-1.361344456672668457e-01,nan,-3.435864299535751343e-02,1.851401105523109436e-02,nan,1.238114684820175171e-01,1.778665781021118164e-01,2.313541620969772339e-01,nan,nan,3.898895680904388428e-01,4.425926804542541504e-01,4.955384433269500732e-01,5.591967105865478516e-01,6.193968653678894043e-01,6.775745749473571777e-01,7.228676080703735352e-01,7.610989212989807129e-01,8.060910105705261230e-01,8.555980324745178223e-01
nan,nan,-8.845371007919311523e-02,-3.380995243787765503e-02,nan,nan,1.272783726453781128e-01,1.824039369821548462e-01,2.367905527353286743e-01,2.908139228820800781e-01,nan,3.983812928199768066e-01,4.521995484828948975e-01,5.060935616493225098e-01,nan,6.294899582862854004e-01,6.859429478645324707e-01,7.340757846832275391e-01,7.753671407699584961e-01,8.243393301963806152e-01,8.756663799285888672e-01
nan,nan,-8.797817677259445190e-02,nan,nan,nan,nan,nan,2.374285906553268433e-01,2.914970815181732178e-01,nan,nan,nan,nan,nan,nan,nan,nan,nan,nan,nan
nan,nan,-8.757071942090988159e-02,nan,2.101031877100467682e-02,7.487481087446212769e-02,1.289889067411422729e-01,1.837668418884277344e-01,2.380447238683700562e-01,2.921808958053588867e-01,nan,4.001536667346954346e-01,4.540567696094512939e-01,nan,nan,6.268146634101867676e-01,6.841823458671569824e-01,nan,7.758969664573669434e-01,8.267456293106079102e-01,8.786032795906066895e-01
nan,nan,nan,-3.268847614526748657e-02,2.143361233174800873e-02,7.559034228324890137e-02,1.296914815902709961e-01,1.843387782573699951e-01,2.386596053838729858e-01,2.928408384323120117e-01,nan,4.009902775287628174e-01,4.549342095851898193e-01,nan,nan,nan,nan,7.314481139183044434e-01,7.766746878623962402e-01,8.279129266738891602e-01,nan
nan,nan,nan,-3.233267366886138916e-02,2.183228544890880585e-02,7.606651633977890015e-02,1.302206814289093018e-01,1.849067807197570801e-01,2.392626702785491943e-01,2.934747934341430664e-01,nan,4.017934203147888184e-01,4.557763934135437012e-01,5.096951723098754883e-01,nan,nan,6.824349761009216309e-01,7.289286255836486816e-01,7.775318026542663574e-01,8.290929198265075684e-01,8.812478184700012207e-01
nan,nan,-8.651017397642135620e-02,nan,2.222632430493831635e-02,7.654345780611038208e-02,1.309309601783752441e-01,1.854633539915084839e-01,2.398527711629867554e-01,2.941295206546783447e-01,3.483788371086120605e-01,4.025484323501586914e-01,4.565877020359039307e-01,5.105688571929931641e-01,5.647453665733337402e-01,6.207340359687805176e-01,6.789931058883666992e-01,7.281097173690795898e-01,7.785602211952209473e-01,8.302233219146728516e-01,8.823786377906799316e-01
nan,nan,nan,-3.166091442108154297e-02,2.261808887124061584e-02,7.700965553522109985e-02,1.314400285482406616e-01,1.860008388757705688e-01,2.404289096593856812e-01,2.947560548782348633e-01,3.490497469902038574e-01,4.032713770866394043e-01,4.573729932308197021e-01,5.114126205444335938e-01,5.655674934387207031e-01,6.209570169448852539e-01,nan,7.287214398384094238e-01,7.795871496200561523e-01,8.312509655952453613e-01,nan
nan,nan,-8.593070507049560547e-02,-3.133966773748397827e-02,2.300830744206905365e-02,7.745653390884399414e-02,1.319461911916732788e-01,1.865200549364089966e-01,2.409808337688446045e-01,2.953596711158752441e-01,3.497019708156585693e-01,4.039742350578308105e-01,4.581366479396820068e-01,5.122365951538085938e-01,5.663843750953674316e-01,6.208773255348205566e-01,nan,nan,nan,nan,nan
nan,nan,-8.565581589937210083e-02,-3.101648017764091492e-02,2.346187271177768707e-02,7.798831909894943237e-02,1.326011419296264648e-01,1.872439682483673096e-01,nan,nan,nan,4.046577811241149902e-01,4.588845372200012207e-01,5.130398273468017578e-01,5.671952366828918457e-01,6.216911673545837402e-01,6.758049726486206055e-01,nan,nan,nan,8.870210051536560059e-01
nan,nan,-8.534800261259078979e-02,nan,2.378151379525661469e-02,7.828208059072494507e-02,1.328895241022109985e-01,1.874901503324508667e-01,2.420342564582824707e-01,2.965174317359924316e-01,3.509532511234283447e-01,4.053239822387695312e-01,4.596151411533355713e-01,5.138238072395324707e-01,5.680047273635864258e-01,6.224712133407592773e-01,6.766070723533630371e-01,nan,nan,nan,nan
nan,-1.398783475160598755e-01,-8.508563041687011719e-02,-3.041946142911911011e-02,2.415264025330543518e-02,7.866492867469787598e-02,1.333194822072982788e-01,1.879534721374511719e-01,2.425395548343658447e-01,2.970709204673767090e-01,nan,4.059787988662719727e-01,4.603276550769805908e-01,5.145879983901977539e-01,5.688053965568542480e-01,6.232299208641052246e-01,6.773691177368164062e-01,7.308697104454040527e-01,nan,nan,nan
nan,-1.395947635173797607e-01,-8.483198285102844238e-02,-3.012978471815586090e-02,2.450729906558990479e-02,7.903549075126647949e-02,1.337317377328872681e-01,1.884036511182785034e-01,2.430308759212493896e-01,nan,nan,4.066178202629089355e-01,4.610226154327392578e-01,5.153331160545349121e-01,5.695933103561401367e-01,6.239723563194274902e-01,6.781076192855834961e-01,7.316994667053222656e-01,nan,nan,nan
nan,-1.393556147813796997e-01,-8.458705246448516846e-02,-2.985155954957008362e-02,2.484371699392795563e-02,7.939460873603820801e-02,1.341304033994674683e-01,1.888409256935119629e-01,2.435138225555419922e-01,2.981437742710113525e-01,nan,4.072412550449371338e-01,4.616957008838653564e-01,5.160596966743469238e-01,5.703644156455993652e-01,6.247171163558959961e-01,6.788519620895385742e-01,7.325749397277832031e-01,7.853777408599853516e-01,nan,nan
nan,-1.377042829990386963e-01,-8.370502293109893799e-02,-2.970216982066631317e-02,2.428020909428596497e-02,7.810398191213607788e-02,1.321208178997039795e-01,1.861102432012557983e-01,2.400514036417007446e-01,2.939420640468597412e-01,3.477663099765777588e-01,4.015147387981414795e-01,4.551823139190673828e-01,5.087434649467468262e-01,5.622165799140930176e-01,6.156888008117675781e-01,6.688962578773498535e-01,7.217317223548889160e-01,7.733918428421020508e-01,nan,nan
