# 1st dimension: Re = np.logspace(np.log10(1.4e6), np.log10(1.05e7), 20); 2nd dimension: alpha = np.arange(-5., 5.5, .5)
-3.249239325523376465e-01,-2.759819924831390381e-01,-2.221359312534332275e-01,-1.681902855634689331e-01,nan,-5.864774808287620544e-02,-5.983414594084024429e-03,4.394100233912467957e-02,9.640143066644668579e-02,1.470600515604019165e-01,1.981400102376937866e-01,2.525767982006072998e-01,3.077712357044219971e-01,3.630895614624023438e-01,4.177703261375427246e-01,4.722692966461181641e-01,5.271565318107604980e-01,5.808823704719543457e-01,6.296748518943786621e-01,6.864954829216003418e-01,nan
nan,-2.766077816486358643e-01,-2.231196761131286621e-01,-1.690455228090286255e-01,nan,-5.908579379320144653e-02,-6.280849222093820572e-03,4.404563456773757935e-02,nan,1.465398222208023071e-01,1.987121701240539551e-01,nan,nan,nan,nan,nan,nan,nan,nan,nan,nan
nan,-2.772848010063171387e-01,-2.243099063634872437e-01,-1.693323999643325806e-01,-1.137315183877944946e-01,-5.980110913515090942e-02,-6.569292396306991577e-03,4.252840206027030945e-02,9.322191029787063599e-02,1.445468813180923462e-01,1.989783942699432373e-01,nan,nan,nan,nan,nan,nan,nan,nan,nan,nan
nan,-2.781952023506164551e-01,-2.247870266437530518e-01,-1.696704030036926270e-01,-1.144029498100280762e-01,-6.024910882115364075e-02,-8.021283894777297974e-03,4.170918837189674377e-02,9.305681288242340088e-02,1.443337798118591309e-01,1.994023472070693970e-01,2.526659369468688965e-01,3.100610077381134033e-01,3.653220534324645996e-01,nan,nan,5.307204127311706543e-01,5.824133157730102539e-01,6.340024471282958984e-01,6.825339794158935547e-01,7.408256530761718750e-01
nan,nan,-2.250191718339920044e-01,-1.701288223266601562e-01,-1.152473911643028259e-01,-6.023270264267921448e-02,-8.564676158130168915e-03,4.019664227962493896e-02,9.067516028881072998e-02,1.446924954652786255e-01,2.004542052745819092e-01,2.537129223346710205e-01,nan,3.660346865653991699e-01,4.209192395210266113e-01,4.760648310184478760e-01,5.299800038337707520e-01,5.830853581428527832e-01,6.355136036872863770e-01,6.854511499404907227e-01,nan
nan,-2.802155017852783203e-01,-2.253233492374420166e-01,-1.708117723464965820e-01,-1.158487871289253235e-01,-6.058837473392486572e-02,-1.012459956109523773e-02,3.983529284596443176e-02,nan,nan,1.990704238414764404e-01,2.546500265598297119e-01,3.091048002243041992e-01,3.670879900455474854e-01,4.203706383705139160e-01,4.753737449645996094e-01,5.292934179306030273e-01,5.838801860809326172e-01,6.368064284324645996e-01,6.871559023857116699e-01,nan
nan,nan,-2.257584035396575928e-01,-1.716464459896087646e-01,-1.160007491707801819e-01,-6.196764484047889709e-02,-1.160258427262306213e-02,3.878075629472732544e-02,9.073223918676376343e-02,1.464262306690216064e-01,1.995235979557037354e-01,2.553775012493133545e-01,nan,3.649455010890960693e-01,4.198976159095764160e-01,4.748924076557159424e-01,5.297228693962097168e-01,5.841047167778015137e-01,6.378756761550903320e-01,6.888802051544189453e-01,nan
nan,nan,-2.264421731233596802e-01,-1.721964776515960693e-01,-1.162012815475463867e-01,-6.245714053511619568e-02,-1.389453466981649399e-02,3.646617382764816284e-02,9.086542576551437378e-02,1.449663341045379639e-01,1.999993175268173218e-01,nan,nan,nan,nan,nan,nan,nan,nan,nan,nan
nan,-2.820854485034942627e-01,-2.272305339574813843e-01,-1.723572462797164917e-01,-1.167048960924148560e-01,-6.411765515804290771e-02,-1.411912404000759125e-02,3.622240200638771057e-02,9.134472161531448364e-02,1.449558585882186890e-01,2.004922926425933838e-01,nan,3.118523359298706055e-01,3.660646677017211914e-01,4.208026528358459473e-01,4.753570258617401123e-01,5.306056737899780273e-01,5.853691697120666504e-01,6.384985446929931641e-01,6.918050050735473633e-01,nan
nan,-2.828625440597534180e-01,-2.276895046234130859e-01,-1.725719422101974487e-01,-1.176269277930259705e-01,-6.578335911035537720e-02,nan,nan,9.165927767753601074e-02,1.450441330671310425e-01,2.002385109663009644e-01,2.566410899162292480e-01,3.116938471794128418e-01,3.674578070640563965e-01,4.218721091747283936e-01,4.762518405914306641e-01,5.312324166297912598e-01,5.862582325935363770e-01,6.390698552131652832e-01,6.931843161582946777e-01,nan
nan,-2.836237251758575439e-01,-2.278462350368499756e-01,-1.729357540607452393e-01,-1.181179508566856384e-01,-6.824326515197753906e-02,-1.779336854815483093e-02,3.594174981117248535e-02,8.988601714372634888e-02,1.453364342451095581e-01,2.006121128797531128e-01,2.571400403976440430e-01,3.121615946292877197e-01,3.677826225757598877e-01,4.228868484497070312e-01,4.769917428493499756e-01,5.318372845649719238e-01,5.872245430946350098e-01,6.398077011108398438e-01,6.945547461509704590e-01,nan
nan,-2.840201854705810547e-01,-2.280962169170379639e-01,-1.736433058977127075e-01,-1.183248087763786316e-01,-6.889857351779937744e-02,-1.793033629655838013e-02,3.650275617837905884e-02,nan,1.456859409809112549e-01,2.017311304807662964e-01,2.575644850730895996e-01,nan,3.683446645736694336e-01,nan,4.781398773193359375e-01,5.324169993400573730e-01,5.867071151733398438e-01,6.407183408737182617e-01,6.955431699752807617e-01,nan
nan,-2.842455208301544189e-01,-2.285481095314025879e-01,-1.738179475069046021e-01,-1.196528598666191101e-01,-6.920739263296127319e-02,-1.813082210719585419e-02,nan,nan,1.458558589220046997e-01,2.021730244159698486e-01,2.579432725906372070e-01,3.135658204555511475e-01,3.688471615314483643e-01,4.239740073680877686e-01,nan,5.320111513137817383e-01,5.872821211814880371e-01,6.416726112365722656e-01,6.965152025222778320e-01,nan
nan,-2.845811843872070312e-01,-2.291597276926040649e-01,-1.739796847105026245e-01,-1.201202645897865295e-01,-7.245971262454986572e-02,-1.803672872483730316e-02,3.552178293466567993e-02,9.024044126272201538e-02,1.465119123458862305e-01,2.025592476129531860e-01,nan,3.140285313129425049e-01,3.692531585693359375e-01,4.249200224876403809e-01,4.792396724224090576e-01,5.329414606094360352e-01,5.878584980964660645e-01,6.425390243530273438e-01,6.975428462028503418e-01,7.505149245262145996e-01
nan,-2.851463854312896729e-01,-2.296117842197418213e-01,-1.742689758539199829e-01,nan,-7.285585254430770874e-02,nan,3.551664575934410095e-02,9.115896373987197876e-02,1.468549817800521851e-01,2.028865367174148560e-01,nan,3.144693076610565186e-01,nan,4.254955947399139404e-01,4.797480106353759766e-01,5.335317254066467285e-01,5.885531306266784668e-01,6.433484554290771484e-01,6.985087990760803223e-01,7.515900135040283203e-01
nan,nan,-2.299054861068725586e-01,-1.752907335758209229e-01,-1.245283260941505432e-01,-7.322360575199127197e-02,-1.768743991851806641e-02,nan,9.114374220371246338e-02,1.472300291061401367e-01,2.032060623168945312e-01,2.592264413833618164e-01,3.148609995841979980e-01,3.706023395061492920e-01,4.259271621704101562e-01,4.811002314090728760e-01,5.346377491950988770e-01,5.893137454986572266e-01,6.440717577934265137e-01,6.993614435195922852e-01,nan
nan,-2.861249148845672607e-01,-2.300638705492019653e-01,-1.755900979042053223e-01,-1.250870972871780396e-01,nan,-1.915753073990345001e-02,3.603156283497810364e-02,9.142817556858062744e-02,1.475718021392822266e-01,2.035267204046249390e-01,2.595941424369812012e-01,3.152492046356201172e-01,3.710598945617675781e-01,nan,4.819883704185485840e-01,5.358064770698547363e-01,5.899729728698730469e-01,6.448060870170593262e-01,7.001476287841796875e-01,7.535710334777832031e-01
nan,-2.863662540912628174e-01,-2.302993386983871460e-01,nan,-1.282898783683776855e-01,nan,-1.918895542621612549e-02,3.634741529822349548e-02,9.174229949712753296e-02,1.478588134050369263e-01,2.038372755050659180e-01,2.599553167819976807e-01,3.156319856643676758e-01,3.714787960052490234e-01,4.271877408027648926e-01,4.825373589992523193e-01,5.367874503135681152e-01,5.905660390853881836e-01,6.457235813140869141e-01,7.008588314056396484e-01,7.544230222702026367e-01
nan,-2.865050435066223145e-01,-2.313243001699447632e-01,-1.765926629304885864e-01,-1.286967843770980835e-01,-7.311771810054779053e-02,-1.908965595066547394e-02,3.619289025664329529e-02,9.205657988786697388e-02,1.481272578239440918e-01,2.043481916189193726e-01,2.603082954883575439e-01,3.161467909812927246e-01,3.718830645084381104e-01,4.276592731475830078e-01,4.829926490783691406e-01,5.381342768669128418e-01,nan,6.466718316078186035e-01,7.015459537506103516e-01,7.552112936973571777e-01
nan,-2.866603434085845947e-01,-2.318551987409591675e-01,-1.772424876689910889e-01,-1.289026290178298950e-01,nan,-1.892354525625705719e-02,3.639205917716026306e-02,9.232433885335922241e-02,1.483921557664871216e-01,2.046627253293991089e-01,2.606529593467712402e-01,3.165219128131866455e-01,3.722846508026123047e-01,4.281304180622100830e-01,4.834467470645904541e-01,5.389859080314636230e-01,5.918042659759521484e-01,6.473571062088012695e-01,7.022166848182678223e-01,7.559802532196044922e-01
