# 1st dimension: Re = np.logspace(np.log10(1.4e6), np.log10(1.05e7), 20); 2nd dimension: alpha = np.arange(-5., 5.5, .5)
-2.052908837795257568e-01,-1.493188440799713135e-01,-9.352391958236694336e-02,-3.832364827394485474e-02,1.709043607115745544e-02,7.266066968441009521e-02,1.259769201278686523e-01,1.815027892589569092e-01,2.385962009429931641e-01,2.951879501342773438e-01,3.508602976799011230e-01,4.087236523628234863e-01,4.648838639259338379e-01,5.204089879989624023e-01,5.756053328514099121e-01,6.299203634262084961e-01,6.824302077293395996e-01,7.248623371124267578e-01,7.695667743682861328e-01,8.163703680038452148e-01,8.662621974945068359e-01
-2.056897133588790894e-01,-1.496976166963577271e-01,-9.405934065580368042e-02,-3.825645521283149719e-02,1.744160987436771393e-02,7.294945418834686279e-02,1.261452883481979370e-01,1.823137402534484863e-01,2.391883730888366699e-01,2.951669096946716309e-01,3.516636788845062256e-01,4.093241095542907715e-01,4.650326073169708252e-01,5.214875936508178711e-01,5.756503343582153320e-01,6.294981241226196289e-01,6.821264028549194336e-01,7.233935594558715820e-01,7.701523303985595703e-01,8.177464604377746582e-01,8.669401407241821289e-01
-2.057892382144927979e-01,-1.501426100730895996e-01,-9.461323171854019165e-02,-3.821303322911262512e-02,1.757442206144332886e-02,7.295951247215270996e-02,1.270959377288818359e-01,1.827891469001770020e-01,2.392079085111618042e-01,2.951769828796386719e-01,3.525007069110870361e-01,4.094750881195068359e-01,4.654727578163146973e-01,5.222027301788330078e-01,5.762917995452880859e-01,6.302253007888793945e-01,6.831456422805786133e-01,7.232300043106079102e-01,7.702468037605285645e-01,8.186434507369995117e-01,8.681044578552246094e-01
-2.058955132961273193e-01,-1.507618874311447144e-01,-9.487041831016540527e-02,-3.825281932950019836e-02,1.766129396855831146e-02,7.288023829460144043e-02,1.283038109540939331e-01,1.834083646535873413e-01,2.391055375337600708e-01,2.958635389804840088e-01,3.532620072364807129e-01,4.093123376369476318e-01,4.664307236671447754e-01,5.219084620475769043e-01,5.758800506591796875e-01,6.298294067382812500e-01,6.829089522361755371e-01,7.241860032081604004e-01,7.708528041839599609e-01,8.186517953872680664e-01,8.684121966361999512e-01
-2.061925381422042847e-01,-1.513725519180297852e-01,-9.489157795906066895e-02,-3.835793957114219666e-02,1.743722148239612579e-02,7.304792851209640503e-02,1.291735321283340454e-01,1.834658533334732056e-01,2.393970936536788940e-01,2.968224585056304932e-01,3.537201285362243652e-01,4.094401597976684570e-01,4.670972526073455811e-01,5.220240950584411621e-01,5.759600400924682617e-01,6.296581029891967773e-01,6.828730106353759766e-01,7.245526313781738281e-01,7.715549468994140625e-01,8.195180296897888184e-01,8.695855736732482910e-01
-2.067595720291137695e-01,-1.517736166715621948e-01,-9.490319341421127319e-02,-3.854361549019813538e-02,1.714309677481651306e-02,7.357970625162124634e-02,1.296210587024688721e-01,1.836944669485092163e-01,2.399143278598785400e-01,2.974309027194976807e-01,3.535572886466979980e-01,4.102277457714080811e-01,4.673758149147033691e-01,5.223799347877502441e-01,5.764587521553039551e-01,6.301978826522827148e-01,6.827582120895385742e-01,7.253212928771972656e-01,7.717818021774291992e-01,8.198705315589904785e-01,nan
-2.072884738445281982e-01,-1.518780887126922607e-01,-9.500477463006973267e-02,-3.883307799696922302e-02,1.694401353597640991e-02,7.389117032289505005e-02,1.297105401754379272e-01,1.844626814126968384e-01,2.406740039587020874e-01,2.978085577487945557e-01,3.534637987613677979e-01,4.110005497932434082e-01,4.668874740600585938e-01,5.212624073028564453e-01,5.757461190223693848e-01,6.296558976173400879e-01,6.824697852134704590e-01,7.256925702095031738e-01,7.729207277297973633e-01,8.201021552085876465e-01,8.693436384201049805e-01
-2.077129185199737549e-01,-1.519175022840499878e-01,-9.529743343591690063e-02,-3.923719748854637146e-02,1.727422885596752167e-02,7.407473027706146240e-02,1.295943856239318848e-01,1.855171918869018555e-01,2.414391189813613892e-01,2.979781031608581543e-01,3.541240394115447998e-01,4.114828407764434814e-01,4.670646786689758301e-01,5.215931534767150879e-01,5.761513113975524902e-01,6.299638748168945312e-01,6.819158792495727539e-01,7.257236242294311523e-01,7.730096578598022461e-01,8.206188678741455078e-01,nan
-2.079042345285415649e-01,-1.518604904413223267e-01,-9.579577296972274780e-02,-3.956650942564010620e-02,1.745110936462879181e-02,7.387146353721618652e-02,1.296527534723281860e-01,1.864182204008102417e-01,2.419984191656112671e-01,2.977978289127349854e-01,3.549559414386749268e-01,4.112848937511444092e-01,4.673685729503631592e-01,5.211662650108337402e-01,5.761187672615051270e-01,6.294605731964111328e-01,6.814926266670227051e-01,7.264952063560485840e-01,7.731282114982604980e-01,8.206066489219665527e-01,8.652459383010864258e-01
-2.081301212310791016e-01,nan,-9.631110727787017822e-02,-3.952299058437347412e-02,1.742317341268062592e-02,7.354224473237991333e-02,1.299970149993896484e-01,1.870358586311340332e-01,2.424832135438919067e-01,2.982403337955474854e-01,3.553468585014343262e-01,4.110605418682098389e-01,4.662705063819885254e-01,5.207124352455139160e-01,5.754152536392211914e-01,6.294018626213073730e-01,6.810276508331298828e-01,7.264935970306396484e-01,7.739864587783813477e-01,8.158588409423828125e-01,8.676544427871704102e-01
-2.084415256977081299e-01,-1.523555070161819458e-01,-9.667403250932693481e-02,-3.943697363138198853e-02,1.713653281331062317e-02,7.336942851543426514e-02,1.304977685213088989e-01,1.874544620513916016e-01,2.429023385047912598e-01,2.989676892757415771e-01,3.553554117679595947e-01,4.115100800991058350e-01,4.663705527782440186e-01,5.211314558982849121e-01,5.756952762603759766e-01,6.288978457450866699e-01,6.809128522872924805e-01,7.272945046424865723e-01,7.737354040145874023e-01,8.174523115158081055e-01,8.699851632118225098e-01
-2.089176476001739502e-01,-1.528474241495132446e-01,-9.676980972290039062e-02,-3.946097567677497864e-02,1.666224189102649689e-02,7.342426478862762451e-02,1.308494210243225098e-01,1.874944865703582764e-01,2.434671223163604736e-01,2.996500730514526367e-01,3.552396893501281738e-01,4.115879535675048828e-01,4.651537835597991943e-01,5.205196142196655273e-01,5.747791528701782227e-01,6.284505128860473633e-01,6.813083887100219727e-01,7.275001406669616699e-01,7.743505239486694336e-01,8.194417953491210938e-01,8.721900582313537598e-01
-2.096069604158401489e-01,-1.531529873609542847e-01,-9.673543274402618408e-02,-3.975527361035346985e-02,1.644619740545749664e-02,7.365153729915618896e-02,1.310552805662155151e-01,1.872244775295257568e-01,2.441529780626296997e-01,2.998901307582855225e-01,3.559614717960357666e-01,4.107845425605773926e-01,4.653653502464294434e-01,5.205936431884765625e-01,5.746047496795654297e-01,6.282037496566772461e-01,6.813432574272155762e-01,7.284131646156311035e-01,7.743483781814575195e-01,8.213909864425659180e-01,8.743152022361755371e-01
-2.101980596780776978e-01,-1.533064097166061401e-01,-9.659820050001144409e-02,-4.029348492622375488e-02,1.650031097233295441e-02,7.385688275098800659e-02,nan,nan,2.445257753133773804e-01,3.002013862133026123e-01,3.565786480903625488e-01,4.106957614421844482e-01,4.648247659206390381e-01,5.201475024223327637e-01,5.745226740837097168e-01,6.281722784042358398e-01,6.821705698966979980e-01,7.283084988594055176e-01,nan,8.233219981193542480e-01,8.763753771781921387e-01
-2.105559110641479492e-01,-1.534373462200164795e-01,-9.678804129362106323e-02,-4.066321998834609985e-02,1.664856448769569397e-02,7.392790913581848145e-02,1.305536925792694092e-01,1.877178102731704712e-01,nan,3.008246123790740967e-01,3.562810420989990234e-01,4.098798036575317383e-01,4.645166993141174316e-01,5.198333859443664551e-01,5.742507576942443848e-01,6.281244754791259766e-01,6.827260851860046387e-01,7.289185523986816406e-01,7.716965079307556152e-01,8.252355456352233887e-01,8.783781528472900391e-01
-2.107144445180892944e-01,-1.536206752061843872e-01,-9.718674421310424805e-02,-4.082857444882392883e-02,1.671484485268592834e-02,7.356515526771545410e-02,1.304869353771209717e-01,1.879642456769943237e-01,2.437976300716400146e-01,3.012272417545318604e-01,nan,4.099885523319244385e-01,4.647224843502044678e-01,5.192081928253173828e-01,5.738758444786071777e-01,6.281812191009521484e-01,6.829792261123657227e-01,7.289815545082092285e-01,7.733429670333862305e-01,8.270989656448364258e-01,8.803513050079345703e-01
-2.108757346868515015e-01,-1.539958864450454712e-01,-9.752418100833892822e-02,-4.078899696469306946e-02,1.661928184330463409e-02,7.314494252204895020e-02,1.306491345167160034e-01,1.876422464847564697e-01,2.441668510437011719e-01,3.006842732429504395e-01,3.560185730457305908e-01,4.095627665519714355e-01,4.640821814537048340e-01,5.187801122665405273e-01,5.740212202072143555e-01,6.287754178047180176e-01,6.838805675506591797e-01,7.299749255180358887e-01,7.749362587928771973e-01,8.288751840591430664e-01,8.823005557060241699e-01
-2.111097574234008789e-01,-1.546190381050109863e-01,-9.771361947059631348e-02,-4.077043011784553528e-02,1.611488126218318939e-02,7.302949577569961548e-02,1.308304816484451294e-01,1.870166659355163574e-01,2.443311512470245361e-01,3.003869056701660156e-01,3.557671904563903809e-01,4.101077020168304443e-01,4.635391235351562500e-01,5.187284946441650391e-01,5.740909576416015625e-01,6.291140317916870117e-01,6.846357583999633789e-01,7.298095226287841797e-01,7.764751315116882324e-01,8.305881619453430176e-01,8.841959238052368164e-01
-2.115471363067626953e-01,-1.550584137439727783e-01,-9.775100648403167725e-02,nan,1.576456427574157715e-02,7.314156740903854370e-02,1.305810213088989258e-01,1.872003227472305298e-01,2.435856014490127563e-01,nan,3.547738790512084961e-01,4.097761511802673340e-01,4.636742770671844482e-01,5.188404917716979980e-01,5.742025971412658691e-01,6.293820142745971680e-01,6.850384473800659180e-01,nan,7.779763340950012207e-01,8.322341442108154297e-01,8.860047459602355957e-01
-2.122124135494232178e-01,-1.553009450435638428e-01,-9.780878573656082153e-02,-4.130966961383819580e-02,1.568995974957942963e-02,7.325831800699234009e-02,1.298045963048934937e-01,1.869807541370391846e-01,2.435321509838104248e-01,2.992577552795410156e-01,3.546438217163085938e-01,4.094654619693756104e-01,4.637020826339721680e-01,5.186882019042968750e-01,5.745046138763427734e-01,nan,6.857432126998901367e-01,7.304061651229858398e-01,7.794466018676757812e-01,8.338238000869750977e-01,8.877289295196533203e-01
