# 1st dimension: Re = np.logspace(np.log10(1.4e6), np.log10(1.05e7), 20); 2nd dimension: alpha = np.arange(-5., 5.5, .5)
-1.395139545202255249e-01,-8.411748707294464111e-02,-2.897566929459571838e-02,2.748876065015792847e-02,8.295377343893051147e-02,1.387832909822463989e-01,1.953513026237487793e-01,2.508375048637390137e-01,3.043766021728515625e-01,3.610873818397521973e-01,4.176035225391387939e-01,4.721035361289978027e-01,nan,5.841031074523925781e-01,6.394822597503662109e-01,6.920575499534606934e-01,7.431849837303161621e-01,7.928972244262695312e-01,8.231558799743652344e-01,8.647862672805786133e-01,9.186820387840270996e-01
-1.398669332265853882e-01,-8.470509946346282959e-02,-2.909354679286479950e-02,2.726076543331146240e-02,8.266415446996688843e-02,1.389934122562408447e-01,1.956970691680908203e-01,2.508983612060546875e-01,3.051218986511230469e-01,3.617464900016784668e-01,4.174569547176361084e-01,4.731048345565795898e-01,5.300141572952270508e-01,5.844475626945495605e-01,6.394043564796447754e-01,6.919077634811401367e-01,7.432811856269836426e-01,7.927843332290649414e-01,8.246123790740966797e-01,nan,9.185022711753845215e-01
-1.399760991334915161e-01,-8.547082543373107910e-02,-2.916327118873596191e-02,2.689931541681289673e-02,8.254133164882659912e-02,1.392792165279388428e-01,1.957841366529464722e-01,2.507266402244567871e-01,3.061585426330566406e-01,3.622876405715942383e-01,4.172439873218536377e-01,4.740813672542572021e-01,5.301520824432373047e-01,5.854726433753967285e-01,6.391655206680297852e-01,6.920863986015319824e-01,7.441602349281311035e-01,7.940962910652160645e-01,8.257787227630615234e-01,8.708363771438598633e-01,9.142960906028747559e-01
-1.408952176570892334e-01,-8.564613014459609985e-02,-2.936437353491783142e-02,2.645874768495559692e-02,8.290421962738037109e-02,1.394475400447845459e-01,1.956178843975067139e-01,2.510704994201660156e-01,3.074297308921813965e-01,3.625040352344512939e-01,4.179339110851287842e-01,4.748318791389465332e-01,5.298700928688049316e-01,5.858988165855407715e-01,6.399154067039489746e-01,6.924101114273071289e-01,7.448728680610656738e-01,7.942132353782653809e-01,8.275376558303833008e-01,8.720957040786743164e-01,nan
-1.419230252504348755e-01,-8.569756150245666504e-02,-2.974797599017620087e-02,2.616063132882118225e-02,8.315299451351165771e-02,1.395709365606307983e-01,1.951667666435241699e-01,2.517218291759490967e-01,3.080106377601623535e-01,3.625493943691253662e-01,4.187489151954650879e-01,4.750919342041015625e-01,5.304627418518066406e-01,5.854530930519104004e-01,6.390420198440551758e-01,6.917816400527954102e-01,nan,7.941964268684387207e-01,8.282464146614074707e-01,8.721821904182434082e-01,9.129843115806579590e-01
-1.424227356910705566e-01,-8.583340048789978027e-02,-3.025116026401519775e-02,2.616895921528339386e-02,8.327849209308624268e-02,1.394345313310623169e-01,1.951280683279037476e-01,2.521704137325286865e-01,3.082379102706909180e-01,3.628958463668823242e-01,4.195323288440704346e-01,4.748553931713104248e-01,5.311661958694458008e-01,5.856335163116455078e-01,6.392256617546081543e-01,6.925431489944458008e-01,7.452294230461120605e-01,7.945725321769714355e-01,8.299344778060913086e-01,8.698130846023559570e-01,9.152993559837341309e-01
-1.426928341388702393e-01,-8.635591715574264526e-02,-3.059751354157924652e-02,2.631431445479393005e-02,8.324151486158370972e-02,1.390232741832733154e-01,1.955560743808746338e-01,2.524204254150390625e-01,3.081313669681549072e-01,nan,4.198427498340606689e-01,4.751272499561309814e-01,5.309775471687316895e-01,5.861209630966186523e-01,6.388567686080932617e-01,6.926640272140502930e-01,7.444647550582885742e-01,7.952496409416198730e-01,8.310618996620178223e-01,8.677169084548950195e-01,9.183387160301208496e-01
-1.430037170648574829e-01,-8.697487413883209229e-02,-3.063586540520191193e-02,2.638293057680130005e-02,8.292459696531295776e-02,1.390081048011779785e-01,1.958001703023910522e-01,2.523620426654815674e-01,3.082025945186614990e-01,3.649823963642120361e-01,nan,4.759318530559539795e-01,5.305036902427673340e-01,5.851373672485351562e-01,6.384981274604797363e-01,6.922426223754882812e-01,7.444679737091064453e-01,7.953698039054870605e-01,8.313433527946472168e-01,8.704053163528442383e-01,9.214612245559692383e-01
-1.434104442596435547e-01,-8.746317774057388306e-02,-3.056880272924900055e-02,2.632319554686546326e-02,8.241427689790725708e-02,1.392434388399124146e-01,1.958663165569305420e-01,2.521308660507202148e-01,3.087271153926849365e-01,3.652876019477844238e-01,4.205186665058135986e-01,4.765106439590454102e-01,5.310506820678710938e-01,5.853067040443420410e-01,6.390503644943237305e-01,6.927465200424194336e-01,7.443004846572875977e-01,7.953633666038513184e-01,8.323601484298706055e-01,8.734921813011169434e-01,9.245873689651489258e-01
-1.439555287361145020e-01,-8.766449242830276489e-02,-3.058772534132003784e-02,2.600372768938541412e-02,8.213734626770019531e-02,1.393960565328598022e-01,1.957531720399856567e-01,2.520824372768402100e-01,3.092487156391143799e-01,3.650148808956146240e-01,nan,nan,5.310176014900207520e-01,5.842697620391845703e-01,6.385788321495056152e-01,6.919648051261901855e-01,nan,7.958017587661743164e-01,nan,8.761482238769531250e-01,9.271739721298217773e-01
-1.444310694932937622e-01,-8.768373727798461914e-02,-3.068125806748867035e-02,2.544491365551948547e-02,8.223086595535278320e-02,1.393244564533233643e-01,1.954898685216903687e-01,2.523839771747589111e-01,3.095599710941314697e-01,3.649649024009704590e-01,4.219315350055694580e-01,4.763969480991363525e-01,5.302401185035705566e-01,5.843386650085449219e-01,6.386367082595825195e-01,6.922038793563842773e-01,7.438805699348449707e-01,7.959753274917602539e-01,8.282849788665771484e-01,8.784327507019042969e-01,9.300153255462646484e-01
-1.446968466043472290e-01,-8.774261921644210815e-02,-3.099615499377250671e-02,2.511396445333957672e-02,8.233830332756042480e-02,1.389303803443908691e-01,1.954564750194549561e-01,2.527681291103363037e-01,3.092223703861236572e-01,3.654677271842956543e-01,4.217677116394042969e-01,4.771016836166381836e-01,5.305309295654296875e-01,5.841532945632934570e-01,6.386817097663879395e-01,6.920235157012939453e-01,7.443965673446655273e-01,7.960349321365356445e-01,8.276859521865844727e-01,8.806114196777343750e-01,9.328050613403320312e-01
-1.447436511516571045e-01,-8.786519616842269897e-02,-3.157698735594749451e-02,2.513673342764377594e-02,8.224061131477355957e-02,1.385895758867263794e-01,nan,2.530230283737182617e-01,3.087928295135498047e-01,3.658556640148162842e-01,4.213120043277740479e-01,4.762192368507385254e-01,5.293935537338256836e-01,5.836176872253417969e-01,6.382002234458923340e-01,6.916472911834716797e-01,7.446764111518859863e-01,7.966740727424621582e-01,8.295748233795166016e-01,8.826264142990112305e-01,9.351485967636108398e-01
-1.448383629322052002e-01,-8.817060291767120361e-02,-3.197762742638587952e-02,2.520881779491901398e-02,8.175399899482727051e-02,1.385205388069152832e-01,1.961348354816436768e-01,2.529143691062927246e-01,3.090491592884063721e-01,3.655534088611602783e-01,4.216993451118469238e-01,4.764928817749023438e-01,5.296526551246643066e-01,5.839692354202270508e-01,6.378058195114135742e-01,6.913449168205261230e-01,7.455598711967468262e-01,7.968679070472717285e-01,nan,8.846132159233093262e-01,9.373675584793090820e-01
-1.450306326150894165e-01,-8.871737867593765259e-02,-3.203277289867401123e-02,2.513518370687961578e-02,8.134938776493072510e-02,1.386891007423400879e-01,1.963260173797607422e-01,2.522870898246765137e-01,3.092847764492034912e-01,3.650810122489929199e-01,4.211558401584625244e-01,4.759508669376373291e-01,5.288042426109313965e-01,5.832097530364990234e-01,nan,6.916342377662658691e-01,7.459231019020080566e-01,7.975769639015197754e-01,8.331488370895385742e-01,8.865640163421630859e-01,9.394112825393676758e-01
-1.454320847988128662e-01,-8.911748230457305908e-02,-3.202577680349349976e-02,2.466733194887638092e-02,8.125999569892883301e-02,1.388890147209167480e-01,1.962786912918090820e-01,2.523053884506225586e-01,3.086753189563751221e-01,3.653773665428161621e-01,4.205868542194366455e-01,4.755341112613677979e-01,5.290715098381042480e-01,5.834183096885681152e-01,6.377689242362976074e-01,6.915847063064575195e-01,7.466087341308593750e-01,7.978323698043823242e-01,8.348374962806701660e-01,nan,9.413891434669494629e-01
-1.459748595952987671e-01,-8.923343569040298462e-02,-3.214158117771148682e-02,2.418981678783893585e-02,nan,nan,nan,2.524711787700653076e-01,3.082726597785949707e-01,3.653879165649414062e-01,4.201200902462005615e-01,4.753872454166412354e-01,nan,nan,6.376363039016723633e-01,6.920331716537475586e-01,7.475419044494628906e-01,7.983243465423583984e-01,8.364866375923156738e-01,nan,9.433492422103881836e-01
-1.463640928268432617e-01,-8.928748220205307007e-02,-3.259100764989852905e-02,2.404463849961757660e-02,8.157761394977569580e-02,nan,nan,2.517575323581695557e-01,3.085758388042449951e-01,3.643057942390441895e-01,4.194338619709014893e-01,4.745251536369323730e-01,5.291016101837158203e-01,5.829256176948547363e-01,6.380067467689514160e-01,6.922461390495300293e-01,7.479245662689208984e-01,7.987187504768371582e-01,8.380935788154602051e-01,nan,9.452103972434997559e-01
-1.465366780757904053e-01,-8.952025324106216431e-02,-3.306547179818153381e-02,2.414346486330032349e-02,nan,nan,nan,2.513161599636077881e-01,3.083314299583435059e-01,3.642681837081909180e-01,4.195854365825653076e-01,4.742472767829895020e-01,5.287055969238281250e-01,5.831068158149719238e-01,6.378363370895385742e-01,6.930467486381530762e-01,7.483031153678894043e-01,7.989916801452636719e-01,8.396552205085754395e-01,8.935182094573974609e-01,9.469933509826660156e-01
-1.466548442840576172e-01,-9.005914628505706787e-02,-3.324584662914276123e-02,2.421840466558933258e-02,8.141667395830154419e-02,nan,nan,2.514608502388000488e-01,3.074892759323120117e-01,nan,4.187106192111968994e-01,4.735990166664123535e-01,5.285885334014892578e-01,5.832492113113403320e-01,6.382344365119934082e-01,6.937580704689025879e-01,7.491590976715087891e-01,7.999278306961059570e-01,8.411649465560913086e-01,8.951577544212341309e-01,9.487213492393493652e-01
