# 1st dimension: Re = np.logspace(np.log10(1.4e6), np.log10(1.05e7), 20); 2nd dimension: alpha = np.arange(-5., 5.5, .5)
-6.814485788345336914e-02,-1.276646647602319717e-02,4.349783807992935181e-02,9.979648888111114502e-02,1.552793085575103760e-01,2.110396623611450195e-01,2.678647935390472412e-01,3.237800598144531250e-01,3.781867325305938721e-01,4.332832694053649902e-01,4.907030761241912842e-01,5.473054051399230957e-01,6.020714640617370605e-01,6.584703922271728516e-01,7.115757465362548828e-01,7.648904323577880859e-01,8.151283264160156250e-01,8.614060282707214355e-01,8.939418792724609375e-01,9.403776526451110840e-01,9.912667870521545410e-01
-6.876398622989654541e-02,-1.288974843919277191e-02,4.396554082632064819e-02,9.982153028249740601e-02,1.547950804233551025e-01,2.117649316787719727e-01,2.687817811965942383e-01,3.245457410812377930e-01,3.785447180271148682e-01,4.347039759159088135e-01,4.919681251049041748e-01,5.475490689277648926e-01,6.030858755111694336e-01,6.596677899360656738e-01,7.124788165092468262e-01,7.639684081077575684e-01,8.142266273498535156e-01,8.619261980056762695e-01,8.944608569145202637e-01,9.431528449058532715e-01,9.937682747840881348e-01
-6.927720457315444946e-02,-1.274225488305091858e-02,4.418323561549186707e-02,9.947573393583297729e-02,1.548839956521987915e-01,2.124290913343429565e-01,2.693714201450347900e-01,3.247558474540710449e-01,3.792258799076080322e-01,4.359247684478759766e-01,4.926340281963348389e-01,5.475106835365295410e-01,6.044568419456481934e-01,6.597356200218200684e-01,7.135367989540100098e-01,7.650566697120666504e-01,8.148486018180847168e-01,8.606941103935241699e-01,8.957059979438781738e-01,9.451310038566589355e-01,9.965933561325073242e-01
-6.945913285017013550e-02,-1.254977751523256302e-02,4.410096630454063416e-02,9.885586053133010864e-02,1.555730700492858887e-01,2.129940688610076904e-01,2.696521878242492676e-01,3.248517811298370361e-01,3.808661103248596191e-01,4.372489750385284424e-01,4.928545057773590088e-01,5.483224987983703613e-01,6.054878234863281250e-01,6.593582630157470703e-01,7.126370668411254883e-01,7.642140388488769531e-01,8.134826421737670898e-01,8.595846295356750488e-01,8.984937071800231934e-01,9.480381011962890625e-01,1.000284433364868164e+00
-6.932026147842407227e-02,-1.239153370261192322e-02,4.365857318043708801e-02,9.927862882614135742e-02,1.562349647283554077e-01,2.133195102214813232e-01,2.695790827274322510e-01,3.253239095211029053e-01,3.823769986629486084e-01,4.382814466953277588e-01,4.930109977722167969e-01,5.497823357582092285e-01,6.057640314102172852e-01,6.604501605033874512e-01,7.129821181297302246e-01,7.644562721252441406e-01,8.137646317481994629e-01,8.586712479591369629e-01,9.004209041595458984e-01,9.511126279830932617e-01,1.003223896026611328e+00
-6.918884813785552979e-02,-1.238071080297231674e-02,4.293352738022804260e-02,9.973618388175964355e-02,1.566976606845855713e-01,2.133003324270248413e-01,2.694889903068542480e-01,3.264199197292327881e-01,3.834513723850250244e-01,4.387178122997283936e-01,4.935835003852844238e-01,5.508191585540771484e-01,6.053245067596435547e-01,6.605937480926513672e-01,7.131034135818481445e-01,7.647445797920227051e-01,8.124943971633911133e-01,8.580880165100097656e-01,9.018785953521728516e-01,9.532648324966430664e-01,1.004839062690734863e+00
-6.910441070795059204e-02,-1.271331310272216797e-02,4.262657836079597473e-02,1.000505760312080383e-01,nan,2.131764441728591919e-01,2.696711421012878418e-01,3.273680508136749268e-01,3.841997981071472168e-01,4.390268623828887939e-01,4.950326681137084961e-01,5.512253642082214355e-01,6.059936285018920898e-01,6.593031883239746094e-01,7.118818163871765137e-01,7.635972499847412109e-01,8.115279674530029297e-01,8.585947155952453613e-01,9.043302536010742188e-01,9.548144340515136719e-01,1.007381439208984375e+00
-6.914371997117996216e-02,-1.348537486046552658e-02,4.296959564089775085e-02,1.001810207962989807e-01,1.570122689008712769e-01,2.132312506437301636e-01,2.704783082008361816e-01,3.281294703483581543e-01,3.844263851642608643e-01,4.398329257965087891e-01,4.962937831878662109e-01,5.509207844734191895e-01,6.069415211677551270e-01,6.598992347717285156e-01,7.126026749610900879e-01,7.637153863906860352e-01,8.105140328407287598e-01,8.598279356956481934e-01,9.066702723503112793e-01,9.573813676834106445e-01,1.009795546531677246e+00
-6.941128522157669067e-02,-1.407175883650779724e-02,4.314322769641876221e-02,1.000730097293853760e-01,1.567459851503372192e-01,2.134715169668197632e-01,2.711943686008453369e-01,3.286343216896057129e-01,3.842875063419342041e-01,4.409564435482025146e-01,4.970720410346984863e-01,5.512559413909912109e-01,6.061975359916687012e-01,6.587602496147155762e-01,7.119247317314147949e-01,7.624428272247314453e-01,8.096827864646911621e-01,8.614087700843811035e-01,9.082134962081909180e-01,9.598766565322875977e-01,1.010056018829345703e+00
-7.004378736019134521e-02,-1.400122698396444321e-02,4.309488087892532349e-02,9.971641749143600464e-02,1.566975414752960205e-01,2.140997350215911865e-01,2.717398107051849365e-01,3.285566568374633789e-01,nan,4.418389499187469482e-01,4.971096217632293701e-01,5.523132681846618652e-01,6.057924628257751465e-01,6.588927507400512695e-01,7.115547657012939453e-01,7.613372802734375000e-01,8.094210028648376465e-01,8.625068664550781250e-01,9.095963835716247559e-01,9.605467915534973145e-01,1.012357473373413086e+00
-7.073087990283966064e-02,-1.390367373824119568e-02,4.271532595157623291e-02,9.946784377098083496e-02,1.568855941295623779e-01,2.149719595909118652e-01,2.721416354179382324e-01,3.282755017280578613e-01,3.853923082351684570e-01,4.422455728054046631e-01,nan,5.526519417762756348e-01,6.055826544761657715e-01,6.590080261230468750e-01,7.112405896186828613e-01,7.600433826446533203e-01,8.106463551521301270e-01,8.639429807662963867e-01,9.118423461914062500e-01,9.620037078857421875e-01,1.012317180633544922e+00
-7.091717422008514404e-02,-1.406157668679952621e-02,4.226027801632881165e-02,9.945395588874816895e-02,1.573486626148223877e-01,2.153942883014678955e-01,2.719688117504119873e-01,3.284104466438293457e-01,3.860049545764923096e-01,4.417749345302581787e-01,4.983178973197937012e-01,5.518845915794372559e-01,6.045206189155578613e-01,6.579436659812927246e-01,7.105239629745483398e-01,7.590525746345520020e-01,8.115518093109130859e-01,8.659241795539855957e-01,9.139695167541503906e-01,9.612618684768676758e-01,1.013754367828369141e+00
-7.080051302909851074e-02,-1.460407674312591553e-02,4.208295419812202454e-02,9.969373792409896851e-02,1.577478647232055664e-01,2.156075239181518555e-01,2.715737223625183105e-01,3.289680778980255127e-01,3.861641585826873779e-01,4.418385028839111328e-01,4.986526668071746826e-01,5.527309179306030273e-01,6.048893332481384277e-01,6.583435535430908203e-01,7.097117304801940918e-01,7.587602138519287109e-01,8.125055432319641113e-01,8.676387071609497070e-01,9.149271249771118164e-01,9.602586030960083008e-01,1.013026833534240723e+00
-7.087816298007965088e-02,-1.508957520127296448e-02,4.209669306874275208e-02,1.000341847538948059e-01,1.580758541822433472e-01,2.152068763971328735e-01,2.716698944568634033e-01,3.294452726840972900e-01,3.854574859142303467e-01,4.425255358219146729e-01,4.975645840167999268e-01,nan,6.038504242897033691e-01,6.570113301277160645e-01,7.085272669792175293e-01,7.596076726913452148e-01,8.140828609466552734e-01,8.689447641372680664e-01,9.157084226608276367e-01,9.593590497970581055e-01,1.014381647109985352e+00
-7.143704593181610107e-02,-1.524073351174592972e-02,4.235018044710159302e-02,1.003242954611778259e-01,1.582567542791366577e-01,2.146556377410888672e-01,2.721365690231323242e-01,3.295150697231292725e-01,3.854675889015197754e-01,4.427206814289093018e-01,4.978152811527252197e-01,5.515946745872497559e-01,6.040968894958496094e-01,6.570398211479187012e-01,7.072797417640686035e-01,7.602012157440185547e-01,8.156603574752807617e-01,8.700333833694458008e-01,9.172708988189697266e-01,nan,1.013545751571655273e+00
-7.245383411645889282e-02,nan,nan,nan,nan,nan,2.725214660167694092e-01,3.286218047142028809e-01,3.859978020191192627e-01,4.415563344955444336e-01,4.970712065696716309e-01,5.505753755569458008e-01,6.034072041511535645e-01,6.568183302879333496e-01,7.069708704948425293e-01,7.614413499832153320e-01,8.168885111808776855e-01,8.713874220848083496e-01,9.164258241653442383e-01,9.582977890968322754e-01,1.012648582458496094e+00
-7.283961772918701172e-02,nan,nan,nan,nan,nan,nan,3.286464810371398926e-01,3.860318660736083984e-01,4.416426718235015869e-01,4.962536990642547607e-01,5.502645969390869141e-01,6.032691597938537598e-01,6.556543111801147461e-01,7.073078155517578125e-01,7.628665566444396973e-01,8.178423643112182617e-01,8.730346560478210449e-01,9.152032732963562012e-01,9.578912258148193359e-01,1.012211084365844727e+00
-7.289953529834747314e-02,nan,nan,nan,nan,nan,2.716426849365234375e-01,3.290402591228485107e-01,3.847175240516662598e-01,4.412510097026824951e-01,4.958651363849639893e-01,nan,6.026188135147094727e-01,6.546583771705627441e-01,7.078543305397033691e-01,7.639499902725219727e-01,8.189989328384399414e-01,8.747865557670593262e-01,9.142798781394958496e-01,9.589793086051940918e-01,1.012026309967041016e+00
-7.288356870412826538e-02,-1.496415119618177414e-02,nan,nan,nan,nan,2.715875208377838135e-01,3.286048471927642822e-01,3.849184513092041016e-01,4.400642216205596924e-01,4.946961104869842529e-01,nan,6.027164459228515625e-01,6.545304059982299805e-01,7.092193961143493652e-01,7.646904587745666504e-01,8.203626871109008789e-01,8.763523101806640625e-01,nan,9.523970484733581543e-01,1.005512714385986328e+00
nan,-1.502391137182712555e-02,nan,nan,nan,nan,nan,3.275325596332550049e-01,3.842687308788299561e-01,nan,4.944854676723480225e-01,5.486952066421508789e-01,nan,6.546235680580139160e-01,7.102586030960083008e-01,7.655791640281677246e-01,8.218850493431091309e-01,8.773079514503479004e-01,9.135226011276245117e-01,9.547733664512634277e-01,1.007394075393676758e+00
