# 1st dimension: Re = np.logspace(np.log10(1.4e6), np.log10(1.05e7), 20); 2nd dimension: alpha = np.arange(-5., 5.5, .5)
nan,nan,nan,nan,nan,nan,nan,nan,nan,nan,nan,nan,nan,nan,nan,nan,nan,nan,nan,nan,nan
nan,nan,nan,nan,nan,nan,nan,nan,nan,nan,nan,nan,nan,nan,nan,nan,nan,nan,nan,nan,nan
-4.834390580654144287e-01,-4.289857447147369385e-01,-3.730216324329376221e-01,-3.164033293724060059e-01,-2.665750086307525635e-01,-2.215404957532882690e-01,nan,nan,nan,nan,nan,4.874840378761291504e-02,9.668157249689102173e-02,1.468057930469512939e-01,1.815168261528015137e-01,2.215642780065536499e-01,2.666194438934326172e-01,3.164688050746917725e-01,3.731145560741424561e-01,4.290861487388610840e-01,4.835322499275207520e-01
nan,nan,nan,nan,nan,nan,nan,nan,nan,nan,nan,nan,nan,nan,nan,nan,nan,nan,nan,nan,nan
nan,nan,nan,nan,nan,nan,nan,nan,nan,nan,nan,nan,nan,nan,nan,nan,nan,nan,nan,nan,nan
-4.917880892753601074e-01,-4.409065246582031250e-01,-3.870079815387725830e-01,-3.309541344642639160e-01,-2.771533727645874023e-01,nan,nan,nan,nan,nan,nan,5.038635060191154480e-02,1.021644100546836853e-01,1.457986682653427124e-01,1.827955096960067749e-01,2.279675304889678955e-01,2.772082686424255371e-01,3.310322761535644531e-01,3.870908021926879883e-01,4.409967660903930664e-01,nan
-4.941958189010620117e-01,-4.452765882015228271e-01,-3.910021781921386719e-01,-3.361969590187072754e-01,-2.825614213943481445e-01,-2.305650264024734497e-01,-1.842792630195617676e-01,-1.443811506032943726e-01,-1.028232872486114502e-01,-5.164365097880363464e-02,nan,5.164470523595809937e-02,1.028274819254875183e-01,1.443925201892852783e-01,nan,2.306018769741058350e-01,2.826294898986816406e-01,3.362766802310943604e-01,3.910811543464660645e-01,4.453584551811218262e-01,nan
nan,-4.485003948211669922e-01,-3.937518596649169922e-01,-3.417712748050689697e-01,-2.874502837657928467e-01,-2.323339432477951050e-01,-1.867636442184448242e-01,-1.438727974891662598e-01,-1.036755368113517761e-01,-5.220963805913925171e-02,2.520287978313717758e-09,5.221086740493774414e-02,1.036805287003517151e-01,1.438859105110168457e-01,1.867880672216415405e-01,2.323727905750274658e-01,2.875143289566040039e-01,3.418399691581726074e-01,3.938297033309936523e-01,4.485766589641571045e-01,nan
nan,-4.513509869575500488e-01,-3.982006013393402100e-01,-3.454588651657104492e-01,-2.913212776184082031e-01,-2.375655770301818848e-01,-1.879806518554687500e-01,-1.433061063289642334e-01,-1.033299192786216736e-01,-5.322425439953804016e-02,1.685536261675224523e-07,5.322572216391563416e-02,1.033361405134201050e-01,1.433218568563461304e-01,1.880113184452056885e-01,2.376206517219543457e-01,2.913814187049865723e-01,3.455227613449096680e-01,3.982713520526885986e-01,4.514257311820983887e-01,nan
nan,-4.542625844478607178e-01,-4.017611443996429443e-01,-3.487763106822967529e-01,-2.949036657810211182e-01,-2.427683919668197632e-01,nan,-1.442628502845764160e-01,-1.021926626563072205e-01,-5.366676300764083862e-02,7.735855689361414989e-08,5.366854369640350342e-02,1.021998375654220581e-01,1.442806273698806763e-01,1.902218610048294067e-01,2.428167015314102173e-01,2.949623465538024902e-01,3.488363325595855713e-01,4.018276929855346680e-01,4.543363749980926514e-01,nan
nan,-4.573240280151367188e-01,-4.048266708850860596e-01,-3.512484729290008545e-01,-2.992870807647705078e-01,-2.465690672397613525e-01,-1.921291053295135498e-01,-1.450690925121307373e-01,-1.004926040768623352e-01,-5.474359169602394104e-02,-3.231958771721110679e-07,5.474545061588287354e-02,1.005010381340980530e-01,1.450912207365036011e-01,1.921677589416503906e-01,2.466147691011428833e-01,2.993380725383758545e-01,3.513058125972747803e-01,4.048905074596405029e-01,4.573920667171478271e-01,nan
nan,nan,-4.076712131500244141e-01,-3.542926013469696045e-01,-3.022730648517608643e-01,-2.494121193885803223e-01,-1.953821778297424316e-01,-1.461916416883468628e-01,-9.887596964836120605e-02,-5.528138577938079834e-02,3.065008802316526726e-10,5.528365820646286011e-02,9.888648986816406250e-02,1.462180763483047485e-01,1.954195797443389893e-01,2.494542449712753296e-01,3.023208081722259521e-01,3.543483316898345947e-01,4.077330827713012695e-01,nan,nan
nan,nan,-4.100543856620788574e-01,-3.571582436561584473e-01,-3.048978149890899658e-01,-2.518900632858276367e-01,-1.978185027837753296e-01,-1.472979336977005005e-01,-9.768508374691009521e-02,-5.458736419677734375e-02,-3.753913624393589998e-09,5.459052696824073792e-02,9.769573062658309937e-02,1.473254114389419556e-01,1.978531330823898315e-01,2.519319057464599609e-01,3.049425184726715088e-01,3.572106063365936279e-01,4.101140499114990234e-01,nan,nan
nan,nan,-4.126688838005065918e-01,-3.594707250595092773e-01,-3.066354393959045410e-01,-2.548412680625915527e-01,-1.998512744903564453e-01,-1.488855630159378052e-01,-9.701865911483764648e-02,-5.219253897666931152e-02,2.835166412751277676e-07,5.219609662890434265e-02,9.703028202056884766e-02,1.489145755767822266e-01,1.998858749866485596e-01,2.548790574073791504e-01,3.066796958446502686e-01,3.595209121704101562e-01,4.127264618873596191e-01,nan,nan
nan,nan,-4.148241877555847168e-01,-3.615218997001647949e-01,-3.085103034973144531e-01,-2.566962540149688721e-01,-2.014093995094299316e-01,nan,-9.740615636110305786e-02,-4.926995560526847839e-02,-1.848031416784579051e-08,4.927402734756469727e-02,9.742311388254165649e-02,1.495822966098785400e-01,2.014424651861190796e-01,2.567325532436370850e-01,3.085533082485198975e-01,3.615709543228149414e-01,4.148796796798706055e-01,nan,nan
-5.207796096801757812e-01,-4.685746431350708008e-01,-4.167214035987854004e-01,-3.634995818138122559e-01,-3.103197813034057617e-01,-2.583472728729248047e-01,-2.037112116813659668e-01,-1.488977819681167603e-01,-9.712844341993331909e-02,-4.543359577655792236e-02,nan,4.543781653046607971e-02,9.714704751968383789e-02,1.489259153604507446e-01,2.037428021430969238e-01,2.583839297294616699e-01,3.103615343570709229e-01,3.635480403900146484e-01,4.167757332324981689e-01,4.686370193958282471e-01,5.208500623703002930e-01
-5.232757925987243652e-01,-4.707374572753906250e-01,-4.184989929199218750e-01,-3.653894066810607910e-01,-3.121868371963500977e-01,-2.598176002502441406e-01,-2.050528228282928467e-01,-1.497818976640701294e-01,-9.524928778409957886e-02,-4.285551607608795166e-02,-4.338984354035346769e-07,4.285955429077148438e-02,9.526351094245910645e-02,1.498091667890548706e-01,2.050831913948059082e-01,2.598532438278198242e-01,3.122279047966003418e-01,3.654371201992034912e-01,4.185526669025421143e-01,4.707984924316406250e-01,5.233449935913085938e-01
nan,nan,-4.202133715152740479e-01,-3.672926723957061768e-01,-3.135239481925964355e-01,-2.611635327339172363e-01,-2.054598480463027954e-01,-1.504217684268951416e-01,-9.430010616779327393e-02,-3.917591273784637451e-02,-1.519779516456765123e-06,3.917984291911125183e-02,9.431697428226470947e-02,1.504504382610321045e-01,2.054917216300964355e-01,2.611977159976959229e-01,3.135645091533660889e-01,3.673388659954071045e-01,4.202665984630584717e-01,nan,nan
-5.273943543434143066e-01,-4.743909239768981934e-01,-4.219171106815338135e-01,-3.687927424907684326e-01,-3.146550655364990234e-01,-2.624979019165039062e-01,-2.067994922399520874e-01,-1.489682346582412720e-01,-9.079810976982116699e-02,-3.699824213981628418e-02,-8.922395409172168002e-07,3.700131550431251526e-02,9.080988913774490356e-02,1.490001529455184937e-01,2.068305164575576782e-01,2.625311613082885742e-01,3.146953284740447998e-01,3.688380122184753418e-01,4.219696819782257080e-01,4.744502305984497070e-01,5.274609327316284180e-01
-5.291419029235839844e-01,-4.759949147701263428e-01,-4.236131310462951660e-01,-3.697854876518249512e-01,-3.161009848117828369e-01,-2.624096870422363281e-01,-2.079448699951171875e-01,-1.499218046665191650e-01,-8.722502738237380981e-02,-3.622489050030708313e-02,1.841518042056122795e-06,3.622712567448616028e-02,8.723665773868560791e-02,1.499531716108322144e-01,2.079751789569854736e-01,2.624442577362060547e-01,3.161407113075256348e-01,3.698309063911437988e-01,4.236647188663482666e-01,4.760537743568420410e-01,5.292075872421264648e-01
