# 1st dimension: Re = np.logspace(np.log10(1.4e6), np.log10(1.05e7), 20); 2nd dimension: alpha = np.arange(-5., 5.5, .5)
-4.608062803745269775e-01,-4.120577871799468994e-01,-3.623483777046203613e-01,nan,-2.594378888607025146e-01,-2.063997536897659302e-01,-1.525401175022125244e-01,-9.808981418609619141e-02,-4.389552399516105652e-02,8.207305334508419037e-03,6.209595128893852234e-02,nan,nan,nan,nan,nan,nan,nan,nan,nan,nan
-4.642525315284729004e-01,nan,nan,-3.125785887241363525e-01,-2.604632675647735596e-01,-2.074570059776306152e-01,-1.537892818450927734e-01,-9.961169958114624023e-02,-4.495379328727722168e-02,9.924917481839656830e-03,nan,1.168347448110580444e-01,1.699929684400558472e-01,nan,nan,nan,nan,nan,nan,nan,nan
-4.671741724014282227e-01,-4.165123701095581055e-01,-3.653147518634796143e-01,-3.134350478649139404e-01,-2.610482871532440186e-01,-2.079016268253326416e-01,-1.542014330625534058e-01,-1.001146435737609863e-01,-4.575051739811897278e-02,8.930223062634468079e-03,6.410834193229675293e-02,1.159044802188873291e-01,1.691168397665023804e-01,nan,nan,nan,3.922258019447326660e-01,4.474864006042480469e-01,5.019462108612060547e-01,5.551632046699523926e-01,6.097472310066223145e-01
nan,-4.181394875049591064e-01,-3.666048943996429443e-01,-3.142987489700317383e-01,-2.615627646446228027e-01,-2.082243412733078003e-01,-1.544439345598220825e-01,-1.003681197762489319e-01,-4.611957445740699768e-02,8.238238282501697540e-03,nan,1.157042533159255981e-01,nan,nan,2.804421782493591309e-01,3.355199396610260010e-01,nan,4.468196332454681396e-01,5.017155408859252930e-01,5.552049279212951660e-01,6.098967790603637695e-01
-4.419293403625488281e-01,-3.977827727794647217e-01,-3.677109479904174805e-01,-3.150985538959503174e-01,-2.620985805988311768e-01,-2.086031287908554077e-01,-1.547447592020034790e-01,-1.006564497947692871e-01,-4.646433517336845398e-02,7.769464515149593353e-03,6.206127256155014038e-02,1.169137209653854370e-01,1.697976738214492798e-01,2.242944538593292236e-01,nan,nan,nan,nan,nan,nan,nan
nan,nan,nan,nan,nan,nan,nan,nan,nan,nan,nan,nan,1.694304347038269043e-01,nan,nan,nan,nan,4.457185864448547363e-01,5.006917119026184082e-01,5.553300976753234863e-01,nan
nan,nan,nan,nan,nan,nan,nan,nan,nan,nan,nan,nan,1.704430133104324341e-01,nan,nan,nan,nan,nan,nan,nan,nan
nan,nan,nan,nan,nan,nan,nan,nan,nan,nan,nan,nan,nan,nan,nan,nan,3.905293941497802734e-01,4.456803500652313232e-01,5.006878972053527832e-01,5.556063055992126465e-01,6.104031205177307129e-01
nan,nan,nan,nan,nan,nan,nan,nan,nan,nan,nan,nan,nan,nan,2.800553441047668457e-01,3.352988660335540771e-01,nan,4.456570744514465332e-01,5.006850957870483398e-01,5.556777119636535645e-01,6.105329990386962891e-01
-4.806005954742431641e-01,nan,nan,nan,nan,nan,nan,nan,nan,nan,nan,nan,1.694538295269012451e-01,2.241819798946380615e-01,nan,nan,nan,nan,nan,nan,nan
-4.860156476497650146e-01,nan,nan,nan,nan,nan,nan,nan,nan,nan,nan,nan,nan,nan,nan,nan,3.904286026954650879e-01,4.456301033496856689e-01,5.007399320602416992e-01,5.558356046676635742e-01,6.107914447784423828e-01
-4.883652925491333008e-01,nan,nan,nan,nan,nan,nan,nan,nan,nan,nan,nan,nan,2.246253937482833862e-01,2.798979282379150391e-01,3.351590931415557861e-01,3.904063105583190918e-01,4.456292092800140381e-01,5.007848739624023438e-01,nan,6.109161972999572754e-01
-4.896712601184844971e-01,nan,nan,nan,nan,nan,nan,nan,nan,nan,nan,nan,1.692290753126144409e-01,2.245280742645263672e-01,2.798249721527099609e-01,3.351133167743682861e-01,3.903881013393402100e-01,4.456387758255004883e-01,5.008346438407897949e-01,5.559971332550048828e-01,6.110376119613647461e-01
-4.906100630760192871e-01,-4.345606565475463867e-01,nan,nan,nan,nan,nan,nan,nan,nan,nan,nan,1.691048145294189453e-01,2.244274467229843140e-01,2.797514796257019043e-01,3.350688219070434570e-01,3.903718888759613037e-01,4.456524252891540527e-01,5.008867979049682617e-01,5.560765266418457031e-01,6.111556291580200195e-01
-4.913826882839202881e-01,-4.362725019454956055e-01,nan,nan,nan,nan,nan,nan,nan,nan,5.831265822052955627e-02,1.136337295174598694e-01,1.689765751361846924e-01,2.243261784315109253e-01,2.796782851219177246e-01,3.350245058536529541e-01,3.903569877147674561e-01,4.456673860549926758e-01,5.009388327598571777e-01,5.561553835868835449e-01,6.112697720527648926e-01
-4.920624792575836182e-01,-4.371763169765472412e-01,nan,nan,nan,nan,nan,nan,nan,2.813034923747181892e-03,5.812590569257736206e-02,1.134767234325408936e-01,1.688470542430877686e-01,2.242258489131927490e-01,2.796059250831604004e-01,3.349806964397430420e-01,3.903425931930541992e-01,4.456830620765686035e-01,5.009890794754028320e-01,5.562325716018676758e-01,6.113781332969665527e-01
-4.853987991809844971e-01,-4.314177632331848145e-01,-3.770949840545654297e-01,nan,nan,nan,nan,nan,-5.185047537088394165e-02,2.670679241418838501e-03,5.725917965173721313e-02,1.118765622377395630e-01,1.665066182613372803e-01,2.211392223834991455e-01,2.757604718208312988e-01,3.303634524345397949e-01,3.849385082721710205e-01,4.394749701023101807e-01,4.939475655555725098e-01,5.483358502388000488e-01,6.025726199150085449e-01
-4.932374954223632812e-01,-4.384632706642150879e-01,-3.835014700889587402e-01,-3.284155726432800293e-01,nan,nan,nan,-1.082069203257560730e-01,-5.295567587018013000e-02,2.381706144660711288e-03,5.776206403970718384e-02,1.131694316864013672e-01,1.685931533575057983e-01,2.240290343761444092e-01,2.794647812843322754e-01,3.348952531814575195e-01,3.903140723705291748e-01,4.457142353057861328e-01,5.010746717453002930e-01,5.563820600509643555e-01,6.115719079971313477e-01
-4.937219321727752686e-01,-4.390041828155517578e-01,-3.840649127960205078e-01,-3.290447890758514404e-01,nan,nan,-1.636975109577178955e-01,-1.085089594125747681e-01,-5.319489911198616028e-02,nan,nan,1.130203977227210999e-01,1.684702932834625244e-01,2.239320576190948486e-01,2.793962657451629639e-01,3.348537981510162354e-01,3.903002738952636719e-01,4.457291066646575928e-01,nan,nan,6.116456389427185059e-01
-4.941104948520660400e-01,-4.395073652267456055e-01,-3.845562636852264404e-01,-3.295265734195709229e-01,nan,-2.191417217254638672e-01,-1.640569567680358887e-01,-1.087783947587013245e-01,-5.342491716146469116e-02,1.977496314793825150e-03,5.760811269283294678e-02,1.128748357295989990e-01,1.683502793312072754e-01,2.238374948501586914e-01,2.793280780315399170e-01,3.348132669925689697e-01,3.902867436408996582e-01,4.457435607910156250e-01,nan,5.565215945243835449e-01,6.116899847984313965e-01
