# 1st dimension: Re = np.logspace(np.log10(1.4e6), np.log10(1.05e7), 20); 2nd dimension: alpha = np.arange(-5., 5.5, .5)
-2.365177124738693237e-01,-1.814591586589813232e-01,-1.246956512331962585e-01,-6.836619973182678223e-02,-1.143670827150344849e-02,4.573701694607734680e-02,1.013800054788589478e-01,1.577078700065612793e-01,2.153375148773193359e-01,2.716250419616699219e-01,3.275965750217437744e-01,3.833703398704528809e-01,4.409995675086975098e-01,4.973256289958953857e-01,5.526614785194396973e-01,6.070380806922912598e-01,6.611540913581848145e-01,7.168881893157958984e-01,7.713493108749389648e-01,8.226256966590881348e-01,8.715898394584655762e-01
-2.379271537065505981e-01,-1.812111884355545044e-01,-1.248360127210617065e-01,-6.899742782115936279e-02,-1.128754857927560806e-02,4.589601606130599976e-02,1.014238297939300537e-01,1.584694236516952515e-01,2.160945683717727661e-01,2.719112932682037354e-01,3.279096782207489014e-01,3.850081264972686768e-01,4.423492848873138428e-01,4.985556602478027344e-01,5.536325573921203613e-01,6.085373163223266602e-01,6.642056703567504883e-01,7.198132872581481934e-01,7.744503021240234375e-01,8.259316682815551758e-01,8.749595880508422852e-01
-2.389570772647857666e-01,-1.811048239469528198e-01,-1.251003742218017578e-01,-6.923411041498184204e-02,-1.126558240503072739e-02,4.576414078474044800e-02,1.017517149448394775e-01,1.591473221778869629e-01,2.165088504552841187e-01,2.722770571708679199e-01,3.287616968154907227e-01,3.865703344345092773e-01,4.434471726417541504e-01,4.996194839477539062e-01,5.546493530273437500e-01,6.100321412086486816e-01,6.665915846824645996e-01,7.226430773735046387e-01,7.770137786865234375e-01,8.289099931716918945e-01,8.787555694580078125e-01
-2.393342405557632446e-01,-1.812489330768585205e-01,-1.254337280988693237e-01,-6.889549642801284790e-02,-1.143967173993587494e-02,4.536584392189979553e-02,1.025874391198158264e-01,1.597173064947128296e-01,2.165028452873229980e-01,2.728484869003295898e-01,3.299590349197387695e-01,3.878490924835205078e-01,4.443502724170684814e-01,5.003983974456787109e-01,5.555544495582580566e-01,6.121514439582824707e-01,6.689486503601074219e-01,7.247331142425537109e-01,7.789186835289001465e-01,8.312308788299560547e-01,8.827405571937561035e-01
-2.396480143070220947e-01,nan,-1.255912184715270996e-01,-6.855198740959167480e-02,-1.184258237481117249e-02,4.519897326827049255e-02,1.032878085970878601e-01,1.601287722587585449e-01,2.165003716945648193e-01,2.735794484615325928e-01,3.310769200325012207e-01,3.887908756732940674e-01,4.450972378253936768e-01,5.010141134262084961e-01,5.569850802421569824e-01,6.143416166305541992e-01,6.712920665740966797e-01,7.268950343132019043e-01,7.804718017578125000e-01,8.336455225944519043e-01,8.867127895355224609e-01
-2.400045394897460938e-01,-1.829934120178222656e-01,-1.253972798585891724e-01,-6.828695535659790039e-02,-1.223193760961294174e-02,4.540102928876876831e-02,1.037871316075325012e-01,1.603517979383468628e-01,2.167116254568099976e-01,2.746498882770538330e-01,3.321572840213775635e-01,3.893748521804809570e-01,4.457772970199584961e-01,5.017220973968505859e-01,5.589452385902404785e-01,6.163306236267089844e-01,6.729703545570373535e-01,7.281039953231811523e-01,7.821226716041564941e-01,8.366805315017700195e-01,8.904920220375061035e-01
-2.405067831277847290e-01,-1.836466938257217407e-01,-1.253233104944229126e-01,-6.835432350635528564e-02,-1.230754423886537552e-02,4.576778039336204529e-02,1.039248779416084290e-01,1.605007946491241455e-01,2.171328365802764893e-01,2.754977941513061523e-01,3.331384360790252686e-01,3.897267282009124756e-01,4.464527964591979980e-01,5.029277205467224121e-01,5.608357787132263184e-01,6.179121732711791992e-01,6.743469834327697754e-01,7.291637063026428223e-01,7.837531566619873047e-01,8.391594886779785156e-01,8.932721018791198730e-01
-2.410751134157180786e-01,-1.839630156755447388e-01,-1.255155801773071289e-01,-6.873469799757003784e-02,-1.204898580908775330e-02,4.607255756855010986e-02,1.036933660507202148e-01,1.607550382614135742e-01,2.180170863866806030e-01,2.761638164520263672e-01,3.338021039962768555e-01,3.900600671768188477e-01,4.471244812011718750e-01,5.045012831687927246e-01,5.623487830162048340e-01,6.193387508392333984e-01,6.754637956619262695e-01,7.304929494857788086e-01,7.859691977500915527e-01,8.417999744415283203e-01,8.956058621406555176e-01
-2.412920743227005005e-01,-1.840339601039886475e-01,-1.259384602308273315e-01,-6.894056499004364014e-02,-1.147169433534145355e-02,4.625087603926658630e-02,1.033128499984741211e-01,1.610957235097885132e-01,2.190118283033370972e-01,2.766662538051605225e-01,3.340969681739807129e-01,3.906767666339874268e-01,4.479215741157531738e-01,5.060633420944213867e-01,5.636473298072814941e-01,6.207175254821777344e-01,6.761869788169860840e-01,7.316303253173828125e-01,7.879047393798828125e-01,8.437842726707458496e-01,8.972038030624389648e-01
-2.411851584911346436e-01,-1.841178238391876221e-01,-1.266852766275405884e-01,-6.899873167276382446e-02,-1.096541434526443481e-02,4.619717970490455627e-02,1.032136380672454834e-01,1.615944802761077881e-01,2.198916822671890259e-01,2.769789695739746094e-01,3.342481553554534912e-01,3.914937973022460938e-01,4.490458667278289795e-01,5.074136853218078613e-01,5.649113059043884277e-01,6.217377185821533203e-01,6.768316626548767090e-01,7.330853343009948730e-01,7.900281548500061035e-01,8.455139398574829102e-01,8.980135917663574219e-01
-2.409496307373046875e-01,-1.842516362667083740e-01,-1.273256242275238037e-01,-6.891639530658721924e-02,-1.065122708678245544e-02,4.594722762703895569e-02,1.033617928624153137e-01,1.620883941650390625e-01,2.204622477293014526e-01,2.771445214748382568e-01,3.345241844654083252e-01,3.923193216323852539e-01,4.501621127128601074e-01,5.085574388504028320e-01,5.661642551422119141e-01,6.219986081123352051e-01,6.777477264404296875e-01,7.350174784660339355e-01,7.918909192085266113e-01,8.463925719261169434e-01,8.997788429260253906e-01
-2.408915460109710693e-01,-1.843958348035812378e-01,-1.276324391365051270e-01,-6.885404139757156372e-02,-1.064705476164817810e-02,4.594321921467781067e-02,1.037191078066825867e-01,1.625162959098815918e-01,2.206398844718933105e-01,2.774345874786376953e-01,3.349583148956298828e-01,3.933185338973999023e-01,4.513519108295440674e-01,5.095227360725402832e-01,5.671120882034301758e-01,6.223305463790893555e-01,6.790403723716735840e-01,nan,7.931608557701110840e-01,8.466486930847167969e-01,9.014759659767150879e-01
-2.411130219697952271e-01,-1.844995021820068359e-01,-1.276521682739257812e-01,-6.886531412601470947e-02,-1.103629916906356812e-02,4.619926214218139648e-02,1.042253002524375916e-01,1.628287881612777710e-01,2.205010950565338135e-01,2.779688835144042969e-01,3.355145156383514404e-01,nan,4.525462388992309570e-01,5.103965997695922852e-01,5.672697424888610840e-01,6.231599450111389160e-01,6.806945204734802246e-01,7.379768490791320801e-01,7.937731146812438965e-01,8.478605151176452637e-01,9.037005901336669922e-01
nan,-1.846112012863159180e-01,-1.276112496852874756e-01,-6.905887275934219360e-02,-1.148709096014499664e-02,4.656991735100746155e-02,1.047856435179710388e-01,1.628720760345458984e-01,2.203900218009948730e-01,2.785108089447021484e-01,3.363038003444671631e-01,3.949917256832122803e-01,4.535682499408721924e-01,5.111032128334045410e-01,5.672621130943298340e-01,6.243464946746826172e-01,nan,7.392213940620422363e-01,7.937777638435363770e-01,8.491647839546203613e-01,9.051095247268676758e-01
-2.424464821815490723e-01,-1.846193522214889526e-01,-1.275724321603775024e-01,-6.956131011247634888e-02,-1.169490162283182144e-02,4.697785526514053345e-02,1.053317710757255554e-01,1.625704020261764526e-01,2.205023169517517090e-01,2.790475785732269287e-01,3.372601568698883057e-01,3.957223296165466309e-01,4.543811380863189697e-01,5.114004611968994141e-01,5.676553845405578613e-01,6.256713271141052246e-01,6.832391023635864258e-01,7.402749657630920410e-01,7.942579984664916992e-01,8.506445288658142090e-01,9.056642651557922363e-01
-2.429040372371673584e-01,-1.845905482769012451e-01,-1.274833381175994873e-01,-7.013620436191558838e-02,nan,4.730945453047752380e-02,1.056277081370353699e-01,1.623943448066711426e-01,2.207500785589218140e-01,2.796207070350646973e-01,nan,3.964305520057678223e-01,4.549090564250946045e-01,5.114772915840148926e-01,5.683485269546508789e-01,nan,6.844432950019836426e-01,7.399528026580810547e-01,7.951214909553527832e-01,8.522146940231323242e-01,9.053990244865417480e-01
-2.426988035440444946e-01,-1.846814006567001343e-01,-1.273057311773300171e-01,-7.042646408081054688e-02,-1.154262293130159378e-02,4.754589870572090149e-02,1.053975000977516174e-01,1.626790910959243774e-01,2.211003750562667847e-01,2.801861166954040527e-01,3.390322923660278320e-01,3.971427083015441895e-01,4.549185037612915039e-01,5.117984414100646973e-01,5.693700909614562988e-01,6.278204321861267090e-01,6.857096552848815918e-01,7.397366166114807129e-01,7.964475154876708984e-01,8.529460430145263672e-01,9.057866334915161133e-01
-2.418326586484909058e-01,nan,-1.273797899484634399e-01,-7.050710916519165039e-02,-1.140249799937009811e-02,4.754467308521270752e-02,1.050552055239677429e-01,1.631519794464111328e-01,2.215719968080520630e-01,2.807142138481140137e-01,3.396793305873870850e-01,3.977345526218414307e-01,4.546743929386138916e-01,5.123161077499389648e-01,nan,6.287271976470947266e-01,6.858398318290710449e-01,7.403131127357482910e-01,7.978393435478210449e-01,8.524352908134460449e-01,9.071816802024841309e-01
-2.415456324815750122e-01,nan,-1.275162249803543091e-01,-7.034936547279357910e-02,-1.130693592131137848e-02,nan,1.050215661525726318e-01,1.636530458927154541e-01,2.221732586622238159e-01,2.812049686908721924e-01,3.401822447776794434e-01,3.978498280048370361e-01,4.547406435012817383e-01,5.130417943000793457e-01,5.716431140899658203e-01,6.295679807662963867e-01,6.849945783615112305e-01,7.413927912712097168e-01,7.985044717788696289e-01,8.523301482200622559e-01,9.086697101593017578e-01
-2.417668402194976807e-01,-1.860119253396987915e-01,-1.276526004076004028e-01,-6.995621323585510254e-02,-1.136498060077428818e-02,nan,1.051554307341575623e-01,1.641493886709213257e-01,2.228720933198928833e-01,2.816554307937622070e-01,3.403227329254150391e-01,3.977944850921630859e-01,4.551998376846313477e-01,nan,5.725512504577636719e-01,6.300628185272216797e-01,6.850916743278503418e-01,7.426855564117431641e-01,7.980390787124633789e-01,8.532069921493530273e-01,9.093562364578247070e-01
