# 1st dimension: Re = np.logspace(np.log10(1.4e6), np.log10(1.05e7), 20); 2nd dimension: alpha = np.arange(-5., 5.5, .5)
-2.301824688911437988e-01,-1.739691346883773804e-01,-1.169311106204986572e-01,-5.915746465325355530e-02,-2.217106986790895462e-03,5.451751127839088440e-02,1.125323474407196045e-01,1.704806238412857056e-01,2.277819514274597168e-01,2.849174737930297852e-01,3.428981304168701172e-01,3.994048237800598145e-01,nan,5.107769966125488281e-01,5.665525794029235840e-01,6.200623512268066406e-01,6.712850928306579590e-01,nan,7.681673169136047363e-01,8.112613558769226074e-01,8.588824272155761719e-01
-2.307717651128768921e-01,-1.743531823158264160e-01,nan,-5.919471755623817444e-02,-2.471568295732140541e-03,nan,1.129657849669456482e-01,1.707428991794586182e-01,2.279211431741714478e-01,2.857348024845123291e-01,3.434894084930419922e-01,3.996234834194183350e-01,4.551818966865539551e-01,5.105087757110595703e-01,5.671179294586181641e-01,nan,6.697010397911071777e-01,7.188931107521057129e-01,7.669245600700378418e-01,8.111948370933532715e-01,8.618392944335937500e-01
-2.313714325428009033e-01,-1.743206679821014404e-01,-1.167410239577293396e-01,-5.938931182026863098e-02,-2.549418248236179352e-03,5.540178343653678894e-02,1.133239492774009705e-01,1.707985848188400269e-01,2.282357066869735718e-01,2.863665223121643066e-01,3.436748385429382324e-01,4.001456201076507568e-01,4.554084837436676025e-01,5.114501714706420898e-01,5.664561390876770020e-01,6.169223785400390625e-01,6.677374839782714844e-01,7.175365090370178223e-01,7.645900845527648926e-01,8.126212954521179199e-01,8.648060560226440430e-01
-2.317330390214920044e-01,-1.742334365844726562e-01,-1.167723312973976135e-01,-5.970197543501853943e-02,-2.253778045997023582e-03,5.576212331652641296e-02,1.135211437940597534e-01,1.708775311708450317e-01,2.288639098405838013e-01,2.868734896183013916e-01,3.435617685317993164e-01,3.994062542915344238e-01,4.550581276416778564e-01,nan,5.652063488960266113e-01,6.146888136863708496e-01,6.664716005325317383e-01,7.165427803993225098e-01,7.634387016296386719e-01,8.149228096008300781e-01,8.673119544982910156e-01
-2.317300140857696533e-01,-1.742013245820999146e-01,-1.169487163424491882e-01,-5.987219139933586121e-02,-1.917548826895654202e-03,5.599360167980194092e-02,1.135564967989921570e-01,1.710833311080932617e-01,2.294039577245712280e-01,2.872255146503448486e-01,3.440381288528442383e-01,3.997019827365875244e-01,4.557327628135681152e-01,5.113396048545837402e-01,5.634835958480834961e-01,6.129510998725891113e-01,6.649720668792724609e-01,7.159533500671386719e-01,7.637637853622436523e-01,8.169328570365905762e-01,8.695213198661804199e-01
-2.316747009754180908e-01,-1.742465645074844360e-01,-1.172443702816963196e-01,-5.973362922668457031e-02,-1.656505046412348747e-03,5.610202625393867493e-02,1.135803759098052979e-01,1.716118156909942627e-01,2.297850549221038818e-01,2.872036993503570557e-01,3.438031971454620361e-01,3.993360400199890137e-01,4.559735655784606934e-01,5.110417604446411133e-01,nan,6.120266914367675781e-01,6.638886332511901855e-01,7.147064208984375000e-01,7.654876112937927246e-01,8.187503218650817871e-01,8.715047240257263184e-01
-2.317024320363998413e-01,-1.744129955768585205e-01,-1.174230054020881653e-01,-5.949172750115394592e-02,-1.496651791967451572e-03,5.606530979275703430e-02,nan,1.720624566078186035e-01,2.300308197736740112e-01,2.872096002101898193e-01,3.434196412563323975e-01,3.996418118476867676e-01,4.553585648536682129e-01,5.094359517097473145e-01,5.582699775695800781e-01,6.115320324897766113e-01,6.634479165077209473e-01,7.149463891983032227e-01,7.669138908386230469e-01,8.204460144042968750e-01,8.733575940132141113e-01
-2.318229973316192627e-01,-1.746949851512908936e-01,-1.173424497246742249e-01,-5.930444970726966858e-02,-1.453717239201068878e-03,5.605134367942810059e-02,1.140800118446350098e-01,1.723909974098205566e-01,2.301161736249923706e-01,2.875993549823760986e-01,3.429485857486724854e-01,4.001919031143188477e-01,4.547626674175262451e-01,5.068002343177795410e-01,5.569832921028137207e-01,6.104983687400817871e-01,6.626657843589782715e-01,7.145152688026428223e-01,7.683809995651245117e-01,8.221641778945922852e-01,8.752622008323669434e-01
-2.320551425218582153e-01,-1.749038845300674438e-01,-1.171360164880752563e-01,-5.919232591986656189e-02,-1.531326677650213242e-03,5.616177245974540710e-02,1.144490540027618408e-01,1.725385189056396484e-01,2.301736474037170410e-01,2.868865132331848145e-01,3.429338634014129639e-01,3.998370766639709473e-01,4.536585807800292969e-01,5.040627121925354004e-01,5.565220713615417480e-01,6.097638607025146484e-01,6.633104681968688965e-01,7.156242132186889648e-01,7.700084447860717773e-01,8.239328265190124512e-01,8.772236704826354980e-01
-2.323865145444869995e-01,-1.749357581138610840e-01,-1.170595660805702209e-01,-5.918641388416290283e-02,-1.573433983139693737e-03,5.644250288605690002e-02,1.147198677062988281e-01,1.724926233291625977e-01,2.303033173084259033e-01,2.866310775279998779e-01,3.434494137763977051e-01,3.996221125125885010e-01,4.513103067874908447e-01,5.024521350860595703e-01,5.563053488731384277e-01,6.094677448272705078e-01,6.640946865081787109e-01,7.171119451522827148e-01,7.716487050056457520e-01,8.256862759590148926e-01,8.791124820709228516e-01
nan,-1.748206019401550293e-01,-1.169522181153297424e-01,-5.929291993379592896e-02,-1.491795410402119160e-03,5.674591287970542908e-02,1.148663386702537537e-01,1.725038439035415649e-01,2.305290997028350830e-01,2.858578860759735107e-01,3.435732424259185791e-01,3.984657227993011475e-01,4.492524564266204834e-01,5.028162002563476562e-01,5.556958317756652832e-01,6.102442145347595215e-01,nan,7.186124920845031738e-01,7.732478380203247070e-01,8.273929953575134277e-01,8.809011578559875488e-01
nan,-1.747510284185409546e-01,-1.169729381799697876e-01,-5.934222787618637085e-02,-1.271434244699776173e-03,5.699620768427848816e-02,1.147905290126800537e-01,1.726649850606918335e-01,2.296526283025741577e-01,2.861261963844299316e-01,3.429249823093414307e-01,3.970575928688049316e-01,4.469082057476043701e-01,5.004119873046875000e-01,5.555558204650878906e-01,6.109884977340698242e-01,6.653182506561279297e-01,7.200669050216674805e-01,7.747797966003417969e-01,8.290247917175292969e-01,8.826443552970886230e-01
-2.325641512870788574e-01,-1.747413426637649536e-01,-1.170994341373443604e-01,-5.927052721381187439e-02,-1.018682494759559631e-03,5.713716521859169006e-02,nan,1.729263365268707275e-01,2.292278259992599487e-01,2.861923575401306152e-01,3.425962328910827637e-01,3.950889110565185547e-01,4.450162351131439209e-01,nan,5.562706589698791504e-01,6.119568347930908203e-01,nan,7.213952541351318359e-01,7.762635946273803711e-01,8.306106328964233398e-01,8.843479156494140625e-01
-2.325128614902496338e-01,-1.748219132423400879e-01,-1.171454787254333496e-01,-5.907737463712692261e-02,-8.055503130890429020e-04,5.706441029906272888e-02,1.148414164781570435e-01,1.731415838003158569e-01,2.286351174116134644e-01,2.855099141597747803e-01,3.414722681045532227e-01,3.929385840892791748e-01,4.451262652873992920e-01,5.008730292320251465e-01,5.569832324981689453e-01,6.129889488220214844e-01,nan,nan,nan,nan,8.859940767288208008e-01
-2.325310707092285156e-01,-1.749767214059829712e-01,-1.170973330736160278e-01,-5.886212736368179321e-02,-6.777676753699779510e-04,5.696354806423187256e-02,1.151041239500045776e-01,1.723531484603881836e-01,2.286712527275085449e-01,2.856147587299346924e-01,3.389401435852050781e-01,nan,4.450599551200866699e-01,nan,5.578393936157226562e-01,6.139909625053405762e-01,nan,nan,nan,nan,nan
-2.326794713735580444e-01,-1.750293970108032227e-01,-1.169700399041175842e-01,-5.868854373693466187e-02,-7.546838023699820042e-04,5.704476684331893921e-02,1.153850778937339783e-01,nan,2.280430942773818970e-01,2.845550477504730225e-01,nan,3.894330859184265137e-01,4.456177353858947754e-01,5.021291375160217285e-01,5.587095618247985840e-01,6.141661405563354492e-01,nan,nan,nan,nan,nan
-2.328622043132781982e-01,-1.749924272298812866e-01,-1.168318837881088257e-01,-5.859050899744033813e-02,nan,5.726425349712371826e-02,1.155413836240768433e-01,1.713312566280364990e-01,nan,2.832526862621307373e-01,nan,nan,4.461559355258941650e-01,5.029338002204895020e-01,5.595677495002746582e-01,6.150155663490295410e-01,nan,nan,nan,nan,nan
-2.329128682613372803e-01,-1.748726218938827515e-01,-1.167202517390251160e-01,-5.868972092866897583e-02,-8.355333120562136173e-04,5.751353502273559570e-02,1.149606108665466309e-01,1.708869487047195435e-01,2.273225188255310059e-01,2.815508544445037842e-01,3.330190777778625488e-01,3.895851075649261475e-01,4.466968774795532227e-01,5.036486387252807617e-01,5.603067278861999512e-01,6.158832311630249023e-01,nan,nan,nan,nan,nan
-2.328881770372390747e-01,-1.747509986162185669e-01,-1.166814044117927551e-01,-5.889218300580978394e-02,-6.601290078833699226e-04,5.772710219025611877e-02,1.148284375667572021e-01,1.705635040998458862e-01,2.266096323728561401e-01,2.796245217323303223e-01,3.334960639476776123e-01,3.899403810501098633e-01,4.470916390419006348e-01,5.044147968292236328e-01,nan,6.166552305221557617e-01,nan,nan,nan,nan,nan
-2.328022867441177368e-01,-1.746557354927062988e-01,-1.168390512466430664e-01,-5.889444053173065186e-02,-4.629311733879148960e-04,5.759014934301376343e-02,1.140905991196632385e-01,1.699867397546768188e-01,2.250042557716369629e-01,2.767856419086456299e-01,3.334564268589019775e-01,3.903699815273284912e-01,4.475591480731964111e-01,5.050141811370849609e-01,5.611090660095214844e-01,6.174408197402954102e-01,nan,nan,nan,nan,nan
