# 1st dimension: Re = np.logspace(np.log10(1.4e6), np.log10(1.05e7), 20); 2nd dimension: alpha = np.arange(-5., 5.5, .5)
-5.556685924530029297e-01,-5.048905611038208008e-01,-4.530344009399414062e-01,-4.023985564708709717e-01,-3.497130274772644043e-01,-2.916261851787567139e-01,-2.336308062076568604e-01,-1.762468516826629639e-01,-1.172964498400688171e-01,-5.887012928724288940e-02,-1.362893548018107026e-10,5.887012928724288940e-02,1.172964423894882202e-01,1.762468367815017700e-01,2.336307764053344727e-01,2.916261255741119385e-01,3.497129380702972412e-01,4.023983478546142578e-01,4.530339241027832031e-01,5.048897266387939453e-01,5.556671619415283203e-01
-5.569185614585876465e-01,-5.045846104621887207e-01,-4.526595771312713623e-01,-4.006792008876800537e-01,-3.488881886005401611e-01,-2.914893925189971924e-01,-2.340365797281265259e-01,-1.763954162597656250e-01,-1.174780130386352539e-01,-5.851416662335395813e-02,-4.800082997746812907e-09,5.851416289806365967e-02,1.174780130386352539e-01,1.763954013586044312e-01,2.340365499258041382e-01,2.914893329143524170e-01,3.488880991935729980e-01,4.006789326667785645e-01,4.526590406894683838e-01,5.045837759971618652e-01,5.569171905517578125e-01
-5.580855607986450195e-01,-5.048873424530029297e-01,-4.521961212158203125e-01,-3.991980254650115967e-01,-3.471461236476898193e-01,-2.919161915779113770e-01,-2.340965420007705688e-01,-1.759628951549530029e-01,-1.176087334752082825e-01,-5.830718204379081726e-02,nan,5.830717831850051880e-02,1.176087334752082825e-01,1.759628951549530029e-01,2.340965121984481812e-01,2.919161319732666016e-01,3.471460044384002686e-01,3.991977274417877197e-01,4.521955847740173340e-01,5.048864483833312988e-01,5.580841898918151855e-01
-5.592274069786071777e-01,-5.048669576644897461e-01,-4.523101449012756348e-01,-3.984089493751525879e-01,nan,nan,-2.338363975286483765e-01,-1.758750826120376587e-01,-1.176476106047630310e-01,-5.853385105729103088e-02,1.091119993361644447e-04,5.853384360671043396e-02,1.176476031541824341e-01,1.758750677108764648e-01,2.338363677263259888e-01,nan,nan,3.984086811542510986e-01,4.523096084594726562e-01,5.048660635948181152e-01,5.592260956764221191e-01
-5.603754520416259766e-01,-5.057851076126098633e-01,-4.517828524112701416e-01,-3.979745507240295410e-01,nan,-2.901389002799987793e-01,-2.339992076158523560e-01,-1.758321523666381836e-01,-1.174352914094924927e-01,-5.875325202941894531e-02,nan,5.875324830412864685e-02,1.174352839589118958e-01,1.758321523666381836e-01,2.339991778135299683e-01,2.901388406753540039e-01,nan,3.979742228984832764e-01,4.517823159694671631e-01,5.057842135429382324e-01,5.603742599487304688e-01
-5.617057085037231445e-01,-5.067142248153686523e-01,-4.518828392028808594e-01,-3.972508907318115234e-01,-3.432114124298095703e-01,-2.887438833713531494e-01,-2.340096086263656616e-01,-1.753234416246414185e-01,-1.171580329537391663e-01,-5.892765522003173828e-02,nan,5.892765149474143982e-02,1.171580255031585693e-01,1.753234267234802246e-01,2.340095788240432739e-01,2.887438237667083740e-01,3.432112336158752441e-01,3.972505629062652588e-01,4.518823027610778809e-01,5.067133903503417969e-01,5.617045760154724121e-01
-5.630303025245666504e-01,-5.074663162231445312e-01,-4.515635669231414795e-01,-3.974495530128479004e-01,-3.423870503902435303e-01,-2.873958349227905273e-01,-2.321497499942779541e-01,-1.752913594245910645e-01,-1.173127293586730957e-01,-5.892776325345039368e-02,-6.842435104772448540e-04,5.892775952816009521e-02,1.173127219080924988e-01,1.752913445234298706e-01,2.321497052907943726e-01,2.873957455158233643e-01,3.423868715763092041e-01,3.974492251873016357e-01,4.515630006790161133e-01,5.074655413627624512e-01,5.630292296409606934e-01
-5.643110275268554688e-01,-5.082474946975708008e-01,-4.522884190082550049e-01,-3.969027400016784668e-01,-3.424041569232940674e-01,-2.863287925720214844e-01,-2.308007031679153442e-01,-1.754508018493652344e-01,-1.173102036118507385e-01,-5.869786068797111511e-02,-5.898306287832610906e-09,5.869785696268081665e-02,1.173101961612701416e-01,1.754507869482040405e-01,2.308006584644317627e-01,2.863286733627319336e-01,3.424039483070373535e-01,3.969023823738098145e-01,4.522878825664520264e-01,5.082467198371887207e-01,5.643100142478942871e-01
-5.654818415641784668e-01,-5.091326236724853516e-01,-4.529795348644256592e-01,-3.973607122898101807e-01,-3.416065871715545654e-01,-2.858838140964508057e-01,-2.295689880847930908e-01,nan,-1.168342158198356628e-01,-5.858837068080902100e-02,4.136096976026237826e-08,5.858836695551872253e-02,1.168342083692550659e-01,nan,2.295689433813095093e-01,2.858836948871612549e-01,3.416063785552978516e-01,3.973603844642639160e-01,4.529790282249450684e-01,5.091319084167480469e-01,5.654808878898620605e-01
-5.665490031242370605e-01,-5.101025700569152832e-01,-4.536699056625366211e-01,-3.970932960510253906e-01,-3.416873216629028320e-01,-2.852873802185058594e-01,-2.288156598806381226e-01,-1.735705733299255371e-01,nan,-5.863765999674797058e-02,3.074385190870998485e-08,5.863765999674797058e-02,nan,1.735705584287643433e-01,2.288155853748321533e-01,2.852872610092163086e-01,3.416871130466461182e-01,3.970929384231567383e-01,4.536693990230560303e-01,5.101019144058227539e-01,5.665481090545654297e-01
-5.675054788589477539e-01,-5.111123919486999512e-01,-4.543833136558532715e-01,-3.976210057735443115e-01,-3.411455154418945312e-01,-2.847927212715148926e-01,-2.285653948783874512e-01,nan,-1.165027543902397156e-01,-5.844362452626228333e-02,5.936273694828742009e-09,5.844362080097198486e-02,1.165027469396591187e-01,nan,2.285653203725814819e-01,2.847925722599029541e-01,3.411453068256378174e-01,3.976206779479980469e-01,4.543828368186950684e-01,5.111117959022521973e-01,5.675046443939208984e-01
-5.674430131912231445e-01,-5.121328234672546387e-01,-4.551347792148590088e-01,-3.980658948421478271e-01,-3.415670990943908691e-01,-2.847648262977600098e-01,-2.278994619846343994e-01,nan,nan,-5.829116702079772949e-02,-1.357462142692611451e-08,5.829116702079772949e-02,nan,nan,2.278993874788284302e-01,2.847647070884704590e-01,3.415668904781341553e-01,3.980655670166015625e-01,4.551343619823455811e-01,5.121322274208068848e-01,5.674422383308410645e-01
-5.677894353866577148e-01,-5.130633115768432617e-01,-4.558864831924438477e-01,-3.985297381877899170e-01,-3.412194550037384033e-01,-2.843863964080810547e-01,-2.276871055364608765e-01,nan,-1.139434203505516052e-01,-5.843318253755569458e-02,-6.012727027382425149e-08,5.843318253755569458e-02,1.139434128999710083e-01,nan,2.276870310306549072e-01,2.843862771987915039e-01,3.412192463874816895e-01,3.985294103622436523e-01,4.558860659599304199e-01,5.130627751350402832e-01,5.677886009216308594e-01
-5.683328509330749512e-01,nan,-4.566116929054260254e-01,-3.990694880485534668e-01,-3.416491448879241943e-01,nan,-2.274493724107742310e-01,-1.699701398611068726e-01,-1.134802177548408508e-01,-5.685015022754669189e-02,3.429889616768377891e-08,5.685015022754669189e-02,1.134802028536796570e-01,1.699700951576232910e-01,2.274492979049682617e-01,nan,3.416489362716674805e-01,3.990691900253295898e-01,4.566113054752349854e-01,nan,5.683320164680480957e-01
-5.692862272262573242e-01,-5.146909952163696289e-01,-4.573260247707366943e-01,-3.996725380420684814e-01,-3.421074450016021729e-01,-2.844749689102172852e-01,-2.271560430526733398e-01,-1.698025614023208618e-01,-1.128289923071861267e-01,-5.578510463237762451e-02,-9.486585739182373800e-09,nan,1.128289625048637390e-01,1.698025166988372803e-01,2.271559536457061768e-01,2.844748198986053467e-01,3.421072363853454590e-01,3.996722698211669922e-01,4.573256671428680420e-01,5.146905183792114258e-01,5.692854523658752441e-01
-5.702354907989501953e-01,-5.153842568397521973e-01,-4.580068886280059814e-01,-4.003183841705322266e-01,-3.425965011119842529e-01,-2.848148941993713379e-01,-2.271812856197357178e-01,-1.696328669786453247e-01,-1.124393194913864136e-01,-5.537137016654014587e-02,-3.496156253390836355e-08,5.537136644124984741e-02,1.124392971396446228e-01,1.696328222751617432e-01,2.271812111139297485e-01,2.848147451877593994e-01,3.425963222980499268e-01,4.003181457519531250e-01,4.580065608024597168e-01,5.153838396072387695e-01,nan
nan,nan,nan,-4.009917378425598145e-01,-3.430979549884796143e-01,-2.851187288761138916e-01,-2.269768416881561279e-01,-1.696461290121078491e-01,nan,nan,-2.503395251096662832e-07,nan,nan,1.696460843086242676e-01,2.269767522811889648e-01,2.851186096668243408e-01,3.430977761745452881e-01,4.009914696216583252e-01,nan,nan,nan
nan,-5.156041979789733887e-01,-4.593313634395599365e-01,-4.016323685646057129e-01,-3.435947000980377197e-01,-2.854180932044982910e-01,-2.272497415542602539e-01,-1.697316020727157593e-01,-1.117972657084465027e-01,-5.428513139486312866e-02,-1.133723159796318214e-08,5.428512394428253174e-02,1.117972433567047119e-01,1.697315573692321777e-01,2.272496670484542847e-01,2.854179739952087402e-01,3.435945212841033936e-01,4.016321301460266113e-01,4.593310654163360596e-01,5.156037807464599609e-01,nan
nan,-5.161564350128173828e-01,-4.599933326244354248e-01,-4.022019803524017334e-01,-3.440728783607482910e-01,-2.857648730278015137e-01,-2.276684194803237915e-01,nan,-1.119220852851867676e-01,-5.529709905385971069e-02,nan,nan,1.119220554828643799e-01,nan,2.276683449745178223e-01,2.857647538185119629e-01,3.440727293491363525e-01,4.022017717361450195e-01,4.599930346012115479e-01,5.161560177803039551e-01,nan
nan,-5.167309641838073730e-01,-4.605832099914550781e-01,nan,-3.445298075675964355e-01,-2.861464619636535645e-01,-2.281334102153778076e-01,-1.697730422019958496e-01,-1.120640486478805542e-01,-5.585896968841552734e-02,1.853218201119943842e-08,5.585896596312522888e-02,1.120640262961387634e-01,1.697729974985122681e-01,2.281333357095718384e-01,2.861463725566864014e-01,3.445296585559844971e-01,nan,4.605829417705535889e-01,5.167305469512939453e-01,5.737106800079345703e-01
