# 1st dimension: Re = np.logspace(np.log10(1.4e6), np.log10(1.05e7), 20); 2nd dimension: alpha = np.arange(-5., 5.5, .5)
nan,nan,-3.130416572093963623e-01,-2.535424530506134033e-01,-1.941767036914825439e-01,-1.344914585351943970e-01,-7.453099638223648071e-02,-1.432859245687723160e-02,4.544160515069961548e-02,1.051875129342079163e-01,1.642579585313796997e-01,nan,2.808544337749481201e-01,3.397337794303894043e-01,3.976182639598846436e-01,4.556499123573303223e-01,5.131917595863342285e-01,5.703358650207519531e-01,6.274009943008422852e-01,6.839845180511474609e-01,7.401033639907836914e-01
nan,nan,-3.105168938636779785e-01,-2.520701289176940918e-01,-1.929944753646850586e-01,-1.329354643821716309e-01,-7.310948520898818970e-02,-1.318102516233921051e-02,4.671328887343406677e-02,1.063416153192520142e-01,1.620826721191406250e-01,2.228862196207046509e-01,2.821549475193023682e-01,nan,nan,4.567348062992095947e-01,5.145223140716552734e-01,5.722072124481201172e-01,6.294490694999694824e-01,6.862925291061401367e-01,7.425462603569030762e-01
-4.204372465610504150e-01,-3.656430244445800781e-01,-3.091292381286621094e-01,-2.510762214660644531e-01,-1.915748119354248047e-01,-1.317412555217742920e-01,-7.192815095186233521e-02,-1.221310999244451523e-02,4.773866385221481323e-02,1.073579639196395874e-01,1.644268035888671875e-01,nan,2.826524376869201660e-01,3.412032425403594971e-01,3.997194766998291016e-01,4.580008387565612793e-01,5.161761045455932617e-01,5.739673376083374023e-01,6.314019560813903809e-01,6.884318590164184570e-01,7.448436021804809570e-01
-4.194290637969970703e-01,-3.642463982105255127e-01,-3.075546622276306152e-01,-2.494695186614990234e-01,-1.902133077383041382e-01,-1.308985650539398193e-01,-7.097181677818298340e-02,-1.133145764470100403e-02,4.856641218066215515e-02,1.066104397177696228e-01,nan,2.244224697351455688e-01,2.833495736122131348e-01,3.421483635902404785e-01,4.009293913841247559e-01,4.594964087009429932e-01,5.177569985389709473e-01,5.756459832191467285e-01,6.332418918609619141e-01,6.903971433639526367e-01,7.468703985214233398e-01
-4.188764989376068115e-01,-3.627161681652069092e-01,-3.057573139667510986e-01,-2.481995373964309692e-01,-1.894371360540390015e-01,-1.301419436931610107e-01,-7.020247727632522583e-02,-1.047566626220941544e-02,4.931351169943809509e-02,1.057407408952713013e-01,1.659601181745529175e-01,2.251369059085845947e-01,2.842091619968414307e-01,3.433046340942382812e-01,4.022086262702941895e-01,4.608997702598571777e-01,5.192644596099853516e-01,5.772463083267211914e-01,6.349784731864929199e-01,6.921704411506652832e-01,7.482892870903015137e-01
-4.173505306243896484e-01,-3.612014055252075195e-01,nan,-2.467495054006576538e-01,-1.885973066091537476e-01,-1.291745901107788086e-01,-6.957414001226425171e-02,-9.650171734392642975e-03,4.894071072340011597e-02,1.069989874958992004e-01,1.666916906833648682e-01,2.259798645973205566e-01,2.852413654327392578e-01,3.444202840328216553e-01,4.034160673618316650e-01,4.622117578983306885e-01,5.206943154335021973e-01,5.787789225578308105e-01,6.365804076194763184e-01,6.937310695648193359e-01,7.446498870849609375e-01
-4.168487489223480225e-01,-3.604443371295928955e-01,nan,-2.458353191614151001e-01,-1.874648630619049072e-01,-1.284144073724746704e-01,-6.897287815809249878e-02,-8.983351290225982666e-03,4.855658486485481262e-02,nan,1.674836128950119019e-01,2.269417792558670044e-01,2.862456142902374268e-01,3.454912602901458740e-01,4.045604765415191650e-01,4.634624421596527100e-01,5.220307707786560059e-01,5.802136659622192383e-01,6.380684971809387207e-01,6.935397386550903320e-01,7.431664466857910156e-01
-4.161937534809112549e-01,-3.599999248981475830e-01,-3.022038936614990234e-01,-2.447533905506134033e-01,-1.862759590148925781e-01,-1.277945786714553833e-01,-6.829278171062469482e-02,-9.374257177114486694e-03,4.881109669804573059e-02,1.086560413241386414e-01,1.682961881160736084e-01,2.278399169445037842e-01,2.872273325920104980e-01,3.465195298194885254e-01,4.056651592254638672e-01,4.646494686603546143e-01,5.232408046722412109e-01,5.815706253051757812e-01,6.393489837646484375e-01,nan,7.420547604560852051e-01
-4.151737987995147705e-01,-3.588846623897552490e-01,-3.013306558132171631e-01,-2.434877753257751465e-01,-1.855861693620681763e-01,-1.266942024230957031e-01,-6.748051941394805908e-02,-9.477941319346427917e-03,4.973406344652175903e-02,1.094188466668128967e-01,1.690763384103775024e-01,2.286850064992904663e-01,2.881804406642913818e-01,3.475091755390167236e-01,4.067366123199462891e-01,4.657708704471588135e-01,5.244006514549255371e-01,5.828078985214233398e-01,6.378784775733947754e-01,6.885552406311035156e-01,7.431113123893737793e-01
-4.147512912750244141e-01,-3.586262166500091553e-01,nan,-2.428455352783203125e-01,-1.845300644636154175e-01,-1.256176233291625977e-01,-6.789061427116394043e-02,-9.398432448506355286e-03,5.042068660259246826e-02,1.101742014288902283e-01,nan,2.294991463422775269e-01,2.890793681144714355e-01,3.484688699245452881e-01,4.077494144439697266e-01,4.668119251728057861e-01,5.255014300346374512e-01,5.837841629981994629e-01,6.365659832954406738e-01,6.893617510795593262e-01,7.412456870079040527e-01
-4.142894446849822998e-01,-3.578234910964965820e-01,-3.000479638576507568e-01,-2.418572008609771729e-01,-1.835182905197143555e-01,-1.249941363930702209e-01,-6.739294528961181641e-02,-8.622228167951107025e-03,5.101617425680160522e-02,1.108711510896682739e-01,1.705871075391769409e-01,2.302877753973007202e-01,2.899201214313507080e-01,3.493872880935668945e-01,4.087029993534088135e-01,4.678004682064056396e-01,5.265153050422668457e-01,5.814190506935119629e-01,6.345067024230957031e-01,6.878985166549682617e-01,7.401257157325744629e-01
-4.144473969936370850e-01,-3.572889566421508789e-01,-2.997105121612548828e-01,-2.415537983179092407e-01,-1.829547137022018433e-01,-1.250132471323013306e-01,-6.688164174556732178e-02,-7.995978929102420807e-03,5.159868672490119934e-02,1.115088686347007751e-01,1.713425666093826294e-01,2.310574352741241455e-01,2.907014191150665283e-01,3.502611815929412842e-01,4.096158444881439209e-01,4.687409400939941406e-01,nan,5.803734660148620605e-01,nan,nan,7.413288950920104980e-01
-4.145766198635101318e-01,-3.566141724586486816e-01,-2.991074025630950928e-01,-2.407883703708648682e-01,-1.820401996374130249e-01,-1.243711784482002258e-01,-6.629834324121475220e-02,-7.194148842245340347e-03,5.231983214616775513e-02,1.121002510190010071e-01,1.720330864191055298e-01,2.318076044321060181e-01,2.914561927318572998e-01,3.510720729827880859e-01,4.104972779750823975e-01,4.696077704429626465e-01,5.250422358512878418e-01,5.794704556465148926e-01,6.338472962379455566e-01,6.875786185264587402e-01,7.426727414131164551e-01
-4.147048890590667725e-01,-3.565154075622558594e-01,-2.985220849514007568e-01,-2.403239607810974121e-01,-1.825636923313140869e-01,-1.241769269108772278e-01,-6.535887718200683594e-02,-6.277720443904399872e-03,5.296685174107551575e-02,1.126757040619850159e-01,1.726618260145187378e-01,2.325376421213150024e-01,2.921859920024871826e-01,3.518318831920623779e-01,4.113433361053466797e-01,4.702493250370025635e-01,5.233464241027832031e-01,5.796391963958740234e-01,6.350389122962951660e-01,6.887494325637817383e-01,7.440004348754882812e-01
-4.148672521114349365e-01,-3.565602004528045654e-01,-2.985166609287261963e-01,-2.399457544088363647e-01,-1.821367889642715454e-01,-1.234823390841484070e-01,-6.446207314729690552e-02,-5.614191293716430664e-03,5.355265364050865173e-02,1.133433356881141663e-01,1.732565760612487793e-01,2.331988513469696045e-01,2.929206788539886475e-01,3.525555133819580078e-01,4.121407568454742432e-01,4.676854312419891357e-01,5.236160755157470703e-01,5.789872407913208008e-01,6.340094804763793945e-01,6.898584961891174316e-01,7.455019950866699219e-01
-4.150702953338623047e-01,-3.566008806228637695e-01,-2.977850735187530518e-01,-2.400706410408020020e-01,-1.819018572568893433e-01,-1.231860965490341187e-01,-6.390100717544555664e-02,-4.789275582879781723e-03,5.458003282546997070e-02,1.140117198228836060e-01,1.738371402025222778e-01,2.338023781776428223e-01,2.936300933361053467e-01,3.532569110393524170e-01,4.128541648387908936e-01,4.661993682384490967e-01,5.228073000907897949e-01,5.784397721290588379e-01,6.350100040435791016e-01,6.910780668258666992e-01,7.471648454666137695e-01
-4.153181314468383789e-01,-3.566629886627197266e-01,-2.977813184261322021e-01,nan,-1.816356629133224487e-01,-1.225812658667564392e-01,-6.326396763324737549e-02,-4.143227357417345047e-03,5.535667762160301208e-02,nan,1.744576692581176758e-01,nan,2.942649722099304199e-01,3.539420664310455322e-01,4.133740961551666260e-01,4.666934609413146973e-01,5.232691168785095215e-01,5.792705416679382324e-01,6.359941363334655762e-01,6.924759149551391602e-01,7.488753199577331543e-01
-4.155848622322082520e-01,-3.567697107791900635e-01,-2.984429001808166504e-01,-2.397780716419219971e-01,-1.810974925756454468e-01,-1.221517994999885559e-01,nan,nan,nan,1.153616383671760559e-01,1.751367449760437012e-01,2.349191308021545410e-01,2.948500216007232666e-01,3.546245694160461426e-01,4.089869260787963867e-01,4.659393429756164551e-01,5.227295160293579102e-01,5.801221132278442383e-01,6.370827555656433105e-01,6.939548254013061523e-01,7.505670189857482910e-01
-4.158607721328735352e-01,nan,-2.986730635166168213e-01,-2.397987693548202515e-01,nan,-1.217420250177383423e-01,-6.231459602713584900e-02,-2.888580551370978355e-03,5.670042335987091064e-02,1.162164807319641113e-01,1.756548136472702026e-01,2.355034798383712769e-01,2.954031527042388916e-01,3.551735877990722656e-01,4.084548354148864746e-01,4.667669236660003662e-01,5.235280394554138184e-01,5.809977054595947266e-01,6.382930278778076172e-01,6.954303979873657227e-01,7.522299289703369141e-01
-4.161370992660522461e-01,-3.578425049781799316e-01,-2.988183796405792236e-01,-2.397611588239669800e-01,-1.804670393466949463e-01,-1.212675273418426514e-01,-6.196490675210952759e-02,nan,5.720669776201248169e-02,1.169219389557838440e-01,nan,2.360987663269042969e-01,2.958850562572479248e-01,3.508287966251373291e-01,4.087525606155395508e-01,4.662682414054870605e-01,5.242641568183898926e-01,5.819590687751770020e-01,6.395481228828430176e-01,6.968766450881958008e-01,7.538130879402160645e-01
