# 1st dimension: Re = np.logspace(np.log10(1.4e6), np.log10(1.05e7), 20); 2nd dimension: alpha = np.arange(-5., 5.5, .5)
-1.378716677427291870e-01,-8.529265969991683960e-02,-3.199326619505882263e-02,1.681547053158283234e-02,5.832789465785026550e-02,nan,1.608536839485168457e-01,2.153306752443313599e-01,2.698285877704620361e-01,3.239134848117828369e-01,3.768000602722167969e-01,4.290315806865692139e-01,4.784607291221618652e-01,5.078439116477966309e-01,5.436358451843261719e-01,5.647121071815490723e-01,4.989139437675476074e-01,5.509014725685119629e-01,6.030286550521850586e-01,6.534727215766906738e-01,7.053647041320800781e-01
-1.379423141479492188e-01,-8.547861874103546143e-02,-3.298484161496162415e-02,1.355814188718795776e-02,5.805968120694160461e-02,1.094940602779388428e-01,1.642266660928726196e-01,2.189903706312179565e-01,2.741510272026062012e-01,3.286310434341430664e-01,3.819391131401062012e-01,4.344033002853393555e-01,4.841668009757995605e-01,5.090306401252746582e-01,5.401946306228637695e-01,5.666691064834594727e-01,5.022064447402954102e-01,5.543483495712280273e-01,6.065996885299682617e-01,6.576951146125793457e-01,7.091421484947204590e-01
nan,nan,nan,nan,nan,nan,nan,nan,nan,nan,nan,nan,nan,nan,nan,nan,nan,nan,nan,nan,7.128058075904846191e-01
-1.387795060873031616e-01,nan,nan,nan,nan,nan,nan,nan,nan,nan,nan,4.440816640853881836e-01,4.903041422367095947e-01,5.029824972152709961e-01,5.391341447830200195e-01,5.803511738777160645e-01,6.229577660560607910e-01,5.606151819229125977e-01,6.131830215454101562e-01,6.655250787734985352e-01,7.164919972419738770e-01
nan,nan,nan,nan,nan,nan,nan,nan,nan,nan,nan,nan,nan,nan,nan,nan,nan,nan,nan,6.685891747474670410e-01,7.201626896858215332e-01
-1.408574134111404419e-01,-9.056589752435684204e-02,-4.168427363038063049e-02,9.771069511771202087e-03,6.467202305793762207e-02,1.210658103227615356e-01,1.774019300937652588e-01,2.335859090089797974e-01,2.896316945552825928e-01,3.462108075618743896e-01,4.005548059940338135e-01,4.496321976184844971e-01,4.627180099487304688e-01,5.003159046173095703e-01,5.454242229461669922e-01,nan,nan,nan,nan,nan,nan
nan,nan,nan,nan,nan,nan,nan,nan,nan,nan,nan,nan,nan,nan,nan,nan,nan,nan,nan,nan,nan
-1.459955722093582153e-01,-9.512650221586227417e-02,-4.176903143525123596e-02,1.257834490388631821e-02,6.905515491962432861e-02,1.258406490087509155e-01,nan,nan,nan,nan,nan,4.455110728740692139e-01,4.576103985309600830e-01,5.034766197204589844e-01,nan,6.093637347221374512e-01,6.615441441535949707e-01,7.129477262496948242e-01,7.581357359886169434e-01,6.760101914405822754e-01,7.283050417900085449e-01
nan,nan,nan,nan,nan,nan,nan,nan,nan,nan,nan,nan,nan,nan,nan,nan,nan,nan,nan,nan,nan
nan,nan,nan,nan,nan,nan,nan,nan,nan,nan,nan,nan,nan,nan,nan,6.202749609947204590e-01,6.733030080795288086e-01,7.251302599906921387e-01,7.759387493133544922e-01,8.174828290939331055e-01,7.312371134757995605e-01
-1.512426882982254028e-01,nan,nan,nan,nan,nan,nan,nan,nan,nan,nan,4.491732120513916016e-01,4.934094548225402832e-01,nan,5.694431066513061523e-01,6.245778799057006836e-01,6.784141063690185547e-01,7.303332686424255371e-01,7.816794514656066895e-01,8.236691951751708984e-01,7.294265031814575195e-01
nan,nan,nan,nan,nan,nan,nan,nan,nan,nan,nan,nan,nan,nan,nan,6.282706260681152344e-01,6.830284595489501953e-01,7.351485490798950195e-01,7.860026359558105469e-01,6.811154484748840332e-01,7.262492775917053223e-01
nan,nan,nan,nan,nan,nan,nan,nan,nan,nan,nan,nan,nan,nan,nan,nan,nan,nan,nan,nan,nan
-1.508196592330932617e-01,-9.438265860080718994e-02,nan,nan,7.950047403573989868e-02,1.376460343599319458e-01,nan,2.499403506517410278e-01,3.002416491508483887e-01,3.528483510017395020e-01,4.069004058837890625e-01,4.597388803958892822e-01,5.141447186470031738e-01,5.657321810722351074e-01,5.829384922981262207e-01,6.361183524131774902e-01,6.902419328689575195e-01,7.430008053779602051e-01,7.787486314773559570e-01,6.753154397010803223e-01,7.231277823448181152e-01
nan,nan,nan,nan,nan,nan,nan,nan,nan,nan,nan,nan,5.190910100936889648e-01,5.731267333030700684e-01,5.872969031333923340e-01,6.399404406547546387e-01,6.931631565093994141e-01,7.408257126808166504e-01,7.710437178611755371e-01,6.731371283531188965e-01,7.237325906753540039e-01
-1.497499644756317139e-01,nan,-3.487150371074676514e-02,nan,nan,nan,nan,nan,nan,nan,nan,4.688172936439514160e-01,5.239015221595764160e-01,5.790268182754516602e-01,6.294803023338317871e-01,6.435780525207519531e-01,6.952309608459472656e-01,7.335222363471984863e-01,7.700730562210083008e-01,nan,nan
nan,nan,nan,nan,nan,nan,nan,nan,nan,nan,nan,4.729340076446533203e-01,5.285236835479736328e-01,5.836756229400634766e-01,6.363460421562194824e-01,nan,nan,nan,nan,nan,7.265527844429016113e-01
nan,-9.108742326498031616e-02,-3.298393264412879944e-02,2.552911266684532166e-02,8.426012098789215088e-02,1.398441791534423828e-01,1.922106742858886719e-01,2.482163608074188232e-01,3.054910898208618164e-01,3.622713685035705566e-01,nan,nan,nan,nan,5.985285043716430664e-01,6.477041840553283691e-01,6.850662827491760254e-01,7.285326123237609863e-01,7.784962058067321777e-01,nan,7.279111146926879883e-01
nan,nan,nan,nan,nan,nan,nan,nan,nan,nan,nan,nan,nan,nan,nan,nan,nan,nan,nan,nan,nan
nan,nan,nan,nan,nan,nan,nan,nan,nan,nan,nan,nan,nan,nan,nan,nan,nan,nan,nan,nan,nan
