# 1st dimension: Re = np.logspace(np.log10(1.4e6), np.log10(1.05e7), 20); 2nd dimension: alpha = np.arange(-5., 5.5, .5)
-3.658686876296997070e-01,-3.249438107013702393e-01,-2.847809791564941406e-01,-2.390713691711425781e-01,-1.809701621532440186e-01,-1.210192218422889709e-01,-6.237254664301872253e-02,-2.607108559459447861e-03,5.708079040050506592e-02,1.161789298057556152e-01,1.748593002557754517e-01,2.337128371000289917e-01,2.930199801921844482e-01,3.525713682174682617e-01,4.120439887046813965e-01,4.708821773529052734e-01,5.265114307403564453e-01,5.843706727027893066e-01,6.377480030059814453e-01,6.706105470657348633e-01,6.956514120101928711e-01
-3.674448430538177490e-01,-3.235800564289093018e-01,-2.812468707561492920e-01,-2.372491806745529175e-01,-1.807569861412048340e-01,-1.209066510200500488e-01,-6.180100888013839722e-02,-2.448205836117267609e-03,5.702210962772369385e-02,1.162228435277938843e-01,1.753542572259902954e-01,2.346445769071578979e-01,2.942456305027008057e-01,3.538545072078704834e-01,4.132424890995025635e-01,4.711049199104309082e-01,5.281773805618286133e-01,5.831633210182189941e-01,6.336603164672851562e-01,6.637684106826782227e-01,6.888960003852844238e-01
-3.697865903377532959e-01,-3.228646218776702881e-01,-2.794550061225891113e-01,-2.340114116668701172e-01,-1.801167726516723633e-01,-1.207951083779335022e-01,-6.120991706848144531e-02,-2.417865209281444550e-03,5.686685442924499512e-02,1.162872910499572754e-01,1.759168207645416260e-01,2.357607185840606689e-01,2.954786717891693115e-01,3.550948798656463623e-01,4.141386747360229492e-01,4.707800447940826416e-01,5.289105772972106934e-01,5.838212370872497559e-01,6.272063255310058594e-01,6.571222543716430664e-01,6.822956800460815430e-01
-3.720014989376068115e-01,-3.220334351062774658e-01,-2.773769497871398926e-01,-2.299727201461791992e-01,-1.792198866605758667e-01,-1.207346022129058838e-01,-6.102686375379562378e-02,-2.395927673205733299e-03,5.686077475547790527e-02,1.164652109146118164e-01,1.766522824764251709e-01,2.367637902498245239e-01,2.966570258140563965e-01,3.561470508575439453e-01,4.145398139953613281e-01,4.719677567481994629e-01,5.276209712028503418e-01,5.831836462020874023e-01,6.201015710830688477e-01,6.516042351722717285e-01,6.821185350418090820e-01
-3.737953305244445801e-01,-3.230958282947540283e-01,-2.761941254138946533e-01,-2.273591458797454834e-01,-1.781336069107055664e-01,-1.206900328397750854e-01,-6.121664494276046753e-02,-2.161122625693678856e-03,5.703251436352729797e-02,1.171137616038322449e-01,1.773823201656341553e-01,2.375895231962203979e-01,2.976663410663604736e-01,3.568939864635467529e-01,4.144917428493499756e-01,4.732130467891693115e-01,5.282613635063171387e-01,5.795822143554687500e-01,6.145791411399841309e-01,6.489050984382629395e-01,6.753360629081726074e-01
nan,-3.241186439990997314e-01,-2.748826742172241211e-01,-2.255070209503173828e-01,nan,-1.202273890376091003e-01,-6.130806729197502136e-02,-1.781355473212897778e-03,5.762383341789245605e-02,1.177946776151657104e-01,1.780971288681030273e-01,2.383830696344375610e-01,2.982501387596130371e-01,3.572215437889099121e-01,4.150097370147705078e-01,4.723838269710540771e-01,5.281812548637390137e-01,5.728796720504760742e-01,6.103345751762390137e-01,6.450762152671813965e-01,6.727496981620788574e-01
-3.783156275749206543e-01,-3.250654041767120361e-01,-2.732991874217987061e-01,-2.245178818702697754e-01,-1.727666556835174561e-01,-1.199386864900588989e-01,-6.124367192387580872e-02,-1.432508230209350586e-03,5.841483548283576965e-02,1.185192465782165527e-01,1.787852793931961060e-01,2.390767037868499756e-01,2.986283302307128906e-01,3.572490215301513672e-01,4.162822067737579346e-01,4.719164371490478516e-01,5.255504846572875977e-01,5.677334666252136230e-01,6.054585576057434082e-01,6.422786712646484375e-01,6.719004511833190918e-01
nan,-3.261460661888122559e-01,-2.736841142177581787e-01,-2.229980677366256714e-01,-1.710837483406066895e-01,-1.191665902733802795e-01,-6.085183471441268921e-02,-9.487902279943227768e-04,5.920175462961196899e-02,1.192518621683120728e-01,1.794559657573699951e-01,2.395000159740447998e-01,2.987515926361083984e-01,3.572993278503417969e-01,4.169907271862030029e-01,4.711152315139770508e-01,5.199135541915893555e-01,5.635532736778259277e-01,6.014730930328369141e-01,nan,6.686735749244689941e-01
nan,-3.273656964302062988e-01,-2.728492617607116699e-01,-2.228000909090042114e-01,-1.697683185338973999e-01,-1.170163378119468689e-01,-5.990255996584892273e-02,-4.249740159139037132e-04,5.992016941308975220e-02,1.199879422783851624e-01,1.801297217607498169e-01,2.396138608455657959e-01,2.988231480121612549e-01,3.582373857498168945e-01,4.151048958301544189e-01,4.684131741523742676e-01,5.156667232513427734e-01,5.601099729537963867e-01,nan,6.367921233177185059e-01,6.734048128128051758e-01
-3.839695751667022705e-01,-3.286858201026916504e-01,-2.738098800182342529e-01,-2.215940952301025391e-01,-1.683333367109298706e-01,nan,-5.936891585588455200e-02,2.133257221430540085e-04,6.043535098433494568e-02,1.206855773925781250e-01,1.807678788900375366e-01,2.396898567676544189e-01,2.989883720874786377e-01,3.589856028556823730e-01,4.151540398597717285e-01,4.635043740272521973e-01,5.126434564590454102e-01,5.575317144393920898e-01,5.975033640861511230e-01,6.394910216331481934e-01,6.775521636009216309e-01
-3.856502175331115723e-01,-3.300732076168060303e-01,-2.746536731719970703e-01,-2.207059413194656372e-01,-1.670335680246353149e-01,-1.130873709917068481e-01,-5.780354887247085571e-02,1.195553108118474483e-03,6.089373305439949036e-02,1.212968304753303528e-01,1.811758130788803101e-01,2.398958206176757812e-01,2.995735406875610352e-01,3.588435351848602295e-01,4.120691120624542236e-01,4.600197076797485352e-01,nan,5.536002516746520996e-01,5.966581702232360840e-01,6.373640298843383789e-01,6.816632151603698730e-01
-3.872916996479034424e-01,-3.314218819141387939e-01,-2.754279971122741699e-01,-2.205740958452224731e-01,-1.665711700916290283e-01,-1.112982779741287231e-01,-5.565680190920829773e-02,1.736119505949318409e-03,6.136765703558921814e-02,1.217826455831527710e-01,1.811324506998062134e-01,2.402325272560119629e-01,3.002811372280120850e-01,3.573861122131347656e-01,4.059060811996459961e-01,4.576684534549713135e-01,5.059138536453247070e-01,5.526474714279174805e-01,5.957382321357727051e-01,6.403539180755615234e-01,6.860253810882568359e-01
-3.888968825340270996e-01,-3.327121138572692871e-01,-2.761878967285156250e-01,-2.196487188339233398e-01,-1.653020679950714111e-01,-1.096466556191444397e-01,-5.356218293309211731e-02,2.694775816053152084e-03,6.207414343953132629e-02,1.220938786864280701e-01,1.811151802539825439e-01,2.408350259065628052e-01,3.007300794124603271e-01,3.550412654876708984e-01,4.023773074150085449e-01,nan,5.042777657508850098e-01,nan,5.949071645736694336e-01,6.431664824485778809e-01,6.905345916748046875e-01
-3.903935253620147705e-01,-3.338770866394042969e-01,-2.769432663917541504e-01,-2.199731469154357910e-01,nan,-1.086627990007400513e-01,-5.243368074297904968e-02,4.498573951423168182e-03,6.283208727836608887e-02,1.221945807337760925e-01,1.813235878944396973e-01,nan,2.991968393325805664e-01,3.512766659259796143e-01,4.003813862800598145e-01,4.518780112266540527e-01,5.034408569335937500e-01,5.483512282371520996e-01,5.965242385864257812e-01,6.460242867469787598e-01,6.949259638786315918e-01
-3.917331695556640625e-01,-3.349426388740539551e-01,-2.775968015193939209e-01,-2.202720344066619873e-01,-1.637482047080993652e-01,-1.078764125704765320e-01,nan,nan,6.318172067403793335e-02,1.220518201589584351e-01,1.816377192735671997e-01,2.420617938041687012e-01,nan,3.460379242897033691e-01,nan,4.509528577327728271e-01,nan,nan,5.986798405647277832e-01,6.491011977195739746e-01,6.991152167320251465e-01
-3.929547667503356934e-01,-3.359045386314392090e-01,-2.782483696937561035e-01,-2.205721586942672729e-01,-1.637547761201858521e-01,-1.071650013327598572e-01,-5.001805350184440613e-02,nan,nan,1.224898174405097961e-01,1.821234077215194702e-01,2.421106994152069092e-01,2.943749725818634033e-01,3.431257903575897217e-01,3.964251875877380371e-01,4.497880339622497559e-01,4.989375472068786621e-01,5.486792325973510742e-01,6.007592082023620605e-01,6.522709131240844727e-01,7.031129002571105957e-01
-3.940791189670562744e-01,-3.367362022399902344e-01,-2.788895964622497559e-01,-2.209102958440780640e-01,-1.630603522062301636e-01,-1.064814031124114990e-01,-4.956251010298728943e-02,8.590124547481536865e-03,6.598209589719772339e-02,nan,nan,2.405191659927368164e-01,2.908225655555725098e-01,3.418364226818084717e-01,3.955068588256835938e-01,nan,4.988622367382049561e-01,5.504516959190368652e-01,6.029724478721618652e-01,6.553914546966552734e-01,7.069006562232971191e-01
-3.950982689857482910e-01,-3.375306725502014160e-01,-2.795172333717346191e-01,-2.213031500577926636e-01,-1.632583290338516235e-01,-1.058437004685401917e-01,-4.875684157013893127e-02,9.293816983699798584e-03,6.694640964269638062e-02,1.238324642181396484e-01,nan,2.380518466234207153e-01,2.870248854160308838e-01,nan,3.947886824607849121e-01,4.468799829483032227e-01,nan,5.520769357681274414e-01,6.053389310836791992e-01,6.584028005599975586e-01,7.104178071022033691e-01
-3.960062265396118164e-01,-3.382847011089324951e-01,-2.801304459571838379e-01,-2.217356115579605103e-01,-1.634637266397476196e-01,-1.056030094623565674e-01,nan,nan,6.779352575540542603e-02,nan,1.834748238325119019e-01,2.328517287969589233e-01,2.852174043655395508e-01,3.388985693454742432e-01,nan,4.460627734661102295e-01,4.995743334293365479e-01,5.537359118461608887e-01,6.077429652214050293e-01,6.612978577613830566e-01,nan
-3.968698382377624512e-01,-3.390042483806610107e-01,-2.807277143001556396e-01,-2.221899479627609253e-01,-1.636858731508255005e-01,nan,-4.791688174009323120e-02,1.002586260437965393e-02,6.847683340311050415e-02,1.266200095415115356e-01,1.825027316808700562e-01,nan,2.830649018287658691e-01,3.389648199081420898e-01,3.927426636219024658e-01,nan,5.009057521820068359e-01,5.555217266082763672e-01,6.101015210151672363e-01,6.640751361846923828e-01,7.168852090835571289e-01
