# 1st dimension: Re = np.logspace(np.log10(1.4e6), np.log10(1.05e7), 20); 2nd dimension: alpha = np.arange(-5., 5.5, .5)
-3.880978226661682129e-01,-3.324043452739715576e-01,-2.795338630676269531e-01,-2.260823100805282593e-01,-1.717305630445480347e-01,-1.160435900092124939e-01,-5.980286002159118652e-02,-7.054517976939678192e-03,4.506691172719001770e-02,1.009487882256507874e-01,1.574203372001647949e-01,2.133525609970092773e-01,2.703337371349334717e-01,3.252962231636047363e-01,3.807417750358581543e-01,nan,4.742820262908935547e-01,5.217733979225158691e-01,5.698749423027038574e-01,6.180041432380676270e-01,6.611208319664001465e-01
-3.908125758171081543e-01,-3.355405628681182861e-01,-2.796573042869567871e-01,-2.266713678836822510e-01,-1.724357455968856812e-01,-1.167330294847488403e-01,-6.019419804215431213e-02,-5.973095539957284927e-03,4.631578922271728516e-02,1.010571420192718506e-01,1.571549028158187866e-01,2.141489237546920776e-01,2.700832784175872803e-01,3.263494074344635010e-01,3.791084289550781250e-01,4.252552092075347900e-01,4.731741845607757568e-01,5.212823152542114258e-01,5.718305706977844238e-01,6.222453713417053223e-01,6.672282814979553223e-01
-3.931098282337188721e-01,nan,-2.790723741054534912e-01,-2.266513556241989136e-01,-1.729383617639541626e-01,-1.172842383384704590e-01,-6.053242459893226624e-02,-5.482625216245651245e-03,4.798868298530578613e-02,1.015238389372825623e-01,1.573679149150848389e-01,2.141541540622711182e-01,2.704870104789733887e-01,3.267910778522491455e-01,3.746909797191619873e-01,4.235445261001586914e-01,4.722779095172882080e-01,5.218764543533325195e-01,5.741510987281799316e-01,6.256563067436218262e-01,6.734523177146911621e-01
-3.949120640754699707e-01,-3.398240506649017334e-01,nan,nan,-1.728818565607070923e-01,nan,-6.088184937834739685e-02,-5.024455487728118896e-03,4.928004369139671326e-02,1.019401028752326965e-01,1.576417237520217896e-01,2.140738219022750854e-01,2.712384760379791260e-01,3.265019059181213379e-01,3.718715310096740723e-01,4.222120940685272217e-01,nan,5.224269628524780273e-01,5.761640071868896484e-01,6.283479332923889160e-01,6.777652502059936523e-01
-3.962939679622650146e-01,-3.414680659770965576e-01,-2.811163961887359619e-01,-2.291613817214965820e-01,-1.739919334650039673e-01,-1.182479634881019592e-01,-6.127958744764328003e-02,nan,4.987772926688194275e-02,1.030583232641220093e-01,1.577435582876205444e-01,2.143215984106063843e-01,2.711632251739501953e-01,3.239239454269409180e-01,3.702159821987152100e-01,4.206160008907318115e-01,4.728743135929107666e-01,5.242158770561218262e-01,5.779199004173278809e-01,6.306520104408264160e-01,6.810967922210693359e-01
-3.974598050117492676e-01,-3.427054882049560547e-01,-2.846345007419586182e-01,-2.306010127067565918e-01,-1.747734248638153076e-01,-1.186770498752593994e-01,-6.171789765357971191e-02,-4.945287946611642838e-03,5.017325282096862793e-02,1.049372479319572449e-01,1.578132659196853638e-01,2.146270424127578735e-01,2.708228230476379395e-01,3.205612599849700928e-01,3.694569468498229980e-01,4.205765128135681152e-01,4.735310077667236328e-01,5.260586738586425781e-01,5.795577168464660645e-01,6.326926350593566895e-01,6.839040517807006836e-01
-3.984260857105255127e-01,-3.436805605888366699e-01,-2.865808010101318359e-01,-2.315833419561386108e-01,-1.754031330347061157e-01,-1.190653964877128601e-01,-6.220111623406410217e-02,-5.385688971728086472e-03,5.048677325248718262e-02,nan,1.584448069334030151e-01,2.146185487508773804e-01,2.698763906955718994e-01,3.178892731666564941e-01,3.678106069564819336e-01,4.207810759544372559e-01,4.740363657474517822e-01,5.278961658477783203e-01,5.811467170715332031e-01,6.345377564430236816e-01,6.863867640495300293e-01
-3.991501629352569580e-01,-3.444904088973999023e-01,-2.878978848457336426e-01,-2.323514372110366821e-01,-1.759577840566635132e-01,-1.193614751100540161e-01,-6.272094696760177612e-02,-5.798244848847389221e-03,5.074318498373031616e-02,1.060549393296241760e-01,1.603010743856430054e-01,2.144310027360916138e-01,2.666268646717071533e-01,3.154316544532775879e-01,3.681490421295166016e-01,4.219698309898376465e-01,4.750086069107055664e-01,5.293258428573608398e-01,5.828186273574829102e-01,6.362012624740600586e-01,6.886320710182189941e-01
-3.998036086559295654e-01,-3.451299965381622314e-01,-2.889229953289031982e-01,-2.330124974250793457e-01,-1.764829158782958984e-01,nan,-6.323474645614624023e-02,-6.204144563525915146e-03,5.092117562890052795e-02,nan,1.616754233837127686e-01,2.145433276891708374e-01,2.636664807796478271e-01,3.136770129203796387e-01,3.681107163429260254e-01,4.228565990924835205e-01,4.762746691703796387e-01,5.306791067123413086e-01,5.847241878509521484e-01,6.378313899040222168e-01,6.906405091285705566e-01
nan,-3.457021117210388184e-01,-2.897880375385284424e-01,-2.336152046918869019e-01,-1.769910007715225220e-01,-1.202560365200042725e-01,-6.368578225374221802e-02,-6.537681445479393005e-03,5.057212337851524353e-02,1.067193597555160522e-01,1.620702445507049561e-01,2.138789147138595581e-01,2.590113580226898193e-01,nan,3.689053654670715332e-01,4.239090383052825928e-01,4.777058660984039307e-01,5.321568250656127930e-01,5.864671468734741211e-01,6.395658850669860840e-01,6.924430131912231445e-01
-4.026276469230651855e-01,-3.461781740188598633e-01,-2.905448973178863525e-01,-2.341656237840652466e-01,-1.774923950433731079e-01,-1.206999868154525757e-01,-6.408751010894775391e-02,-6.742312572896480560e-03,4.987648874521255493e-02,1.066999435424804688e-01,1.622838079929351807e-01,nan,2.587233781814575195e-01,3.138250410556793213e-01,3.697555959224700928e-01,4.251069724559783936e-01,4.790342450141906738e-01,5.336982011795043945e-01,5.879251956939697266e-01,6.415019631385803223e-01,6.941779255867004395e-01
-4.036453962326049805e-01,-3.466334640979766846e-01,-2.911981642246246338e-01,-2.347039133310317993e-01,-1.780024170875549316e-01,-1.210766285657882690e-01,-6.442224979400634766e-02,-6.996357813477516174e-03,4.956934601068496704e-02,1.062845885753631592e-01,1.617160886526107788e-01,nan,2.597951889038085938e-01,3.145450353622436523e-01,3.704654872417449951e-01,4.253159165382385254e-01,4.801083505153656006e-01,5.351672172546386719e-01,5.893981456756591797e-01,nan,6.959319114685058594e-01
-4.045210182666778564e-01,-3.477714955806732178e-01,-2.917859554290771484e-01,-2.352612912654876709e-01,-1.784881353378295898e-01,-1.214635223150253296e-01,-6.458413600921630859e-02,-7.436498068273067474e-03,4.934037849307060242e-02,1.058655008673667908e-01,1.591881811618804932e-01,2.080904692411422729e-01,nan,3.152908980846405029e-01,3.711825311183929443e-01,4.261800646781921387e-01,4.813529551029205322e-01,5.364274978637695312e-01,5.909106731414794922e-01,6.448032855987548828e-01,6.978421211242675781e-01
-4.053048193454742432e-01,nan,-2.923772931098937988e-01,-2.358226180076599121e-01,-1.789400875568389893e-01,-1.218228340148925781e-01,-6.463557481765747070e-02,-8.151109330356121063e-03,4.879209771752357483e-02,1.048134490847587585e-01,nan,nan,nan,3.164371252059936523e-01,3.720115423202514648e-01,nan,nan,nan,5.923567414283752441e-01,6.462791562080383301e-01,6.996949911117553711e-01
-4.060293734073638916e-01,-3.494912385940551758e-01,-2.929781675338745117e-01,-2.363325804471969604e-01,-1.793678253889083862e-01,-1.221297532320022583e-01,-6.476847827434539795e-02,-8.492155931890010834e-03,4.817467555403709412e-02,1.035168841481208801e-01,1.525928825139999390e-01,nan,2.645349800586700439e-01,3.183112144470214844e-01,3.729059994220733643e-01,nan,nan,nan,nan,nan,7.012228965759277344e-01
-4.067052900791168213e-01,nan,-2.935368120670318604e-01,-2.367994487285614014e-01,-1.797499805688858032e-01,nan,nan,-8.811472915112972260e-03,4.760990664362907410e-02,nan,1.527211517095565796e-01,2.087232023477554321e-01,2.649508118629455566e-01,nan,3.733420968055725098e-01,nan,nan,nan,nan,nan,nan
-4.073506295680999756e-01,-3.509401977062225342e-01,-2.940211892127990723e-01,-2.372335195541381836e-01,-1.800886541604995728e-01,nan,nan,-9.683896787464618683e-03,4.598475992679595947e-02,9.633672237396240234e-02,1.525074988603591919e-01,2.089442461729049683e-01,2.654452025890350342e-01,3.217132985591888428e-01,nan,nan,nan,nan,nan,nan,nan
-4.079627990722656250e-01,-3.515693247318267822e-01,-2.944468855857849121e-01,-2.376286536455154419e-01,-1.804224103689193726e-01,nan,nan,-9.912527166306972504e-03,4.395429044961929321e-02,9.623757004737854004e-02,1.526266634464263916e-01,2.092070281505584717e-01,2.657964229583740234e-01,3.221483528614044189e-01,nan,nan,nan,nan,nan,nan,nan
-4.085308015346527100e-01,-3.521233201026916504e-01,-2.948363125324249268e-01,nan,nan,nan,nan,-1.107569783926010132e-02,3.973914682865142822e-02,9.603661298751831055e-02,1.527428179979324341e-01,2.094706743955612183e-01,2.661314606666564941e-01,3.222272992134094238e-01,3.783035874366760254e-01,nan,nan,nan,nan,nan,nan
-4.091021418571472168e-01,-3.526285290718078613e-01,nan,nan,nan,nan,nan,-1.301925722509622574e-02,3.946077451109886169e-02,9.610734879970550537e-02,1.528901904821395874e-01,2.097217142581939697e-01,2.664379179477691650e-01,3.225992321968078613e-01,3.787711560726165771e-01,nan,nan,nan,5.914231538772583008e-01,nan,nan
