# 1st dimension: Re = np.logspace(np.log10(1.4e6), np.log10(1.05e7), 20); 2nd dimension: alpha = np.arange(-5., 5.5, .5)
-5.301824808120727539e-01,-4.755412042140960693e-01,-4.230187535285949707e-01,-3.710702955722808838e-01,-3.181854188442230225e-01,-2.625398039817810059e-01,-2.118279784917831421e-01,-1.583153158426284790e-01,-1.017162278294563293e-01,-5.130716785788536072e-02,-1.488761824930406874e-08,5.130792781710624695e-02,1.017196923494338989e-01,1.583219319581985474e-01,2.118394225835800171e-01,2.625593245029449463e-01,3.182129859924316406e-01,3.711088001728057861e-01,4.230723381042480469e-01,4.756116271018981934e-01,5.302749872207641602e-01
-5.317695140838623047e-01,-4.760645031929016113e-01,-4.246861338615417480e-01,-3.709611892700195312e-01,-3.182551860809326172e-01,-2.641728520393371582e-01,-2.115568071603775024e-01,-1.580051779747009277e-01,-1.027597486972808838e-01,-4.989736899733543396e-02,2.533730558695879154e-08,4.989826679229736328e-02,1.027629971504211426e-01,1.580116450786590576e-01,2.115685045719146729e-01,2.641916573047637939e-01,3.182818889617919922e-01,3.710007667541503906e-01,4.247378408908843994e-01,4.761350452899932861e-01,5.318585634231567383e-01
-5.328146219253540039e-01,-4.777354896068572998e-01,-4.254883527755737305e-01,-3.718681633472442627e-01,-3.171790838241577148e-01,-2.663218677043914795e-01,-2.117064446210861206e-01,-1.567862629890441895e-01,-1.043274700641632080e-01,-5.054838582873344421e-02,6.709273634442070033e-07,5.054924637079238892e-02,1.043304279446601868e-01,1.567928940057754517e-01,2.117181420326232910e-01,2.663395702838897705e-01,3.172059059143066406e-01,3.719067275524139404e-01,4.255393147468566895e-01,4.778038859367370605e-01,5.328998565673828125e-01
-5.327972173690795898e-01,-4.800384640693664551e-01,-4.262449443340301514e-01,-3.724028468132019043e-01,-3.173325061798095703e-01,-2.671570181846618652e-01,-2.119242399930953979e-01,-1.560998558998107910e-01,-1.051215976476669312e-01,-5.069885775446891785e-02,-2.027082075528596761e-07,5.069969594478607178e-02,1.051244065165519714e-01,1.561066359281539917e-01,2.119356691837310791e-01,2.671740353107452393e-01,3.173598349094390869e-01,3.724399805068969727e-01,4.262961447238922119e-01,4.801037311553955078e-01,5.328811407089233398e-01
-5.332679748535156250e-01,-4.823298752307891846e-01,-4.275029003620147705e-01,-3.718995153903961182e-01,-3.194979727268218994e-01,-2.660078704357147217e-01,-2.124134600162506104e-01,-1.570609360933303833e-01,-1.044069156050682068e-01,-5.212615430355072021e-02,2.594016557111444854e-09,5.212683603167533875e-02,1.044097766280174255e-01,1.570674926042556763e-01,2.124244421720504761e-01,2.660253345966339111e-01,3.195241093635559082e-01,3.719362318515777588e-01,4.275527894496917725e-01,4.823922216892242432e-01,5.333520770072937012e-01
-5.349584817886352539e-01,-4.829086959362030029e-01,-4.286090135574340820e-01,-3.722687363624572754e-01,-3.210987746715545654e-01,-2.654212117195129395e-01,-2.124759256839752197e-01,-1.588280051946640015e-01,-1.038540750741958618e-01,-5.463124811649322510e-02,-5.705389582999487175e-08,5.463179573416709900e-02,1.038570478558540344e-01,1.588341146707534790e-01,2.124864310026168823e-01,2.654391527175903320e-01,3.211236894130706787e-01,3.723053336143493652e-01,4.286568760871887207e-01,4.829705059528350830e-01,5.350401997566223145e-01
-5.376020669937133789e-01,-4.834280908107757568e-01,-4.292176067829132080e-01,-3.745456635951995850e-01,-3.207921087741851807e-01,-2.658734321594238281e-01,-2.112736403942108154e-01,-1.600774228572845459e-01,-1.040734052658081055e-01,-5.349489301443099976e-02,-5.115586532156157773e-07,5.349553003907203674e-02,1.040762662887573242e-01,1.600831747055053711e-01,2.112841457128524780e-01,2.658908069133758545e-01,3.208170533180236816e-01,3.745805919170379639e-01,4.292638897895812988e-01,4.834902286529541016e-01,5.376799106597900391e-01
-5.401012301445007324e-01,-4.844979941844940186e-01,-4.287097156047821045e-01,-3.770894110202789307e-01,-3.209832012653350830e-01,-2.657443583011627197e-01,-2.117874771356582642e-01,-1.601106375455856323e-01,-1.078007519245147705e-01,-5.297742038965225220e-02,-3.110924637894640910e-07,5.297808721661567688e-02,1.078029721975326538e-01,1.601161807775497437e-01,2.117982208728790283e-01,2.657611370086669922e-01,3.210081458091735840e-01,3.771226108074188232e-01,4.287553727626800537e-01,4.845586419105529785e-01,5.401756763458251953e-01
-5.403405427932739258e-01,-4.856284856796264648e-01,-4.296464622020721436e-01,-3.779435753822326660e-01,-3.216526508331298828e-01,-2.647600769996643066e-01,-2.132978290319442749e-01,-1.581657081842422485e-01,-1.096112206578254700e-01,-5.375616997480392456e-02,-1.180420952096028486e-07,5.375676974654197693e-02,1.096133664250373840e-01,1.581716835498809814e-01,2.133081406354904175e-01,2.647772431373596191e-01,3.216768801212310791e-01,3.779754042625427246e-01,4.296917915344238281e-01,4.856868386268615723e-01,5.404143333435058594e-01
-5.402215719223022461e-01,nan,-4.323506951332092285e-01,-3.772991001605987549e-01,-3.222824633121490479e-01,-2.657690346240997314e-01,-2.127602696418762207e-01,-1.584414839744567871e-01,-1.079591214656829834e-01,-5.584996566176414490e-02,6.893465354096406372e-08,5.585042759776115417e-02,1.079614311456680298e-01,1.584471017122268677e-01,2.127705216407775879e-01,2.657856047153472900e-01,3.223057687282562256e-01,3.773315250873565674e-01,4.323938488960266113e-01,nan,5.402965545654296875e-01
-5.410354137420654297e-01,-4.858544170856475830e-01,-4.343771636486053467e-01,-3.775013089179992676e-01,-3.217063546180725098e-01,-2.681032717227935791e-01,-2.123245596885681152e-01,-1.624765098094940186e-01,-1.078600957989692688e-01,-5.572014302015304565e-02,-1.839717533869134058e-08,5.572061240673065186e-02,1.078624278306961060e-01,1.624815464019775391e-01,2.123351246118545532e-01,2.681187987327575684e-01,3.217292726039886475e-01,3.775336742401123047e-01,4.344187080860137939e-01,4.859100580215454102e-01,5.411091446876525879e-01
-5.421295762062072754e-01,-4.871432781219482422e-01,-4.347560107707977295e-01,-3.782956600189208984e-01,-3.212144374847412109e-01,-2.693389058113098145e-01,-2.127777785062789917e-01,-1.620250940322875977e-01,-1.097600981593132019e-01,-5.370417609810829163e-02,nan,5.370478332042694092e-02,1.097622066736221313e-01,1.620302796363830566e-01,2.127880007028579712e-01,2.693537175655364990e-01,3.212377130985260010e-01,3.783269822597503662e-01,4.347960352897644043e-01,4.871985912322998047e-01,5.422006845474243164e-01
-5.423076152801513672e-01,-4.895106554031372070e-01,-4.336956739425659180e-01,-3.789659440517425537e-01,-3.228003084659576416e-01,-2.684333324432373047e-01,-2.149278074502944946e-01,-1.629077792167663574e-01,-1.097694262862205505e-01,-5.341812595725059509e-02,-2.018397537995042512e-07,5.341874435544013977e-02,1.097715198993682861e-01,1.629125922918319702e-01,2.149365097284317017e-01,2.684486508369445801e-01,3.228226304054260254e-01,3.789961040019989014e-01,4.337369203567504883e-01,4.895644485950469971e-01,5.423765778541564941e-01
-5.426103472709655762e-01,nan,-4.338607788085937500e-01,-3.782329559326171875e-01,-3.248193264007568359e-01,-2.684233486652374268e-01,-2.165725529193878174e-01,-1.654022783041000366e-01,-1.085609272122383118e-01,-5.435723811388015747e-02,1.725343867775563922e-09,5.435777083039283752e-02,1.085631996393203735e-01,1.654068976640701294e-01,2.165815979242324829e-01,2.684387862682342529e-01,3.248405158519744873e-01,3.782628178596496582e-01,4.339020252227783203e-01,nan,5.426794886589050293e-01
-5.447026491165161133e-01,-4.899070560932159424e-01,-4.346002042293548584e-01,-3.783313035964965820e-01,-3.254888057708740234e-01,-2.691497802734375000e-01,-2.164247483015060425e-01,-1.653867810964584351e-01,-1.088412255048751831e-01,-5.492108315229415894e-02,nan,5.492160469293594360e-02,1.088434159755706787e-01,1.653912365436553955e-01,2.164339423179626465e-01,2.691645920276641846e-01,3.255091905593872070e-01,3.783615827560424805e-01,4.346401095390319824e-01,4.899592101573944092e-01,5.447705388069152832e-01
-5.465673804283142090e-01,-4.897912442684173584e-01,-4.343320131301879883e-01,-3.800163567066192627e-01,-3.244000077247619629e-01,nan,-2.199259996414184570e-01,-1.638537347316741943e-01,-1.112756505608558655e-01,-5.508115515112876892e-02,3.615022592384775635e-07,5.508167296648025513e-02,1.112774983048439026e-01,1.638586223125457764e-01,2.199339717626571655e-01,nan,3.244214057922363281e-01,3.800455927848815918e-01,4.343712329864501953e-01,4.898438453674316406e-01,5.466331243515014648e-01
-5.480012297630310059e-01,-4.906627237796783447e-01,-4.344885349273681641e-01,-3.806929588317871094e-01,-3.246369659900665283e-01,-2.720273435115814209e-01,-2.215005606412887573e-01,-1.648777574300765991e-01,-1.109539270401000977e-01,-5.621195584535598755e-02,1.016272288545394531e-09,nan,1.109558641910552979e-01,1.648823171854019165e-01,2.215085178613662720e-01,2.720411717891693115e-01,3.246582150459289551e-01,3.807213306427001953e-01,4.345279633998870850e-01,4.907140135765075684e-01,5.480646491050720215e-01
nan,-4.918674826622009277e-01,-4.360406696796417236e-01,-3.802264928817749023e-01,-3.261840045452117920e-01,-2.720838189125061035e-01,-2.201097458600997925e-01,nan,nan,-5.569761991500854492e-02,nan,5.569809302687644958e-02,nan,nan,2.201179563999176025e-01,2.720975875854492188e-01,3.262032866477966309e-01,3.802553713321685791e-01,4.360791742801666260e-01,4.919167757034301758e-01,nan
-5.474746823310852051e-01,-4.936934709548950195e-01,-4.376247227191925049e-01,-3.806290626525878906e-01,-3.273063302040100098e-01,-2.753856480121612549e-01,-2.216596901416778564e-01,-1.662316620349884033e-01,-1.125136613845825195e-01,-5.532398074865341187e-02,-2.571550794527865946e-07,5.532447621226310730e-02,1.125153675675392151e-01,1.662360727787017822e-01,2.216675430536270142e-01,2.753978371620178223e-01,3.273263275623321533e-01,3.806577622890472412e-01,4.376618266105651855e-01,4.937404990196228027e-01,5.475378036499023438e-01
-5.485771298408508301e-01,-4.956916868686676025e-01,-4.388605356216430664e-01,-3.817172050476074219e-01,-3.276887834072113037e-01,-2.752470970153808594e-01,-2.226942479610443115e-01,-1.665351241827011108e-01,nan,-5.641840398311614990e-02,1.571782426434964464e-10,nan,nan,1.665394455194473267e-01,2.227019071578979492e-01,2.752600312232971191e-01,3.277088105678558350e-01,3.817444741725921631e-01,4.388962388038635254e-01,4.957368373870849609e-01,5.486381053924560547e-01
