# 1st dimension: Re = np.logspace(np.log10(1.4e6), np.log10(1.05e7), 20); 2nd dimension: alpha = np.arange(-5., 5.5, .5)
-2.225546985864639282e-01,9.220518916845321655e-02,7.590830326080322266e-02,7.922867685556411743e-02,6.341355293989181519e-02,6.129039824008941650e-02,nan,1.272859871387481689e-01,1.804063916206359863e-01,2.117276340723037720e-01,2.677766382694244385e-01,3.250487446784973145e-01,3.800689876079559326e-01,4.355627000331878662e-01,4.913334250450134277e-01,5.487584471702575684e-01,6.033443808555603027e-01,6.505882143974304199e-01,6.868703365325927734e-01,7.261990904808044434e-01,7.683193683624267578e-01
-2.233233004808425903e-01,-1.729928106069564819e-01,-1.224371939897537231e-01,-7.060065120458602905e-02,-3.391118720173835754e-02,1.878221519291400909e-02,7.222150266170501709e-02,1.263036578893661499e-01,1.806713044643402100e-01,2.321258932352066040e-01,2.691676020622253418e-01,1.452444400638341904e-02,1.043610181659460068e-02,nan,-1.092960592359304428e-02,-1.533021125942468643e-02,-4.279003664851188660e-02,-4.519435018301010132e-02,-4.294757172465324402e-02,nan,nan
nan,nan,nan,nan,-3.393443673849105835e-02,1.829431578516960144e-02,7.138995826244354248e-02,1.255474686622619629e-01,1.808029264211654663e-01,2.356817126274108887e-01,2.703133523464202881e-01,3.256202638149261475e-01,3.804078698158264160e-01,4.370564520359039307e-01,4.948740899562835693e-01,5.513008236885070801e-01,6.035612821578979492e-01,6.425415873527526855e-01,6.839156746864318848e-01,7.252328991889953613e-01,7.680057287216186523e-01
nan,9.886640310287475586e-02,9.760607033967971802e-02,nan,nan,1.743241958320140839e-02,7.066763937473297119e-02,1.252841502428054810e-01,nan,2.367238998413085938e-01,2.707355320453643799e-01,nan,nan,nan,nan,nan,nan,nan,nan,nan,nan
nan,-1.755710393190383911e-01,-1.238012611865997314e-01,-7.304495573043823242e-02,-2.355559356510639191e-02,1.650939323008060455e-02,7.037428021430969238e-02,1.256337165832519531e-01,1.820576488971710205e-01,2.378848791122436523e-01,2.841314971446990967e-01,3.255642950534820557e-01,3.829157352447509766e-01,4.406108558177947998e-01,4.981091916561126709e-01,5.509217381477355957e-01,5.967651009559631348e-01,6.395298242568969727e-01,6.828721761703491211e-01,7.240751981735229492e-01,7.693822383880615234e-01
nan,nan,nan,nan,nan,1.587788946926593781e-02,7.069782912731170654e-02,nan,1.827537864446640015e-01,2.377729564905166626e-01,2.911058664321899414e-01,nan,nan,nan,nan,nan,nan,nan,nan,nan,nan
nan,nan,-1.297099888324737549e-01,-7.814974337816238403e-02,-1.716212555766105652e-02,1.567978411912918091e-02,nan,1.268270611763000488e-01,1.831337064504623413e-01,2.372726798057556152e-01,2.914985418319702148e-01,3.281022608280181885e-01,3.853078186511993408e-01,4.436891376972198486e-01,4.974108636379241943e-01,5.488595962524414062e-01,5.918208360671997070e-01,6.375007629394531250e-01,6.832252144813537598e-01,7.241355776786804199e-01,7.707493901252746582e-01
nan,nan,nan,nan,nan,nan,nan,1.274201571941375732e-01,1.829798966646194458e-01,2.370426058769226074e-01,2.920881807804107666e-01,3.294061720371246338e-01,3.863768577575683594e-01,4.445561170578002930e-01,4.981886744499206543e-01,5.452011227607727051e-01,5.901997685432434082e-01,6.358416676521301270e-01,6.843354105949401855e-01,7.256918549537658691e-01,7.723215222358703613e-01
nan,nan,nan,nan,nan,nan,nan,1.277187168598175049e-01,1.823116987943649292e-01,2.371462732553482056e-01,2.937642931938171387e-01,3.307458162307739258e-01,3.873631954193115234e-01,4.440838396549224854e-01,4.980941414833068848e-01,5.416550636291503906e-01,5.882095098495483398e-01,6.365345716476440430e-01,6.860789060592651367e-01,7.268474698066711426e-01,7.742847800254821777e-01
nan,nan,nan,nan,nan,nan,7.198530435562133789e-02,1.274875700473785400e-01,1.818202733993530273e-01,2.379271239042282104e-01,2.947901785373687744e-01,nan,3.882415592670440674e-01,4.429958462715148926e-01,4.948075711727142334e-01,5.397511124610900879e-01,5.881258845329284668e-01,6.355203986167907715e-01,6.868615150451660156e-01,7.261432409286499023e-01,7.742967605590820312e-01
nan,nan,nan,nan,nan,nan,7.226739823818206787e-02,1.267981082201004028e-01,1.817626059055328369e-01,2.388060986995697021e-01,2.957174777984619141e-01,nan,3.885631263256072998e-01,4.436028003692626953e-01,nan,5.382859110832214355e-01,5.867604017257690430e-01,6.356267929077148438e-01,6.869481801986694336e-01,7.275068759918212891e-01,7.750964760780334473e-01
nan,nan,nan,nan,nan,nan,nan,1.263248771429061890e-01,1.825319379568099976e-01,2.396016269922256470e-01,2.965262830257415771e-01,3.518623113632202148e-01,3.874042630195617676e-01,4.403506517410278320e-01,4.878668189048767090e-01,5.360738039016723633e-01,5.865261554718017578e-01,6.368885636329650879e-01,6.878063678741455078e-01,7.285624146461486816e-01,7.771012783050537109e-01
nan,nan,nan,nan,nan,nan,7.139918208122253418e-02,1.261290013790130615e-01,1.832102239131927490e-01,2.403303235769271851e-01,2.972225248813629150e-01,3.508475422859191895e-01,3.877356648445129395e-01,4.365638196468353271e-01,4.851699173450469971e-01,5.360110998153686523e-01,5.862482786178588867e-01,6.373361945152282715e-01,6.893051266670227051e-01,7.278962731361389160e-01,7.776599526405334473e-01
nan,nan,nan,nan,nan,nan,7.066081464290618896e-02,1.266811788082122803e-01,1.838185787200927734e-01,nan,2.976674139499664307e-01,3.505506813526153564e-01,3.881929516792297363e-01,4.335925579071044922e-01,4.845958352088928223e-01,5.346957445144653320e-01,5.852227807044982910e-01,6.372130513191223145e-01,6.909014582633972168e-01,7.291290760040283203e-01,7.772728204727172852e-01
nan,nan,nan,nan,nan,1.582780294120311737e-02,7.028707116842269897e-02,1.272110193967819214e-01,1.843628436326980591e-01,2.414806932210922241e-01,2.966296970844268799e-01,3.506854474544525146e-01,3.845483660697937012e-01,4.322212338447570801e-01,4.823105931282043457e-01,5.344800949096679688e-01,5.859845280647277832e-01,6.378813385963439941e-01,6.920476555824279785e-01,7.306381464004516602e-01,7.790765166282653809e-01
nan,nan,nan,nan,nan,1.489725522696971893e-02,7.053454965353012085e-02,1.276548653841018677e-01,nan,2.417450845241546631e-01,2.956641316413879395e-01,3.477433323860168457e-01,3.806928694248199463e-01,4.299946725368499756e-01,4.824442267417907715e-01,5.349681973457336426e-01,5.860396623611450195e-01,6.391233205795288086e-01,6.924269795417785645e-01,7.300326824188232422e-01,nan
nan,nan,nan,nan,-4.049543663859367371e-02,1.427683886140584946e-02,7.089859992265701294e-02,1.280231922864913940e-01,1.852635890245437622e-01,2.404660135507583618e-01,2.958923578262329102e-01,3.443117439746856689e-01,nan,4.290396571159362793e-01,4.808167517185211182e-01,5.338184237480163574e-01,5.857838988304138184e-01,6.404913663864135742e-01,6.928444504737854004e-01,7.307714223861694336e-01,7.775255441665649414e-01
nan,nan,nan,nan,-4.142216220498085022e-02,1.407060958445072174e-02,7.117666304111480713e-02,1.283381134271621704e-01,1.855771094560623169e-01,2.395502030849456787e-01,2.923466265201568604e-01,3.412769436836242676e-01,3.757385909557342529e-01,4.286332726478576660e-01,4.809986352920532227e-01,5.339421629905700684e-01,5.864248871803283691e-01,6.414431929588317871e-01,6.938647031784057617e-01,nan,7.781149744987487793e-01
nan,nan,nan,nan,nan,1.428029872477054596e-02,7.136685401201248169e-02,1.285876333713531494e-01,1.851897984743118286e-01,2.397562265396118164e-01,2.885002791881561279e-01,3.399659395217895508e-01,nan,4.281264841556549072e-01,4.811699986457824707e-01,5.344907641410827637e-01,5.875431895256042480e-01,6.416414976119995117e-01,6.952048540115356445e-01,7.306104302406311035e-01,7.800890803337097168e-01
nan,nan,nan,nan,nan,1.441338285803794861e-02,nan,1.286474317312240601e-01,1.835287511348724365e-01,2.366439253091812134e-01,2.853797674179077148e-01,3.381295204162597656e-01,3.736190497875213623e-01,4.274170398712158203e-01,4.803571999073028564e-01,5.336300134658813477e-01,5.887349247932434082e-01,6.419840455055236816e-01,6.967464685440063477e-01,7.308086156845092773e-01,7.821580767631530762e-01
