# 1st dimension: Re = np.logspace(np.log10(1.4e6), np.log10(1.05e7), 20); 2nd dimension: alpha = np.arange(-5., 5.5, .5)
nan,nan,nan,nan,nan,nan,nan,nan,nan,nan,5.856662392616271973e-01,6.394633054733276367e-01,nan,7.297056317329406738e-01,8.214097023010253906e-01,8.979184031486511230e-01,9.620035290718078613e-01,9.886547923088073730e-01,1.028421282768249512e+00,1.069194674491882324e+00,1.106510519981384277e+00
nan,nan,nan,nan,nan,nan,nan,nan,nan,nan,5.876560807228088379e-01,6.417114734649658203e-01,6.950079202651977539e-01,7.422311902046203613e-01,8.096444010734558105e-01,8.903007507324218750e-01,nan,9.885816574096679688e-01,1.031594395637512207e+00,1.071979641914367676e+00,1.111395239830017090e+00
5.363340303301811218e-02,nan,nan,nan,nan,nan,nan,nan,nan,nan,5.895395278930664062e-01,6.437791585922241211e-01,6.976163387298583984e-01,7.492008805274963379e-01,7.879505157470703125e-01,8.790209889411926270e-01,9.323657155036926270e-01,9.880448579788208008e-01,1.034025669097900391e+00,1.075358033180236816e+00,1.116843581199645996e+00
5.317150428891181946e-02,1.076068431138992310e-01,1.616857051849365234e-01,2.153684049844741821e-01,2.686937153339385986e-01,3.216499686241149902e-01,3.748989105224609375e-01,4.287700355052947998e-01,nan,nan,5.912824869155883789e-01,nan,nan,7.525585889816284180e-01,nan,8.473017811775207520e-01,9.217110276222229004e-01,9.801743626594543457e-01,1.036425113677978516e+00,1.079615354537963867e+00,1.122242093086242676e+00
5.264271050691604614e-02,1.071839705109596252e-01,1.612159311771392822e-01,2.149564176797866821e-01,2.683803737163543701e-01,3.217172920703887939e-01,3.754879832267761230e-01,4.296011924743652344e-01,nan,5.391340851783752441e-01,5.927777290344238281e-01,6.473155617713928223e-01,7.015569806098937988e-01,7.446692585945129395e-01,7.851696014404296875e-01,8.225450515747070312e-01,9.086917638778686523e-01,9.714938998222351074e-01,1.031681418418884277e+00,1.084213733673095703e+00,1.126567363739013672e+00
5.203517898917198181e-02,1.066476255655288696e-01,1.606586873531341553e-01,2.145102322101593018e-01,2.681436240673065186e-01,3.219131231307983398e-01,3.760462403297424316e-01,nan,4.695188105106353760e-01,5.244137644767761230e-01,nan,nan,6.838698983192443848e-01,7.362279295921325684e-01,7.875082492828369141e-01,8.310282826423645020e-01,8.953605294227600098e-01,9.623901247978210449e-01,1.024150013923645020e+00,1.083586573600769043e+00,1.121676802635192871e+00
5.130968615412712097e-02,1.059761419892311096e-01,1.600384712219238281e-01,2.140610665082931519e-01,2.680049240589141846e-01,3.221789300441741943e-01,nan,4.170667231082916260e-01,4.692425131797790527e-01,nan,5.786437988281250000e-01,6.315549612045288086e-01,6.846226453781127930e-01,7.370840311050415039e-01,7.886862754821777344e-01,8.381761312484741211e-01,8.851780295372009277e-01,9.516121149063110352e-01,1.016428470611572266e+00,1.076514244079589844e+00,1.116632461547851562e+00
5.048919841647148132e-02,1.052070260047912598e-01,1.594214588403701782e-01,2.136758118867874146e-01,2.679927051067352295e-01,3.225516676902770996e-01,3.642343580722808838e-01,4.166875183582305908e-01,4.699377119541168213e-01,5.244932770729064941e-01,5.789571404457092285e-01,6.318248510360717773e-01,6.850046515464782715e-01,7.375701665878295898e-01,7.894565463066101074e-01,8.403194546699523926e-01,8.818541765213012695e-01,9.436537623405456543e-01,1.007742762565612793e+00,1.069010972976684570e+00,nan
4.963117837905883789e-02,1.044227853417396545e-01,1.588706225156784058e-01,2.134423255920410156e-01,2.680613994598388672e-01,3.110657632350921631e-01,3.637311160564422607e-01,4.172622859477996826e-01,4.711746573448181152e-01,nan,5.794568061828613281e-01,6.323194503784179688e-01,6.856604218482971191e-01,7.385104298591613770e-01,7.908359169960021973e-01,8.424765467643737793e-01,8.923407196998596191e-01,9.379572868347167969e-01,1.000415086746215820e+00,1.060985565185546875e+00,1.099935173988342285e+00
4.882540181279182434e-02,1.037280336022377014e-01,1.584902256727218628e-01,2.133180350065231323e-01,2.575659453868865967e-01,3.104547858238220215e-01,3.641205132007598877e-01,4.183579385280609131e-01,4.724074900150299072e-01,5.267885327339172363e-01,5.807253122329711914e-01,6.336068511009216309e-01,6.870735883712768555e-01,7.401483058929443359e-01,7.927566170692443848e-01,8.448123335838317871e-01,8.958821892738342285e-01,9.376741647720336914e-01,9.958816766738891602e-01,nan,1.092930674552917480e+00
4.816632717847824097e-02,1.032167300581932068e-01,1.582957953214645386e-01,nan,2.569361627101898193e-01,3.105725944042205811e-01,3.650683462619781494e-01,4.193969070911407471e-01,nan,5.281676650047302246e-01,5.822348594665527344e-01,6.351978182792663574e-01,6.887826323509216309e-01,7.420248985290527344e-01,7.948482632637023926e-01,8.471890687942504883e-01,8.988024592399597168e-01,9.482039213180541992e-01,9.869430065155029297e-01,1.041512846946716309e+00,1.087964892387390137e+00
4.772578179836273193e-02,1.029216572642326355e-01,1.582702249288558960e-01,2.032001018524169922e-01,2.566806077957153320e-01,3.113529384136199951e-01,3.659366369247436523e-01,nan,4.704701602458953857e-01,5.294470191001892090e-01,5.837689638137817383e-01,6.368892788887023926e-01,6.906023025512695312e-01,7.440056800842285156e-01,7.970228791236877441e-01,8.495788574218750000e-01,9.015494585037231445e-01,9.514127969741821289e-01,nan,1.036240577697753906e+00,1.085148215293884277e+00
4.749212041497230530e-02,1.027597114443778992e-01,1.491335332393646240e-01,2.025382965803146362e-01,2.572610378265380859e-01,3.120825588703155518e-01,nan,4.176732599735260010e-01,4.717671573162078857e-01,5.307048559188842773e-01,5.852071046829223633e-01,6.389713883399963379e-01,nan,7.459232211112976074e-01,7.991153597831726074e-01,8.518636822700500488e-01,9.040538668632507324e-01,9.547903537750244141e-01,9.963186979293823242e-01,nan,1.083819746971130371e+00
4.738570749759674072e-02,1.028341650962829590e-01,1.483440995216369629e-01,2.028503268957138062e-01,2.578816711902618408e-01,nan,3.643901348114013672e-01,4.188134074211120605e-01,4.730000793933868408e-01,5.272725820541381836e-01,5.865038037300109863e-01,6.406632065773010254e-01,6.940305829048156738e-01,7.477675080299377441e-01,nan,8.540591001510620117e-01,9.063687920570373535e-01,nan,9.964588880538940430e-01,1.044547319412231445e+00,1.082147479057312012e+00
4.733365401625633240e-02,9.414108842611312866e-02,1.481655091047286987e-01,2.033679634332656860e-01,nan,3.106769323348999023e-01,3.653879165649414062e-01,4.198859632015228271e-01,4.741531610488891602e-01,5.285882353782653809e-01,5.827390551567077637e-01,6.420761346817016602e-01,6.956205964088439941e-01,7.495238780975341797e-01,8.030511140823364258e-01,8.561441302299499512e-01,9.083184599876403809e-01,9.505322575569152832e-01,9.997204542160034180e-01,1.047345876693725586e+00,1.091609954833984375e+00
4.723533987998962402e-02,9.337278455495834351e-02,1.485753655433654785e-01,2.039571404457092285e-01,2.565775215625762939e-01,3.115379810333251953e-01,3.663150668144226074e-01,4.209053218364715576e-01,4.752864241600036621e-01,5.298182964324951172e-01,5.841282010078430176e-01,6.379348039627075195e-01,6.971480846405029297e-01,nan,8.047789931297302246e-01,8.579855561256408691e-01,9.025348424911499023e-01,9.525389671325683594e-01,1.002447724342346191e+00,1.050009846687316895e+00,1.095737338066101074e+00
nan,9.347829967737197876e-02,1.490197479724884033e-01,2.021314948797225952e-01,2.573105394840240479e-01,3.123371899127960205e-01,3.672091364860534668e-01,4.219125807285308838e-01,4.764170944690704346e-01,5.310015082359313965e-01,5.854309201240539551e-01,6.394357085227966309e-01,6.929343938827514648e-01,7.459549307823181152e-01,7.990255951881408691e-01,8.516227006912231445e-01,9.036231040954589844e-01,9.548354148864746094e-01,1.004955530166625977e+00,1.052261114120483398e+00,1.099312186241149902e+00
3.846800699830055237e-02,9.381902962923049927e-02,1.473745107650756836e-01,2.027487456798553467e-01,2.579961717128753662e-01,3.131150901317596436e-01,3.680969178676605225e-01,4.229246079921722412e-01,4.775631129741668701e-01,5.321506261825561523e-01,5.866701602935791016e-01,6.408424377441406250e-01,6.945869922637939453e-01,7.476097941398620605e-01,8.008022904396057129e-01,8.535134792327880859e-01,9.056064486503601074e-01,9.569362998008728027e-01,1.007298707962036133e+00,1.054982781410217285e+00,1.103364706039428711e+00
3.841115161776542664e-02,9.238515794277191162e-02,1.478891521692276001e-01,2.033328264951705933e-01,2.586684226989746094e-01,3.138942420482635498e-01,3.689998090267181396e-01,4.239537119865417480e-01,4.787106513977050781e-01,5.333031415939331055e-01,5.878642201423645020e-01,6.421490907669067383e-01,6.960147619247436523e-01,nan,nan,8.552635908126831055e-01,9.074833393096923828e-01,9.589675068855285645e-01,1.009554743766784668e+00,1.057962536811828613e+00,1.106814265251159668e+00
3.872881457209587097e-02,9.277293831110000610e-02,1.483884602785110474e-01,2.039124369621276855e-01,2.593504488468170166e-01,3.146946728229522705e-01,3.699159622192382812e-01,4.249763190746307373e-01,4.798389077186584473e-01,5.344648957252502441e-01,5.890564918518066406e-01,6.434141993522644043e-01,6.973836421966552734e-01,7.510139346122741699e-01,8.040137887001037598e-01,8.569520711898803711e-01,9.093058109283447266e-01,9.609565138816833496e-01,1.011793494224548340e+00,1.060916900634765625e+00,1.110166907310485840e+00
