# 1st dimension: Re = np.logspace(np.log10(1.4e6), np.log10(1.05e7), 20); 2nd dimension: alpha = np.arange(-5., 5.5, .5)
-4.915377497673034668e-01,-4.535824656486511230e-01,-4.116431176662445068e-01,-3.723379373550415039e-01,-3.309101760387420654e-01,-2.865883409976959229e-01,-2.421038895845413208e-01,-1.830403506755828857e-01,-1.216573566198348999e-01,-5.984835326671600342e-02,-2.201466564599741105e-09,5.984836816787719727e-02,1.216573566198348999e-01,1.830403357744216919e-01,2.421039491891860962e-01,2.865896224975585938e-01,3.309141099452972412e-01,3.723471462726593018e-01,4.116647243499755859e-01,4.536217451095581055e-01,4.916247725486755371e-01
-4.957555532455444336e-01,-4.552746117115020752e-01,-4.121085405349731445e-01,-3.681003153324127197e-01,-3.276800215244293213e-01,-2.826182246208190918e-01,-2.374040037393569946e-01,-1.825952529907226562e-01,-1.212065145373344421e-01,-5.986398831009864807e-02,-6.151609777127475809e-10,5.986399576067924500e-02,1.212065368890762329e-01,1.825952827930450439e-01,2.374042570590972900e-01,2.826197445392608643e-01,3.276845216751098633e-01,3.681114614009857178e-01,4.121291339397430420e-01,4.553108811378479004e-01,4.958326816558837891e-01
-4.993550479412078857e-01,-4.559235274791717529e-01,-4.112403690814971924e-01,-3.669247925281524658e-01,-3.237001895904541016e-01,-2.780257761478424072e-01,-2.318956404924392700e-01,-1.817596405744552612e-01,-1.210372820496559143e-01,-6.032137945294380188e-02,5.898803223658433126e-09,6.032136827707290649e-02,1.210373044013977051e-01,1.817597001791000366e-01,2.318961322307586670e-01,2.780277132987976074e-01,3.237047791481018066e-01,3.669349849224090576e-01,4.112594127655029297e-01,4.559561312198638916e-01,4.994113147258758545e-01
-5.015476942062377930e-01,-4.554491937160491943e-01,-4.097857177257537842e-01,-3.639749884605407715e-01,-3.218279480934143066e-01,-2.743077874183654785e-01,-2.264967262744903564e-01,-1.801577210426330566e-01,-1.213058829307556152e-01,-6.103993952274322510e-02,-2.553035338692666301e-09,6.103994697332382202e-02,1.213059052824974060e-01,1.801577955484390259e-01,2.264974266290664673e-01,2.743098437786102295e-01,3.218329846858978271e-01,3.639859259128570557e-01,4.098051488399505615e-01,4.554808139801025391e-01,5.015974044799804688e-01
-5.024836659431457520e-01,-4.566972851753234863e-01,-4.111532568931579590e-01,-3.642632365226745605e-01,-3.196579217910766602e-01,-2.717607021331787109e-01,-2.232380956411361694e-01,-1.767841726541519165e-01,-1.218008846044540405e-01,-6.155972927808761597e-02,-1.306259811428844841e-08,6.155973300337791443e-02,1.218009069561958313e-01,1.767843067646026611e-01,2.232389152050018311e-01,2.717630267143249512e-01,3.196627795696258545e-01,3.642739355564117432e-01,4.111717641353607178e-01,4.567282795906066895e-01,5.025301575660705566e-01
-5.042112469673156738e-01,-4.593322277069091797e-01,-4.118763506412506104e-01,-3.638983666896820068e-01,-3.175526261329650879e-01,-2.686349153518676758e-01,-2.201990783214569092e-01,-1.728499531745910645e-01,-1.215283200144767761e-01,-6.142106652259826660e-02,4.578825319185853004e-04,6.142107024788856506e-02,1.215283498167991638e-01,1.728501766920089722e-01,2.202000319957733154e-01,2.686372995376586914e-01,3.175579011440277100e-01,3.639081120491027832e-01,4.118930995464324951e-01,4.593602716922760010e-01,5.042560100555419922e-01
-5.073488950729370117e-01,-4.609912037849426270e-01,-4.112538695335388184e-01,-3.622288405895233154e-01,-3.173587322235107422e-01,-2.674461603164672852e-01,-2.171453535556793213e-01,-1.690152287483215332e-01,-1.202179491519927979e-01,-6.125423684716224670e-02,-4.100829537492245436e-04,6.125424057245254517e-02,1.202179789543151855e-01,1.690155118703842163e-01,2.171464413404464722e-01,2.674486637115478516e-01,3.173635303974151611e-01,3.622388541698455811e-01,4.112701117992401123e-01,4.610162377357482910e-01,5.073904991149902344e-01
-5.105913877487182617e-01,-4.613724946975708008e-01,-4.117991030216217041e-01,-3.630279600620269775e-01,-3.151688873767852783e-01,-2.659482657909393311e-01,-2.162812948226928711e-01,-1.655261963605880737e-01,-1.170267760753631592e-01,-6.074161455035209656e-02,-4.086210037002047102e-09,6.074161827564239502e-02,1.170268282294273376e-01,1.655265688896179199e-01,2.162824273109436035e-01,2.659507095813751221e-01,3.151737153530120850e-01,3.630375862121582031e-01,4.118150770664215088e-01,4.613960385322570801e-01,5.106281042098999023e-01
-5.122712254524230957e-01,-4.622308611869812012e-01,-4.137723147869110107e-01,-3.637916147708892822e-01,-3.155114352703094482e-01,-2.648229598999023438e-01,-2.135373800992965698e-01,-1.628255546092987061e-01,-1.133067309856414795e-01,-5.938119068741798401e-02,-3.576948737205043471e-09,5.938119068741798401e-02,1.133068129420280457e-01,1.628260165452957153e-01,2.135386168956756592e-01,2.648256421089172363e-01,3.155163228511810303e-01,3.638003468513488770e-01,4.137869775295257568e-01,4.622538089752197266e-01,5.123034119606018066e-01
-5.122240781784057617e-01,-4.643551409244537354e-01,-4.152065515518188477e-01,-3.633683919906616211e-01,-3.148765563964843750e-01,-2.651081681251525879e-01,-2.126988470554351807e-01,-1.593405306339263916e-01,-1.093566119670867920e-01,-5.676084384322166443e-02,-1.941609006905764545e-08,5.676085874438285828e-02,1.093567237257957458e-01,1.593410819768905640e-01,2.127000987529754639e-01,2.651107013225555420e-01,3.148810267448425293e-01,3.633768856525421143e-01,4.152197539806365967e-01,4.643767178058624268e-01,5.122551918029785156e-01
-5.137634277343750000e-01,-4.670556485652923584e-01,-4.155354201793670654e-01,-3.638801574707031250e-01,-3.136893808841705322e-01,-2.628649175167083740e-01,-2.102005332708358765e-01,-1.579622626304626465e-01,-1.059484332799911499e-01,-5.417142063379287720e-02,3.537633741501622353e-09,5.417143926024436951e-02,1.059485822916030884e-01,1.579627841711044312e-01,2.102018445730209351e-01,2.628675401210784912e-01,3.136943280696868896e-01,3.638886511325836182e-01,4.155479967594146729e-01,4.670751094818115234e-01,5.137942433357238770e-01
-5.166786909103393555e-01,-4.691400527954101562e-01,-4.161910116672515869e-01,-3.656986653804779053e-01,-3.141984939575195312e-01,-2.626557052135467529e-01,nan,-1.554482877254486084e-01,-1.034991815686225891e-01,nan,8.938425999360788410e-09,nan,1.034993529319763184e-01,1.554489135742187500e-01,nan,2.626582682132720947e-01,3.142030835151672363e-01,3.657066226005554199e-01,4.162034094333648682e-01,4.691574275493621826e-01,5.167069435119628906e-01
-5.185834169387817383e-01,-4.693201482295989990e-01,-4.179584681987762451e-01,-3.667088150978088379e-01,-3.128779530525207520e-01,-2.625823020935058594e-01,-2.085827887058258057e-01,-1.547017991542816162e-01,-1.006462797522544861e-01,-4.939116910099983215e-02,2.087122993543744087e-04,4.939120262861251831e-02,1.006464958190917969e-01,1.547023802995681763e-01,2.085840404033660889e-01,2.625846564769744873e-01,3.128824234008789062e-01,3.667160570621490479e-01,4.179702699184417725e-01,4.693363606929779053e-01,5.186086893081665039e-01
-5.194053053855895996e-01,-4.698396623134613037e-01,nan,-3.662744462490081787e-01,-3.123538792133331299e-01,-2.608332633972167969e-01,-2.067007124423980713e-01,-1.523018777370452881e-01,-9.778219461441040039e-02,-4.763095080852508545e-02,nan,4.763099923729896545e-02,9.778245538473129272e-02,1.523025333881378174e-01,2.067020833492279053e-01,2.608356773853302002e-01,3.123584389686584473e-01,3.662813305854797363e-01,4.199858009815216064e-01,4.698559939861297607e-01,5.194295644760131836e-01
-5.208202600479125977e-01,nan,-4.212237000465393066e-01,-3.661139011383056641e-01,-3.132263422012329102e-01,-2.606843113899230957e-01,-2.068506926298141479e-01,-1.522115617990493774e-01,-9.735121577978134155e-02,-4.784255847334861755e-02,1.921184988873392285e-09,4.784262925386428833e-02,9.735146164894104004e-02,1.522121876478195190e-01,2.068519741296768188e-01,2.606866955757141113e-01,3.132306039333343506e-01,3.661206960678100586e-01,4.212334752082824707e-01,nan,5.208440423011779785e-01
-5.230243802070617676e-01,-4.730404019355773926e-01,-4.214363992214202881e-01,-3.669707477092742920e-01,-3.140779137611389160e-01,-2.609227001667022705e-01,-2.063048779964447021e-01,-1.506118178367614746e-01,-9.655032306909561157e-02,nan,-7.129846935072237102e-09,nan,9.655062854290008545e-02,1.506124585866928101e-01,2.063060700893402100e-01,2.609248459339141846e-01,3.140817880630493164e-01,3.669771552085876465e-01,4.214454889297485352e-01,4.730543792247772217e-01,5.230467319488525391e-01
-5.252472162246704102e-01,nan,-4.214723110198974609e-01,-3.683548569679260254e-01,-3.136465549468994141e-01,-2.593836784362792969e-01,-2.049007862806320190e-01,-1.501459181308746338e-01,-9.817848354578018188e-02,-4.897112771868705750e-02,-2.167438424294232391e-07,4.897122085094451904e-02,9.817878901958465576e-02,1.501465588808059692e-01,2.049020379781723022e-01,2.593858540058135986e-01,3.136502206325531006e-01,3.683606982231140137e-01,4.214811027050018311e-01,4.728257656097412109e-01,5.252676606178283691e-01
-5.275375247001647949e-01,nan,-4.221954941749572754e-01,-3.695152997970581055e-01,-3.130980730056762695e-01,-2.591794133186340332e-01,-2.051477283239364624e-01,-1.517639607191085815e-01,-9.987737983465194702e-02,-4.934511333703994751e-02,5.666439317764115913e-09,nan,nan,1.517646014690399170e-01,2.051489204168319702e-01,2.591816186904907227e-01,3.131017088890075684e-01,3.695206344127655029e-01,4.222037792205810547e-01,nan,5.275560021400451660e-01
nan,-4.746768474578857422e-01,-4.234789311885833740e-01,-3.696712553501129150e-01,-3.137017786502838135e-01,-2.598921060562133789e-01,-2.057069391012191772e-01,-1.525100320577621460e-01,-1.011414378881454468e-01,-4.953262582421302795e-02,nan,4.953271895647048950e-02,1.011417880654335022e-01,1.525107175111770630e-01,2.057080268859863281e-01,2.598941028118133545e-01,3.137052357196807861e-01,3.696761727333068848e-01,4.234866499900817871e-01,4.746890366077423096e-01,nan
-5.314217209815979004e-01,-4.763574302196502686e-01,-4.245248138904571533e-01,-3.695479333400726318e-01,-3.146169483661651611e-01,-2.591936290264129639e-01,-2.062468975782394409e-01,-1.541837453842163086e-01,-1.037777811288833618e-01,-5.086096376180648804e-02,4.027004081308405148e-07,5.086107924580574036e-02,1.037781015038490295e-01,1.541844904422760010e-01,2.062480449676513672e-01,2.591955363750457764e-01,3.146201074123382568e-01,3.695527315139770508e-01,4.245316088199615479e-01,4.763686358928680420e-01,5.314368009567260742e-01
