# 1st dimension: Re = np.logspace(np.log10(1.4e6), np.log10(1.05e7), 20); 2nd dimension: alpha = np.arange(-5., 5.5, .5)
-5.296216607093811035e-01,-4.762092828750610352e-01,-4.224678874015808105e-01,-3.707298934459686279e-01,-3.095244765281677246e-01,-2.418136149644851685e-01,-1.925572156906127930e-01,-1.391107887029647827e-01,-8.502867072820663452e-02,-3.066677041351795197e-02,2.377383783459663391e-02,7.795134931802749634e-02,1.314175575971603394e-01,1.837085783481597900e-01,2.415565997362136841e-01,3.185512721538543701e-01,3.723156750202178955e-01,4.256526231765747070e-01,4.793342351913452148e-01,5.329124927520751953e-01,5.866957306861877441e-01
-5.300759077072143555e-01,-4.765781760215759277e-01,-4.228020906448364258e-01,-3.708774745464324951e-01,-3.007777929306030273e-01,-2.443981170654296875e-01,-1.933706253767013550e-01,-1.394380033016204834e-01,-8.497587591409683228e-02,-3.058985993266105652e-02,2.402681112289428711e-02,7.850132882595062256e-02,1.324225813150405884e-01,1.857389062643051147e-01,2.364158630371093750e-01,3.122923672199249268e-01,3.725964426994323730e-01,4.259156584739685059e-01,4.795678257942199707e-01,5.331583619117736816e-01,5.869182944297790527e-01
-5.305163264274597168e-01,-4.769408106803894043e-01,-4.231667816638946533e-01,-3.691752552986145020e-01,-2.943692207336425781e-01,-2.461758255958557129e-01,-1.938898265361785889e-01,-1.397051066160202026e-01,-8.498100191354751587e-02,-3.052310273051261902e-02,2.424618229269981384e-02,7.899934053421020508e-02,1.333649009466171265e-01,1.871609836816787720e-01,2.386482208967208862e-01,3.061326146125793457e-01,3.728493750095367432e-01,4.262506067752838135e-01,4.797113835811614990e-01,5.332782268524169922e-01,5.872732400894165039e-01
-5.309379696846008301e-01,-4.772841930389404297e-01,-4.235295951366424561e-01,-3.628731966018676758e-01,-2.976547777652740479e-01,-2.475015372037887573e-01,-1.942150890827178955e-01,-1.399725377559661865e-01,-8.504664897918701172e-02,-3.048164024949073792e-02,2.449993230402469635e-02,7.933595776557922363e-02,1.340370178222656250e-01,1.883264929056167603e-01,2.410979866981506348e-01,2.979641556739807129e-01,3.725146949291229248e-01,4.264996945858001709e-01,4.800277054309844971e-01,5.335373878479003906e-01,5.875602960586547852e-01
-5.313333272933959961e-01,-4.776422977447509766e-01,-4.238871335983276367e-01,-3.531006872653961182e-01,-3.004103004932403564e-01,-2.483049035072326660e-01,-1.944207549095153809e-01,-1.400394141674041748e-01,-8.504218608140945435e-02,-3.041956014931201935e-02,2.463862858712673187e-02,7.964710146188735962e-02,1.346381753683090210e-01,1.892058998346328735e-01,2.430846095085144043e-01,2.931880354881286621e-01,3.666837513446807861e-01,4.267555475234985352e-01,4.802593886852264404e-01,5.338284373283386230e-01,5.877457261085510254e-01
-5.317060351371765137e-01,-4.780139029026031494e-01,-4.222086071968078613e-01,-3.515043258666992188e-01,-3.021844625473022461e-01,-2.488587200641632080e-01,-1.945600807666778564e-01,-1.399782747030258179e-01,-8.508353680372238159e-02,-3.032742440700531006e-02,2.489030733704566956e-02,7.995257526636123657e-02,1.351275146007537842e-01,1.899863481521606445e-01,2.442902624607086182e-01,2.962497472763061523e-01,3.612753450870513916e-01,4.271536171436309814e-01,4.803938567638397217e-01,5.340376496315002441e-01,5.879779458045959473e-01
-5.320641398429870605e-01,-4.783816933631896973e-01,-4.153725802898406982e-01,-3.548651635646820068e-01,-3.033406734466552734e-01,-2.493834048509597778e-01,-1.947042495012283325e-01,-1.398343890905380249e-01,-8.516261726617813110e-02,-3.028627298772335052e-02,2.502266131341457367e-02,8.024756610393524170e-02,1.355201303958892822e-01,1.906350106000900269e-01,2.454119026660919189e-01,2.986657917499542236e-01,3.534340858459472656e-01,4.266100823879241943e-01,4.806928634643554688e-01,5.342424511909484863e-01,5.883109569549560547e-01
-5.324159264564514160e-01,-4.787525832653045654e-01,-4.061318635940551758e-01,-3.568416833877563477e-01,-3.040903806686401367e-01,-2.498220652341842651e-01,-1.949461698532104492e-01,-1.397170573472976685e-01,-8.522392809391021729e-02,-3.023630194365978241e-02,2.524666674435138702e-02,8.054848760366439819e-02,1.359434723854064941e-01,1.911074072122573853e-01,2.461646348237991333e-01,3.003410696983337402e-01,3.508057594299316406e-01,4.206392467021942139e-01,4.808399379253387451e-01,5.345959663391113281e-01,5.885592699050903320e-01
-5.327655076980590820e-01,-4.755687415599822998e-01,-4.103758335113525391e-01,-3.580922186374664307e-01,-3.047640621662139893e-01,-2.501745522022247314e-01,-1.950715780258178711e-01,-1.395778954029083252e-01,-8.525982499122619629e-02,-3.005203977227210999e-02,2.529739402234554291e-02,8.087024092674255371e-02,1.362002044916152954e-01,1.916205585002899170e-01,2.467568665742874146e-01,3.016080558300018311e-01,3.540425598621368408e-01,4.150056838989257812e-01,4.811649024486541748e-01,5.349147319793701172e-01,5.887141227722167969e-01
-5.331147313117980957e-01,-4.655168652534484863e-01,-4.129830300807952881e-01,-3.590743541717529297e-01,-3.052605986595153809e-01,-2.505862712860107422e-01,-1.953296363353729248e-01,-1.395974010229110718e-01,-8.532680571079254150e-02,-2.998141385614871979e-02,2.542896941304206848e-02,8.110292255878448486e-02,1.365664750337600708e-01,1.919242292642593384e-01,2.472937852144241333e-01,3.023902773857116699e-01,3.562915623188018799e-01,4.071680307388305664e-01,nan,5.351442098617553711e-01,5.890021920204162598e-01
-5.334678888320922852e-01,-4.665279090404510498e-01,nan,-3.599333763122558594e-01,-3.057562410831451416e-01,-2.508820593357086182e-01,-1.955455988645553589e-01,-1.397261619567871094e-01,-8.524423092603683472e-02,-2.981134317815303802e-02,2.554629929363727570e-02,8.143731951713562012e-02,1.368159055709838867e-01,1.922985315322875977e-01,2.476845383644104004e-01,3.031471073627471924e-01,3.578715026378631592e-01,4.094719588756561279e-01,4.742072820663452148e-01,5.353900194168090820e-01,5.893017053604125977e-01
-5.276920199394226074e-01,-4.694897830486297607e-01,-4.156462550163269043e-01,-3.606773912906646729e-01,-3.061349987983703613e-01,-2.512453198432922363e-01,-1.957135945558547974e-01,-1.398186236619949341e-01,-8.512490987777709961e-02,nan,2.571356855332851410e-02,8.157391101121902466e-02,1.370721757411956787e-01,1.925989240407943726e-01,2.481621652841567993e-01,3.037601709365844727e-01,3.588929474353790283e-01,4.120387136936187744e-01,4.662224054336547852e-01,5.357804298400878906e-01,5.895159840583801270e-01
-5.219548344612121582e-01,-4.710982441902160645e-01,nan,-3.613116443157196045e-01,-3.064390122890472412e-01,-2.513782978057861328e-01,-1.958938091993331909e-01,-1.400043517351150513e-01,-8.506596833467483521e-02,-2.974302321672439575e-02,2.574013918638229370e-02,8.173458278179168701e-02,1.373576670885086060e-01,1.928984671831130981e-01,2.484977990388870239e-01,3.042043149471282959e-01,3.596483170986175537e-01,4.138065576553344727e-01,4.653400182723999023e-01,5.330819487571716309e-01,5.897352099418640137e-01
-5.257802009582519531e-01,-4.721880257129669189e-01,-4.171891510486602783e-01,-3.618772327899932861e-01,-3.066999912261962891e-01,-2.515397071838378906e-01,-1.960839629173278809e-01,-1.401005238294601440e-01,-8.483441174030303955e-02,-2.975893765687942505e-02,2.593982592225074768e-02,8.192238956689834595e-02,1.376298666000366211e-01,1.932201832532882690e-01,2.488059401512145996e-01,3.046469092369079590e-01,3.603133857250213623e-01,4.148708283901214600e-01,4.683308303356170654e-01,5.270583033561706543e-01,5.900876522064208984e-01
nan,-4.730424582958221436e-01,-4.177810549736022949e-01,-3.624181151390075684e-01,-3.069831728935241699e-01,-2.517949044704437256e-01,-1.962119787931442261e-01,-1.402275115251541138e-01,-8.470661938190460205e-02,-2.972178906202316284e-02,2.605988644063472748e-02,nan,nan,nan,nan,nan,nan,nan,nan,nan,nan
9.523752331733703613e-02,-4.737551212310791016e-01,-4.183282256126403809e-01,-3.629389405250549316e-01,-3.072978556156158447e-01,-2.519557774066925049e-01,-1.963838338851928711e-01,-1.404622942209243774e-01,-8.465354144573211670e-02,-2.977577596902847290e-02,2.626048587262630463e-02,-5.221455357968807220e-03,-1.261790655553340912e-02,-1.859786175191402435e-02,-2.940090186893939972e-02,-3.456772491335868835e-02,-4.508128762245178223e-02,-5.143266916275024414e-02,-6.286821514368057251e-02,-7.307831197977066040e-02,-7.625991106033325195e-02
nan,-4.743787646293640137e-01,nan,-3.634534776210784912e-01,-3.075782358646392822e-01,-2.520997524261474609e-01,-1.965486109256744385e-01,-1.405190527439117432e-01,-8.477436006069183350e-02,-2.969360910356044769e-02,2.637393586337566376e-02,nan,nan,nan,nan,nan,nan,nan,nan,nan,nan
nan,-4.749693870544433594e-01,nan,-3.638785481452941895e-01,-3.078736364841461182e-01,-2.522450685501098633e-01,-1.966639310121536255e-01,-1.407349407672882080e-01,-8.474167436361312866e-02,-2.978195250034332275e-02,2.640668302774429321e-02,nan,nan,nan,nan,nan,-4.174290224909782410e-02,-5.210259556770324707e-02,-5.973194167017936707e-02,-6.791619211435317993e-02,-7.731717824935913086e-02
nan,nan,nan,nan,-3.082311451435089111e-01,-2.523252964019775391e-01,-1.968756616115570068e-01,-1.408538371324539185e-01,-8.486665785312652588e-02,-2.960242889821529388e-02,2.659753151237964630e-02,nan,1.386616975069046021e-01,1.944673955440521240e-01,2.505087852478027344e-01,3.064911663532257080e-01,3.623388111591339111e-01,4.180638790130615234e-01,4.734921157360076904e-01,5.285331010818481445e-01,5.833260416984558105e-01
nan,nan,-4.205402433872222900e-01,-3.646622598171234131e-01,-3.085157573223114014e-01,-2.525160610675811768e-01,-1.969623565673828125e-01,-1.409888863563537598e-01,-8.487427234649658203e-02,-2.948576398193836212e-02,2.664393745362758636e-02,8.260824531316757202e-02,1.387418955564498901e-01,1.946849375963211060e-01,2.507797181606292725e-01,3.067151308059692383e-01,3.626811802387237549e-01,4.183907806873321533e-01,4.741000533103942871e-01,5.293282866477966309e-01,5.843572020530700684e-01
