# 1st dimension: Re = np.logspace(np.log10(1.4e6), np.log10(1.05e7), 20); 2nd dimension: alpha = np.arange(-5., 5.5, .5)
-2.112583518028259277e-01,-1.579232066869735718e-01,-1.032751575112342834e-01,-4.731511697173118591e-02,8.131028153002262115e-03,nan,1.189080774784088135e-01,1.728930324316024780e-01,2.286866158246994019e-01,2.831623852252960205e-01,3.373198509216308594e-01,3.902763426303863525e-01,4.379545450210571289e-01,5.003234148025512695e-01,5.568607449531555176e-01,6.112299561500549316e-01,6.653741598129272461e-01,7.191548347473144531e-01,7.731904387474060059e-01,8.209047317504882812e-01,8.705499768257141113e-01
nan,nan,nan,nan,nan,nan,nan,nan,2.285566180944442749e-01,2.832564711570739746e-01,nan,nan,nan,nan,nan,nan,nan,nan,nan,nan,nan
-2.141166031360626221e-01,-1.602690368890762329e-01,-1.048547849059104919e-01,-4.915219545364379883e-02,6.419295910745859146e-03,nan,1.176817119121551514e-01,1.726622581481933594e-01,2.281802743673324585e-01,2.831687033176422119e-01,3.377560079097747803e-01,3.922020792961120605e-01,4.449951350688934326e-01,4.909098744392395020e-01,5.569313764572143555e-01,6.114732623100280762e-01,6.657527089118957520e-01,7.200943827629089355e-01,7.742303013801574707e-01,8.206722140312194824e-01,8.687478899955749512e-01
-2.150689661502838135e-01,-1.608477234840393066e-01,-1.058919578790664673e-01,-4.983973875641822815e-02,5.974739324301481247e-03,6.181051582098007202e-02,1.174868941307067871e-01,1.727866679430007935e-01,2.283170968294143677e-01,2.834160625934600830e-01,3.383112549781799316e-01,3.930456340312957764e-01,4.468274712562561035e-01,4.949853718280792236e-01,5.564531683921813965e-01,6.119865179061889648e-01,6.660035848617553711e-01,7.205740213394165039e-01,7.746648788452148438e-01,8.206321001052856445e-01,8.682414889335632324e-01
-2.161432653665542603e-01,-1.611817330121994019e-01,-1.066275984048843384e-01,-5.085380375385284424e-02,5.134590435773134232e-03,6.114639341831207275e-02,1.169808655977249146e-01,1.724183559417724609e-01,2.279558479785919189e-01,nan,3.385366499423980713e-01,nan,nan,nan,nan,nan,nan,nan,nan,nan,nan
-2.169188708066940308e-01,-1.616438329219818115e-01,-1.071506142616271973e-01,-5.128065496683120728e-02,4.688803106546401978e-03,6.066509336233139038e-02,1.166872903704643250e-01,nan,2.279069274663925171e-01,2.833987474441528320e-01,3.387470841407775879e-01,3.935223817825317383e-01,4.486693143844604492e-01,5.022745728492736816e-01,5.482110977172851562e-01,6.121163964271545410e-01,6.666242480278015137e-01,7.213034033775329590e-01,7.756285667419433594e-01,8.199364542961120605e-01,8.680632710456848145e-01
-2.174487262964248657e-01,-1.619915813207626343e-01,-1.079713851213455200e-01,-5.192073434591293335e-02,4.216259345412254333e-03,6.018339470028877258e-02,1.163906902074813843e-01,1.720012575387954712e-01,2.277671247720718384e-01,2.835175096988677979e-01,3.391479551792144775e-01,3.937669992446899414e-01,4.492755234241485596e-01,5.037190318107604980e-01,5.522862076759338379e-01,6.125203967094421387e-01,6.669607162475585938e-01,7.218566536903381348e-01,7.762221097946166992e-01,8.194497823715209961e-01,8.689066767692565918e-01
-2.182698845863342285e-01,-1.619278937578201294e-01,-1.083965823054313660e-01,-5.261930450797080994e-02,3.531428519636392593e-03,5.962943285703659058e-02,1.158420816063880920e-01,1.715890467166900635e-01,2.275428771972656250e-01,2.833003401756286621e-01,3.389508128166198730e-01,3.939684629440307617e-01,4.493950605392456055e-01,5.043457150459289551e-01,5.554874539375305176e-01,6.060203313827514648e-01,6.669819951057434082e-01,7.219579815864562988e-01,7.764419913291931152e-01,8.193343877792358398e-01,8.701924681663513184e-01
-2.193303257226943970e-01,-1.622240692377090454e-01,nan,-5.302643030881881714e-02,3.217168617993593216e-03,5.938453972339630127e-02,1.157069951295852661e-01,1.715713888406753540e-01,2.275794595479965210e-01,2.835094034671783447e-01,3.391239047050476074e-01,nan,4.499160647392272949e-01,5.052608847618103027e-01,5.575320124626159668e-01,6.061846613883972168e-01,6.674728393554687500e-01,7.223150134086608887e-01,7.769409418106079102e-01,8.189825415611267090e-01,8.708674311637878418e-01
-2.198940366506576538e-01,nan,nan,-5.375321581959724426e-02,2.532015787437558174e-03,5.885418504476547241e-02,1.151579171419143677e-01,1.710804551839828491e-01,2.273202091455459595e-01,2.835446298122406006e-01,nan,3.946728408336639404e-01,4.501654505729675293e-01,5.057123303413391113e-01,5.591305494308471680e-01,6.102474331855773926e-01,nan,7.228808999061584473e-01,7.776840925216674805e-01,8.194580078125000000e-01,8.720890879631042480e-01
nan,-1.648225635290145874e-01,-1.102501899003982544e-01,-5.403942614793777466e-02,2.280380809679627419e-03,5.869009718298912048e-02,1.149915680289268494e-01,1.710476577281951904e-01,2.273565381765365601e-01,2.833004891872406006e-01,3.389706611633300781e-01,3.948455750942230225e-01,4.502802789211273193e-01,5.058535933494567871e-01,5.601235032081604004e-01,6.128470301628112793e-01,6.620551943778991699e-01,7.229525446891784668e-01,7.781132459640502930e-01,8.195505738258361816e-01,8.733428120613098145e-01
nan,-1.664302498102188110e-01,nan,-5.464624986052513123e-02,1.707400311715900898e-03,5.831474065780639648e-02,1.145936474204063416e-01,1.706998348236083984e-01,2.273461669683456421e-01,2.834323346614837646e-01,3.390032351016998291e-01,3.952304422855377197e-01,4.507210552692413330e-01,5.063599944114685059e-01,5.607460737228393555e-01,6.146228313446044922e-01,6.647226214408874512e-01,7.232045531272888184e-01,7.782753109931945801e-01,8.204284906387329102e-01,8.745533227920532227e-01
nan,-1.672971695661544800e-01,-1.114243268966674805e-01,-5.499933287501335144e-02,1.462541404180228710e-03,5.793511867523193359e-02,1.143052354454994202e-01,nan,2.270552515983581543e-01,2.830687761306762695e-01,3.388612568378448486e-01,3.951276540756225586e-01,4.507496654987335205e-01,5.068478584289550781e-01,5.614398717880249023e-01,6.156262159347534180e-01,6.689285039901733398e-01,7.211080789566040039e-01,7.788188457489013672e-01,8.214692473411560059e-01,8.757159113883972168e-01
nan,-1.681465655565261841e-01,-1.120151802897453308e-01,-5.550960823893547058e-02,1.151732751168310642e-03,5.769525095820426941e-02,1.140687763690948486e-01,1.705659627914428711e-01,2.270880788564682007e-01,2.830833792686462402e-01,3.391215205192565918e-01,3.951757252216339111e-01,4.509586393833160400e-01,5.069491267204284668e-01,5.615692734718322754e-01,6.160601377487182617e-01,6.709886789321899414e-01,7.199405431747436523e-01,7.792047262191772461e-01,8.220709562301635742e-01,8.768472075462341309e-01
nan,-1.687229871749877930e-01,-1.123981103301048279e-01,-5.590306222438812256e-02,6.834997329860925674e-04,5.718794092535972595e-02,1.136331781744956970e-01,1.702169179916381836e-01,2.270527034997940063e-01,2.827216982841491699e-01,3.391628861427307129e-01,3.952477872371673584e-01,4.513883888721466064e-01,5.072436332702636719e-01,5.622148513793945312e-01,6.167035698890686035e-01,6.717512011528015137e-01,7.240823507308959961e-01,7.791405320167541504e-01,8.230660557746887207e-01,8.779498338699340820e-01
-2.249414026737213135e-01,-1.693905591964721680e-01,-1.128420233726501465e-01,-5.626706033945083618e-02,5.219238228164613247e-04,5.703423917293548584e-02,1.135575100779533386e-01,1.701864600181579590e-01,2.266598045825958252e-01,2.827340364456176758e-01,3.389725983142852783e-01,3.950444757938385010e-01,4.514879882335662842e-01,5.076615810394287109e-01,5.623573660850524902e-01,6.174179315567016602e-01,6.726697087287902832e-01,7.267435193061828613e-01,7.754065990447998047e-01,8.240477442741394043e-01,8.790228366851806641e-01
-2.259287238121032715e-01,-1.698184162378311157e-01,-1.133144944906234741e-01,-5.672850832343101501e-02,-3.478187863947823644e-05,5.652321130037307739e-02,1.131105944514274597e-01,1.701037436723709106e-01,2.266500294208526611e-01,2.826969027519226074e-01,3.391380012035369873e-01,3.953009545803070068e-01,4.514556229114532471e-01,nan,5.625417828559875488e-01,6.177636981010437012e-01,6.731889843940734863e-01,7.282651066780090332e-01,7.795820832252502441e-01,8.250059485435485840e-01,8.800688982009887695e-01
-2.266972661018371582e-01,-1.702953726053237915e-01,-1.136639192700386047e-01,-5.688568204641342163e-02,-2.067466411972418427e-04,5.641767755150794983e-02,1.130525618791580200e-01,1.697430461645126343e-01,2.261521667242050171e-01,2.824300527572631836e-01,3.389706015586853027e-01,3.953826129436492920e-01,4.517851173877716064e-01,5.076604485511779785e-01,5.630542635917663574e-01,6.180375814437866211e-01,6.733999252319335938e-01,7.290621995925903320e-01,7.820544242858886719e-01,8.232865929603576660e-01,8.810904622077941895e-01
-2.272177785634994507e-01,-1.707596629858016968e-01,-1.141822710633277893e-01,-5.741105973720550537e-02,-7.403085473924875259e-04,5.592463538050651550e-02,1.129165887832641602e-01,1.697383970022201538e-01,2.261378169059753418e-01,2.825424969196319580e-01,3.388860225677490234e-01,3.952288329601287842e-01,4.519776701927185059e-01,5.076253414154052734e-01,5.634274482727050781e-01,6.186354160308837891e-01,6.740148067474365234e-01,7.294638156890869141e-01,7.829180955886840820e-01,8.271818757057189941e-01,8.820911645889282227e-01
-2.278381288051605225e-01,-1.711261123418807983e-01,-1.144319623708724976e-01,-5.760603770613670349e-02,-9.196189930662512779e-04,5.577462911605834961e-02,1.125480085611343384e-01,1.695344150066375732e-01,2.256466001272201538e-01,2.824471294879913330e-01,nan,3.954176902770996094e-01,4.518229365348815918e-01,5.075283050537109375e-01,5.634385943412780762e-01,6.192106604576110840e-01,6.745740771293640137e-01,7.300987243652343750e-01,7.837017774581909180e-01,8.304927349090576172e-01,8.822059631347656250e-01
