# 1st dimension: Re = np.logspace(np.log10(1.4e6), np.log10(1.05e7), 20); 2nd dimension: alpha = np.arange(-5., 5.5, .5)
-5.089151859283447266e-02,1.728582009673118591e-02,8.590368181467056274e-02,1.538460105657577515e-01,2.131931185722351074e-01,2.722501456737518311e-01,3.312125504016876221e-01,3.886458575725555420e-01,4.444519877433776855e-01,4.942681789398193359e-01,5.436316728591918945e-01,5.965170860290527344e-01,6.510246992111206055e-01,7.067191004753112793e-01,7.626747488975524902e-01,8.182441592216491699e-01,8.737685084342956543e-01,9.281165003776550293e-01,9.834496378898620605e-01,1.037903070449829102e+00,1.090828537940979004e+00
-5.076283589005470276e-02,1.512711960822343826e-02,8.275157213211059570e-02,1.517310887575149536e-01,2.129820883274078369e-01,2.724289298057556152e-01,3.314042389392852783e-01,3.888573646545410156e-01,4.440542459487915039e-01,4.926664233207702637e-01,5.440662503242492676e-01,5.977621674537658691e-01,6.529533267021179199e-01,7.087963223457336426e-01,7.649051547050476074e-01,8.209264278411865234e-01,8.764191269874572754e-01,9.312911629676818848e-01,9.865891933441162109e-01,1.040965795516967773e+00,1.093956112861633301e+00
-5.132845416665077209e-02,1.361416839063167572e-02,7.978364080190658569e-02,1.485407203435897827e-01,2.127538621425628662e-01,2.726423442363739014e-01,3.314945399761199951e-01,3.888099193572998047e-01,4.428294897079467773e-01,4.918421506881713867e-01,5.446283221244812012e-01,5.991527438163757324e-01,6.547375321388244629e-01,nan,7.671793103218078613e-01,8.232891559600830078e-01,8.789191246032714844e-01,9.341598153114318848e-01,9.893978834152221680e-01,1.043803215026855469e+00,1.097547650337219238e+00
-5.192077159881591797e-02,1.236571837216615677e-02,7.755926996469497681e-02,1.452465057373046875e-01,2.123020142316818237e-01,2.727720141410827637e-01,nan,3.884859979152679443e-01,4.407360851764678955e-01,4.913994669914245605e-01,5.453783869743347168e-01,6.005224585533142090e-01,6.566872596740722656e-01,7.129095196723937988e-01,nan,8.255164623260498047e-01,8.811575770378112793e-01,9.368296861648559570e-01,9.919911026954650879e-01,nan,1.100938677787780762e+00
nan,1.130012329667806625e-02,7.598895579576492310e-02,1.427616775035858154e-01,2.115693837404251099e-01,nan,3.314659297466278076e-01,3.877755999565124512e-01,4.392589330673217773e-01,4.915530085563659668e-01,5.463114380836486816e-01,6.018607020378112793e-01,6.584109067916870117e-01,7.148379683494567871e-01,7.714175581932067871e-01,8.275406956672668457e-01,8.832882642745971680e-01,9.392250776290893555e-01,9.944154620170593262e-01,1.048748254776000977e+00,1.104050159454345703e+00
-5.245070159435272217e-02,1.017967425286769867e-02,7.449788600206375122e-02,1.409219056367874146e-01,2.095447927713394165e-01,2.730859816074371338e-01,3.314424753189086914e-01,3.862956464290618896e-01,4.380896687507629395e-01,4.918975532054901123e-01,5.471305251121520996e-01,nan,6.599984169006347656e-01,7.166876196861267090e-01,7.733427286148071289e-01,8.296999335289001465e-01,8.855754733085632324e-01,9.415100216865539551e-01,9.966567754745483398e-01,nan,1.107035636901855469e+00
-5.290131270885467529e-02,9.531341493129730225e-03,7.336851209402084351e-02,1.393471211194992065e-01,2.069841474294662476e-01,2.730764448642730713e-01,3.312965333461761475e-01,3.842956721782684326e-01,4.376411139965057373e-01,4.923732578754425049e-01,5.483179688453674316e-01,6.046023368835449219e-01,6.615247130393981934e-01,7.184658050537109375e-01,7.752276062965393066e-01,8.318046331405639648e-01,8.878116011619567871e-01,9.435514807701110840e-01,9.988883137702941895e-01,1.054335236549377441e+00,1.109853029251098633e+00
-5.298845097422599792e-02,9.056058712303638458e-03,7.281408458948135376e-02,1.381739825010299683e-01,2.046844661235809326e-01,2.726658582687377930e-01,3.309897780418395996e-01,3.828774988651275635e-01,4.373945891857147217e-01,4.929194152355194092e-01,5.492300391197204590e-01,6.061931252479553223e-01,6.631649732589721680e-01,7.200893163681030273e-01,7.771612405776977539e-01,8.336467146873474121e-01,8.899170756340026855e-01,9.455812573432922363e-01,nan,1.057005405426025391e+00,1.112390637397766113e+00
-5.319983512163162231e-02,8.724897168576717377e-03,7.235590368509292603e-02,nan,2.032314985990524292e-01,2.719188034534454346e-01,3.301376104354858398e-01,3.819650709629058838e-01,4.374398291110992432e-01,4.937461316585540771e-01,nan,6.075561046600341797e-01,6.645767092704772949e-01,7.219095826148986816e-01,7.788294553756713867e-01,8.354886174201965332e-01,nan,9.475817680358886719e-01,nan,nan,1.114981651306152344e+00
-5.327353626489639282e-02,8.593038655817508698e-03,7.218221575021743774e-02,1.367349922657012939e-01,2.019070684909820557e-01,2.694273591041564941e-01,3.283018171787261963e-01,3.815567791461944580e-01,4.377540349960327148e-01,4.942713379859924316e-01,nan,6.089068651199340820e-01,6.661433577537536621e-01,7.233905792236328125e-01,7.804134488105773926e-01,8.371248245239257812e-01,8.935802578926086426e-01,nan,nan,nan,1.117360234260559082e+00
-5.333725363016128540e-02,8.802824653685092926e-03,7.195248454809188843e-02,1.361756324768066406e-01,2.008720040321350098e-01,2.659785151481628418e-01,3.255257308483123779e-01,3.812257945537567139e-01,4.381034076213836670e-01,4.952604174613952637e-01,5.524935722351074219e-01,6.100980043411254883e-01,6.674945354461669922e-01,7.249060869216918945e-01,7.820786237716674805e-01,8.387489318847656250e-01,8.952670693397521973e-01,nan,nan,1.064042806625366211e+00,1.119492053985595703e+00
-5.309178307652473450e-02,8.978455327451229095e-03,7.164395600557327271e-02,1.357579827308654785e-01,2.000155895948410034e-01,2.631116807460784912e-01,3.234416544437408447e-01,3.809782266616821289e-01,4.386712610721588135e-01,4.959743320941925049e-01,5.534817576408386230e-01,6.112328767776489258e-01,6.688815355300903320e-01,7.264251708984375000e-01,7.835752964019775391e-01,8.404970169067382812e-01,nan,nan,1.009968042373657227e+00,1.066160917282104492e+00,1.121684789657592773e+00
-5.298975855112075806e-02,9.435392916202545166e-03,7.167617976665496826e-02,1.356205195188522339e-01,1.993923783302307129e-01,2.605150640010833740e-01,3.210618793964385986e-01,3.808598816394805908e-01,4.391685426235198975e-01,4.968566894531250000e-01,5.547676682472229004e-01,6.125003695487976074e-01,nan,7.278378605842590332e-01,7.851946353912353516e-01,8.419925570487976074e-01,8.985386490821838379e-01,9.553493261337280273e-01,1.011966586112976074e+00,1.068104863166809082e+00,1.123657584190368652e+00
-5.262354388833045959e-02,9.648455306887626648e-03,7.188703864812850952e-02,1.356038749217987061e-01,1.985158622264862061e-01,2.577566504478454590e-01,3.189211487770080566e-01,3.805087208747863770e-01,4.395929574966430664e-01,4.976605176925659180e-01,5.557305812835693359e-01,6.134923100471496582e-01,6.714997887611389160e-01,7.291133999824523926e-01,7.864690423011779785e-01,8.434361219406127930e-01,9.002591371536254883e-01,9.571300745010375977e-01,1.013795018196105957e+00,1.070077061653137207e+00,1.125415563583374023e+00
-5.217491462826728821e-02,1.005182135850191116e-02,7.218794524669647217e-02,1.352828890085220337e-01,1.978005319833755493e-01,2.556074559688568115e-01,3.169205188751220703e-01,3.796673417091369629e-01,4.399603903293609619e-01,4.984683990478515625e-01,5.567611455917358398e-01,6.146978139877319336e-01,6.725974678993225098e-01,7.302975058555603027e-01,7.877497673034667969e-01,8.448770642280578613e-01,nan,9.588829278945922852e-01,1.015497088432312012e+00,1.071880340576171875e+00,1.127189159393310547e+00
-5.163562297821044922e-02,1.037082355469465256e-02,7.250241190195083618e-02,1.349350810050964355e-01,1.971108317375183105e-01,2.540876865386962891e-01,3.154344856739044189e-01,3.784098327159881592e-01,4.401306509971618652e-01,nan,5.576591491699218750e-01,6.156923770904541016e-01,6.737213134765625000e-01,7.315612435340881348e-01,nan,8.461740612983703613e-01,9.034340381622314453e-01,9.604694247245788574e-01,1.017267227172851562e+00,1.073514938354492188e+00,1.128937840461730957e+00
-5.114777758717536926e-02,1.075874641537666321e-02,7.289697974920272827e-02,1.346186101436614990e-01,1.958132535219192505e-01,2.528574168682098389e-01,nan,nan,4.402377009391784668e-01,5.001328587532043457e-01,5.585680603981018066e-01,6.167759299278259277e-01,6.749455928802490234e-01,nan,7.902147769927978516e-01,8.475217819213867188e-01,9.049023985862731934e-01,9.620113372802734375e-01,1.018879175186157227e+00,1.075145363807678223e+00,1.130603551864624023e+00
-5.055600404739379883e-02,1.090684812515974045e-02,7.317978888750076294e-02,1.343600153923034668e-01,1.940497159957885742e-01,2.518663704395294189e-01,3.131501078605651855e-01,3.760720789432525635e-01,4.393372833728790283e-01,nan,5.593766570091247559e-01,6.177815198898315430e-01,6.759647727012634277e-01,7.338973283767700195e-01,7.912936806678771973e-01,8.487330675125122070e-01,9.062998890876770020e-01,9.635506272315979004e-01,1.020337104797363281e+00,1.076629161834716797e+00,1.132261753082275391e+00
-4.991402104496955872e-02,1.130855083465576172e-02,7.334242016077041626e-02,1.338859200477600098e-01,1.924624592065811157e-01,2.510997056961059570e-01,3.123484849929809570e-01,3.755208551883697510e-01,4.380079209804534912e-01,5.012068748474121094e-01,5.600810647010803223e-01,6.186621785163879395e-01,6.769438982009887695e-01,7.348804473876953125e-01,7.923948168754577637e-01,8.499869704246520996e-01,9.076027274131774902e-01,9.648852348327636719e-01,1.021882891654968262e+00,1.077975034713745117e+00,1.133960247039794922e+00
-4.935435205698013306e-02,1.163348462432622910e-02,7.331647723913192749e-02,1.331543773412704468e-01,nan,2.509545385837554932e-01,3.122710585594177246e-01,3.751527369022369385e-01,4.370502829551696777e-01,5.013051629066467285e-01,5.608319044113159180e-01,6.194144487380981445e-01,6.779239773750305176e-01,7.358133196830749512e-01,7.935078740119934082e-01,8.511492013931274414e-01,9.088530540466308594e-01,9.662621617317199707e-01,1.023251175880432129e+00,1.079353809356689453e+00,1.135548949241638184e+00
