# 1st dimension: Re = np.logspace(np.log10(1.4e6), np.log10(1.05e7), 20); 2nd dimension: alpha = np.arange(-5., 5.5, .5)
nan,-2.493303716182708740e-01,-1.872530877590179443e-01,-1.326335072517395020e-01,nan,-2.697582170367240906e-02,2.590279653668403625e-02,7.907323539257049561e-02,1.317458599805831909e-01,1.834701299667358398e-01,2.329660952091217041e-01,2.839861810207366943e-01,3.352041840553283691e-01,3.853347301483154297e-01,4.367280602455139160e-01,5.022345185279846191e-01,5.719589591026306152e-01,6.456497907638549805e-01,6.975066661834716797e-01,7.420411705970764160e-01,7.835678458213806152e-01
nan,-2.464360147714614868e-01,-1.863592714071273804e-01,-1.337276846170425415e-01,-8.118247240781784058e-02,-2.734545245766639709e-02,2.562415599822998047e-02,7.805258780717849731e-02,1.319054961204528809e-01,1.844233125448226929e-01,2.353219985961914062e-01,nan,nan,nan,nan,nan,nan,nan,nan,nan,nan
nan,-2.423343211412429810e-01,-1.870422512292861938e-01,-1.351740211248397827e-01,-8.250425755977630615e-02,-2.816536836326122284e-02,2.546992711722850800e-02,7.847379148006439209e-02,nan,1.845087856054306030e-01,2.367199361324310303e-01,nan,nan,nan,nan,nan,nan,nan,nan,nan,nan
nan,-2.414123713970184326e-01,nan,-1.363262087106704712e-01,-8.353144675493240356e-02,-2.915210463106632233e-02,2.493540756404399872e-02,7.831295579671859741e-02,1.318585723638534546e-01,1.846645325422286987e-01,2.372933477163314819e-01,2.886390686035156250e-01,3.397909998893737793e-01,3.905786573886871338e-01,4.412384927272796631e-01,4.916018247604370117e-01,nan,6.243482828140258789e-01,6.958206892013549805e-01,7.428196072578430176e-01,7.854878306388854980e-01
nan,-2.421620190143585205e-01,-1.898476630449295044e-01,-1.369818747043609619e-01,-8.409108221530914307e-02,-2.924640476703643799e-02,2.414802089333534241e-02,7.793780416250228882e-02,1.316651552915573120e-01,1.854451149702072144e-01,nan,2.902203500270843506e-01,3.403020799160003662e-01,3.918063044548034668e-01,4.434526860713958740e-01,4.935342967510223389e-01,5.514893531799316406e-01,6.175290942192077637e-01,6.886170506477355957e-01,7.433211803436279297e-01,7.858267426490783691e-01
nan,-2.432481199502944946e-01,-1.920110881328582764e-01,-1.385035216808319092e-01,-8.549766987562179565e-02,-2.979935519397258759e-02,2.413240075111389160e-02,7.771173119544982910e-02,1.312932223081588745e-01,1.854137182235717773e-01,2.389958947896957397e-01,2.921227216720581055e-01,3.410699963569641113e-01,3.930029571056365967e-01,4.448655247688293457e-01,4.962956905364990234e-01,5.480402112007141113e-01,6.111646890640258789e-01,6.823431849479675293e-01,7.430124878883361816e-01,7.874243259429931641e-01
-2.968055605888366699e-01,-2.450260818004608154e-01,-1.928153187036514282e-01,-1.390453875064849854e-01,-8.595823496580123901e-02,-3.079519420862197876e-02,2.366490662097930908e-02,7.795313745737075806e-02,1.314763128757476807e-01,1.853470206260681152e-01,2.388383001089096069e-01,2.932803332805633545e-01,3.426698148250579834e-01,3.945508599281311035e-01,4.460191726684570312e-01,4.983290433883666992e-01,5.485463142395019531e-01,nan,6.768698096275329590e-01,7.406582832336425781e-01,7.878413200378417969e-01
-2.983796894550323486e-01,-2.465221732854843140e-01,-1.943173855543136597e-01,-1.403007954359054565e-01,-8.646632730960845947e-02,-3.099293634295463562e-02,2.297171577811241150e-02,7.768059521913528442e-02,1.317189186811447144e-01,1.857830882072448730e-01,2.393723279237747192e-01,2.936831712722778320e-01,3.437295258045196533e-01,3.957907855510711670e-01,4.473959505558013916e-01,5.000253915786743164e-01,5.513721108436584473e-01,6.059018969535827637e-01,6.710829138755798340e-01,7.345969676971435547e-01,7.890649437904357910e-01
-3.006685972213745117e-01,-2.480529248714447021e-01,-1.950370222330093384e-01,-1.415382176637649536e-01,-8.746773004531860352e-02,-3.118301928043365479e-02,2.299666963517665863e-02,7.702761888504028320e-02,1.312674731016159058e-01,1.859564781188964844e-01,2.402261495590209961e-01,2.939544916152954102e-01,3.446663022041320801e-01,3.968454003334045410e-01,4.492070376873016357e-01,5.012162923812866211e-01,5.531979799270629883e-01,6.036246418952941895e-01,6.650167703628540039e-01,7.284985780715942383e-01,7.910019159317016602e-01
-3.018996119499206543e-01,-2.493642121553421021e-01,-1.957338303327560425e-01,-1.420451700687408447e-01,-8.789754658937454224e-02,-3.223054111003875732e-02,2.275155857205390930e-02,7.726715505123138428e-02,1.313941627740859985e-01,1.854205280542373657e-01,nan,2.948314547538757324e-01,3.463852703571319580e-01,3.975805342197418213e-01,4.500823915004730225e-01,5.032405257225036621e-01,5.548868179321289062e-01,6.049305200576782227e-01,6.620451807975769043e-01,7.239338755607604980e-01,7.880504131317138672e-01
-3.041555881500244141e-01,-2.506914436817169189e-01,-1.971887797117233276e-01,-1.431565582752227783e-01,-8.774267882108688354e-02,-3.271502628922462463e-02,2.209220640361309052e-02,7.683236151933670044e-02,1.318389028310775757e-01,1.859767585992813110e-01,2.403358072042465210e-01,2.950579822063446045e-01,3.479710519313812256e-01,3.988782465457916260e-01,4.507938325405120850e-01,5.043058991432189941e-01,5.570557713508605957e-01,6.078737974166870117e-01,6.602457165718078613e-01,7.192447781562805176e-01,7.825714349746704102e-01
-3.052686452865600586e-01,-2.514068186283111572e-01,-1.977256983518600464e-01,-1.438702791929244995e-01,-8.833140879869461060e-02,-3.303115069866180420e-02,2.198151871562004089e-02,7.628627866506576538e-02,1.313624978065490723e-01,nan,2.406537532806396484e-01,2.948285937309265137e-01,3.486018478870391846e-01,3.999080359935760498e-01,4.522730410099029541e-01,5.053638815879821777e-01,5.586104393005371094e-01,6.106159687042236328e-01,6.598243117332458496e-01,7.135121822357177734e-01,7.774830460548400879e-01
-3.072071671485900879e-01,-2.528048157691955566e-01,-1.987327486276626587e-01,-1.439165472984313965e-01,-8.928014338016510010e-02,-3.395494446158409119e-02,2.183905988931655884e-02,7.648647576570510864e-02,1.311088502407073975e-01,1.857670396566390991e-01,2.413650900125503540e-01,2.954550385475158691e-01,3.489903211593627930e-01,nan,4.536029398441314697e-01,5.058952569961547852e-01,5.593081116676330566e-01,6.129217743873596191e-01,6.628504991531372070e-01,7.096690535545349121e-01,7.737976312637329102e-01
-3.080032169818878174e-01,-2.535496354103088379e-01,-1.997209936380386353e-01,-1.443104147911071777e-01,-8.950819820165634155e-02,-3.435349836945533752e-02,2.085967734456062317e-02,7.636968046426773071e-02,1.313587129116058350e-01,1.858074963092803955e-01,nan,2.957071363925933838e-01,nan,4.010279178619384766e-01,4.545475542545318604e-01,5.072991847991943359e-01,5.602476000785827637e-01,6.142539381980895996e-01,6.660940051078796387e-01,7.084349393844604492e-01,7.698869109153747559e-01
-3.095223307609558105e-01,-2.543538510799407959e-01,-1.998235285282135010e-01,-1.451423168182373047e-01,-9.036194533109664917e-02,-3.438463434576988220e-02,2.053847163915634155e-02,7.575901597738265991e-02,1.307850927114486694e-01,1.862559467554092407e-01,2.411347627639770508e-01,2.955480515956878662e-01,3.500201404094696045e-01,4.023292362689971924e-01,4.552904963493347168e-01,5.086052417755126953e-01,5.614176988601684570e-01,6.154407262802124023e-01,6.679073572158813477e-01,7.105225324630737305e-01,7.642387151718139648e-01
-3.102224171161651611e-01,-2.556559741497039795e-01,-2.003344595432281494e-01,-1.454264968633651733e-01,-9.119306504726409912e-02,-3.451393544673919678e-02,2.027735114097595215e-02,7.564833015203475952e-02,1.304190605878829956e-01,1.863371133804321289e-01,2.413761168718338013e-01,2.956746518611907959e-01,nan,4.035840034484863281e-01,4.562860429286956787e-01,5.096065998077392578e-01,5.626637339591979980e-01,6.162457466125488281e-01,6.686850190162658691e-01,7.140115499496459961e-01,7.615066170692443848e-01
-3.108531534671783447e-01,-2.560942769050598145e-01,-2.011878937482833862e-01,-1.459022015333175659e-01,-9.131911396980285645e-02,-3.521608188748359680e-02,1.939756423234939575e-02,7.555780559778213501e-02,1.306753903627395630e-01,1.858606487512588501e-01,2.416986823081970215e-01,2.962601780891418457e-01,3.501792848110198975e-01,4.042829871177673340e-01,4.575488567352294922e-01,5.101031064987182617e-01,5.637830495834350586e-01,6.175584197044372559e-01,6.702271103858947754e-01,7.151203751564025879e-01,7.635660171508789062e-01
-3.120746910572052002e-01,-2.569801807403564453e-01,-2.014686763286590576e-01,-1.470345109701156616e-01,-9.190576523542404175e-02,-3.527661412954330444e-02,nan,7.460987567901611328e-02,1.305961757898330688e-01,1.859593987464904785e-01,2.411763519048690796e-01,2.959683239459991455e-01,nan,4.047609269618988037e-01,4.588297009468078613e-01,5.111801028251647949e-01,5.642148852348327637e-01,6.186627149581909180e-01,6.714566349983215332e-01,7.168260216712951660e-01,7.668088078498840332e-01
-3.125482201576232910e-01,-2.579112648963928223e-01,-2.018781900405883789e-01,-1.472920179367065430e-01,-9.246344119310379028e-02,-3.612279146909713745e-02,1.971939019858837128e-02,7.437042891979217529e-02,1.299410611391067505e-01,1.862814426422119141e-01,2.411339730024337769e-01,nan,3.511746227741241455e-01,4.055622816085815430e-01,4.594378471374511719e-01,5.125530362129211426e-01,5.649433732032775879e-01,6.200218796730041504e-01,6.728716492652893066e-01,7.182734608650207520e-01,7.694949507713317871e-01
-3.133601546287536621e-01,-2.581264972686767578e-01,-2.029795795679092407e-01,-1.478829085826873779e-01,-9.244890511035919189e-02,-3.667189180850982666e-02,1.912586018443107605e-02,nan,1.297802776098251343e-01,1.862451881170272827e-01,2.414133697748184204e-01,2.962502837181091309e-01,3.509242534637451172e-01,4.063979983329772949e-01,4.597494602203369141e-01,nan,5.658090710639953613e-01,6.205402612686157227e-01,6.732825040817260742e-01,7.195959091186523438e-01,7.716571688652038574e-01
