# 1st dimension: Re = np.logspace(np.log10(1.4e6), np.log10(1.05e7), 20); 2nd dimension: alpha = np.arange(-5., 5.5, .5)
nan,nan,nan,nan,nan,nan,1.472012102603912354e-01,nan,nan,1.627186685800552368e-01,1.844055801630020142e-01,nan,nan,nan,nan,nan,nan,nan,nan,nan,nan
1.813646703958511353e-01,1.929001361131668091e-01,2.054428905248641968e-01,2.171659916639328003e-01,2.264336645603179932e-01,2.326234728097915649e-01,nan,nan,nan,1.707517206668853760e-01,1.928009539842605591e-01,2.144878357648849487e-01,2.358206212520599365e-01,2.569176852703094482e-01,2.778621017932891846e-01,3.014979958534240723e-01,3.251175284385681152e-01,3.463109135627746582e-01,nan,nan,nan
nan,nan,nan,nan,nan,nan,nan,nan,1.749126762151718140e-01,1.774174124002456665e-01,1.996939927339553833e-01,2.217334657907485962e-01,2.434702068567276001e-01,2.650293111801147461e-01,2.869606614112854004e-01,3.108190596103668213e-01,3.329330980777740479e-01,3.541472554206848145e-01,nan,nan,nan
nan,nan,nan,nan,nan,nan,nan,nan,1.635438799858093262e-01,1.830949783325195312e-01,2.054441571235656738e-01,2.277029752731323242e-01,2.496748864650726318e-01,2.714731097221374512e-01,2.942124605178833008e-01,3.173278570175170898e-01,3.388073444366455078e-01,3.596836924552917480e-01,nan,nan,nan
nan,nan,nan,nan,nan,nan,nan,1.478995680809020996e-01,1.677188873291015625e-01,1.880155801773071289e-01,2.102755308151245117e-01,2.326427251100540161e-01,2.547537982463836670e-01,2.767325937747955322e-01,2.997977733612060547e-01,3.220026493072509766e-01,3.431420028209686279e-01,3.629422485828399658e-01,nan,nan,nan
nan,nan,nan,nan,nan,nan,1.326295435428619385e-01,1.509680747985839844e-01,1.716876626014709473e-01,1.924500912427902222e-01,2.145066857337951660e-01,2.368073612451553345e-01,2.589614093303680420e-01,2.812323570251464844e-01,3.040315508842468262e-01,3.255355954170227051e-01,3.458872735500335693e-01,3.644691407680511475e-01,3.834131658077239990e-01,nan,nan
nan,nan,nan,nan,nan,nan,1.341122984886169434e-01,1.543278545141220093e-01,1.754165142774581909e-01,1.965352594852447510e-01,2.183095216751098633e-01,2.404259890317916870e-01,2.624931037425994873e-01,2.849502265453338623e-01,3.071727454662322998e-01,3.279399275779724121e-01,3.469294905662536621e-01,3.662698566913604736e-01,3.856110274791717529e-01,nan,nan
nan,nan,nan,nan,nan,1.173335835337638855e-01,1.368601918220520020e-01,1.576185822486877441e-01,1.788672804832458496e-01,2.003001421689987183e-01,2.217191457748413086e-01,2.436295300722122192e-01,2.655019760131835938e-01,2.879165709018707275e-01,3.093090355396270752e-01,3.288677334785461426e-01,3.479866683483123779e-01,3.678937256336212158e-01,3.872624337673187256e-01,nan,nan
nan,nan,nan,nan,1.007136404514312744e-01,1.193482205271720886e-01,1.397041380405426025e-01,1.606813073158264160e-01,1.819696724414825439e-01,2.034212201833724976e-01,2.247157245874404907e-01,2.464112192392349243e-01,2.682127058506011963e-01,2.901316583156585693e-01,3.102781772613525391e-01,3.291186988353729248e-01,3.492817580699920654e-01,3.690360784530639648e-01,3.881177604198455811e-01,nan,nan
nan,nan,nan,8.422981202602386475e-02,1.017785146832466125e-01,1.216774210333824158e-01,1.423424333333969116e-01,1.633910834789276123e-01,1.846517771482467651e-01,2.060291767120361328e-01,2.272907346487045288e-01,2.487585395574569702e-01,2.705097496509552002e-01,2.913163602352142334e-01,3.101325929164886475e-01,3.302223980426788330e-01,3.501587212085723877e-01,3.694908022880554199e-01,3.877257704734802246e-01,nan,nan
nan,nan,6.775435060262680054e-02,8.406788110733032227e-02,1.034865602850914001e-01,1.238192170858383179e-01,1.446114331483840942e-01,1.656682193279266357e-01,1.868840456008911133e-01,2.081880569458007812e-01,2.294468432664871216e-01,2.507439553737640381e-01,2.721501290798187256e-01,2.911151349544525146e-01,3.109042048454284668e-01,3.309762179851531982e-01,3.504676222801208496e-01,3.690490126609802246e-01,3.870508968830108643e-01,nan,nan
nan,5.094524100422859192e-02,6.609410792589187622e-02,8.504178375005722046e-02,1.050505116581916809e-01,1.255919933319091797e-01,1.464502215385437012e-01,1.675095260143280029e-01,1.886896044015884399e-01,2.099257260560989380e-01,2.312085330486297607e-01,2.524242401123046875e-01,2.723674476146697998e-01,2.913492321968078613e-01,3.115665018558502197e-01,3.312399089336395264e-01,3.501519560813903809e-01,3.687288761138916016e-01,3.872247040271759033e-01,nan,nan
3.331175819039344788e-02,4.773584008216857910e-02,6.626468151807785034e-02,8.597675710916519165e-02,1.062942072749137878e-01,1.269761174917221069e-01,1.478963941335678101e-01,1.689635962247848511e-01,1.901252567768096924e-01,2.113559991121292114e-01,2.326114773750305176e-01,2.535293102264404297e-01,2.715884447097778320e-01,2.919110655784606934e-01,3.117862939834594727e-01,3.310460150241851807e-01,3.500928580760955811e-01,3.690145611763000488e-01,3.880861401557922363e-01,nan,nan
2.768451720476150513e-02,4.552263393998146057e-02,6.480795145034790039e-02,8.479478955268859863e-02,1.052050516009330750e-01,1.258805096149444580e-01,1.467241793870925903e-01,1.676939576864242554e-01,1.887487918138504028e-01,2.098369002342224121e-01,2.307259887456893921e-01,2.490125745534896851e-01,2.688686847686767578e-01,2.886142134666442871e-01,3.079793453216552734e-01,3.272515237331390381e-01,3.463658392429351807e-01,nan,3.861473202705383301e-01,nan,nan
2.761918492615222931e-02,4.689035564661026001e-02,6.685668230056762695e-02,8.726225048303604126e-02,1.079554334282875061e-01,1.288583129644393921e-01,1.499107778072357178e-01,1.710694879293441772e-01,1.922960132360458374e-01,2.135012894868850708e-01,2.341985255479812622e-01,2.522763907909393311e-01,2.721841335296630859e-01,2.920024693012237549e-01,3.118820488452911377e-01,3.315328061580657959e-01,3.513411283493041992e-01,3.718876838684082031e-01,3.923256695270538330e-01,nan,nan
2.693565376102924347e-02,4.677521809935569763e-02,6.706713140010833740e-02,8.767845481634140015e-02,1.085191443562507629e-01,1.295282244682312012e-01,1.506609320640563965e-01,1.718775480985641479e-01,1.931089907884597778e-01,2.140970081090927124e-01,2.329363524913787842e-01,2.522305250167846680e-01,2.721123099327087402e-01,2.922796010971069336e-01,3.122914135456085205e-01,3.322974741458892822e-01,3.530373573303222656e-01,3.736740350723266602e-01,3.941962718963623047e-01,nan,nan
2.522563189268112183e-02,4.526393488049507141e-02,6.565571576356887817e-02,8.630104362964630127e-02,1.071332916617393494e-01,1.281018257141113281e-01,1.491619646549224854e-01,1.766068935394287109e-01,1.985101103782653809e-01,2.178189903497695923e-01,2.369453907012939453e-01,2.491424232721328735e-01,2.694489955902099609e-01,2.895362079143524170e-01,3.098173141479492188e-01,3.305233716964721680e-01,3.511413335800170898e-01,3.716517984867095947e-01,3.920130729675292969e-01,nan,nan
2.617713622748851776e-02,4.665349423885345459e-02,6.739357113838195801e-02,8.833081275224685669e-02,1.094169020652770996e-01,1.306117027997970581e-01,1.518639028072357178e-01,1.730610281229019165e-01,1.933989524841308594e-01,nan,2.322250157594680786e-01,2.522242963314056396e-01,2.728614807128906250e-01,2.932806611061096191e-01,3.141825795173645020e-01,3.351556062698364258e-01,3.560509979724884033e-01,3.768377304077148438e-01,3.974888324737548828e-01,nan,nan
2.595984563231468201e-02,4.665037989616394043e-02,6.755011528730392456e-02,8.861078321933746338e-02,1.097912937402725220e-01,1.310439109802246094e-01,1.522859632968902588e-01,1.730168163776397705e-01,nan,2.123278826475143433e-01,2.319997102022171021e-01,2.526963949203491211e-01,2.733888030052185059e-01,2.942984402179718018e-01,3.153961598873138428e-01,3.364304304122924805e-01,3.573880493640899658e-01,3.782376348972320557e-01,3.989428579807281494e-01,nan,nan
2.581061609089374542e-02,4.667067900300025940e-02,6.770291179418563843e-02,8.886545896530151367e-02,1.101124137639999390e-01,1.313809454441070557e-01,1.523803472518920898e-01,nan,1.998311430215835571e-01,2.214808166027069092e-01,2.436829060316085815e-01,2.531985938549041748e-01,2.741581797599792480e-01,2.953676581382751465e-01,3.165245950222015381e-01,3.376159369945526123e-01,3.586290478706359863e-01,3.795343041419982910e-01,4.002847373485565186e-01,nan,nan
