# 1st dimension: Re = np.logspace(np.log10(1.4e6), np.log10(1.05e7), 20); 2nd dimension: alpha = np.arange(-5., 5.5, .5)
-4.217570424079895020e-01,-3.655345439910888672e-01,-3.120133578777313232e-01,-2.562444210052490234e-01,-1.986148208379745483e-01,-1.441145539283752441e-01,-8.816596120595932007e-02,-3.164669498801231384e-02,2.481190115213394165e-02,8.139837533235549927e-02,1.333197653293609619e-01,1.736120283603668213e-01,2.243296951055526733e-01,3.048280477523803711e-01,3.894694149494171143e-01,4.688243567943572998e-01,5.389876961708068848e-01,6.033011674880981445e-01,6.695947647094726562e-01,7.345148921012878418e-01,7.969533205032348633e-01
-4.253941774368286133e-01,-3.690514564514160156e-01,-3.135633170604705811e-01,-2.585174739360809326e-01,-2.015023082494735718e-01,-1.452784091234207153e-01,-8.965633809566497803e-02,-3.322241455316543579e-02,2.355343662202358246e-02,8.029991388320922852e-02,1.329254806041717529e-01,1.764356493949890137e-01,2.138382345438003540e-01,2.977951765060424805e-01,3.782109320163726807e-01,4.508121609687805176e-01,5.291025638580322266e-01,5.917773842811584473e-01,6.574429869651794434e-01,7.229192256927490234e-01,7.861340641975402832e-01
-4.284203648567199707e-01,-3.722302913665771484e-01,-3.153328299522399902e-01,-2.605847120285034180e-01,-2.039284706115722656e-01,-1.465942561626434326e-01,-9.096769988536834717e-02,-3.463219851255416870e-02,2.226194925606250763e-02,7.917506247758865356e-02,1.323433667421340942e-01,1.781899929046630859e-01,2.162993997335433960e-01,nan,3.656503856182098389e-01,4.420193433761596680e-01,5.190033316612243652e-01,5.829250216484069824e-01,6.460828185081481934e-01,7.121561765670776367e-01,7.755991816520690918e-01
-4.312858283519744873e-01,-3.749775290489196777e-01,-3.178453445434570312e-01,-2.623894810676574707e-01,-2.059862762689590454e-01,-1.487870365381240845e-01,-9.201433509588241577e-02,-3.572923690080642700e-02,2.098182588815689087e-02,7.775531709194183350e-02,nan,1.794279813766479492e-01,2.212372422218322754e-01,2.843480408191680908e-01,3.538729548454284668e-01,4.327345192432403564e-01,5.067701935768127441e-01,5.739672183990478516e-01,6.372713446617126465e-01,7.019903063774108887e-01,7.657160162925720215e-01
-4.338923692703247070e-01,-3.772960305213928223e-01,-3.201509118080139160e-01,-2.637102901935577393e-01,-2.077628076076507568e-01,-1.506322175264358521e-01,-9.315755218267440796e-02,-3.673139959573745728e-02,1.998439989984035492e-02,7.642057538032531738e-02,1.308487504720687866e-01,1.803407520055770874e-01,2.257811874151229858e-01,2.706728279590606689e-01,3.429712057113647461e-01,4.242702722549438477e-01,4.929872453212738037e-01,5.654204487800598145e-01,6.290848851203918457e-01,6.923600435256958008e-01,7.563641667366027832e-01
-4.361310601234436035e-01,-3.793622255325317383e-01,-3.222899138927459717e-01,-2.649825513362884521e-01,-2.092499881982803345e-01,-1.522956788539886475e-01,-9.489058703184127808e-02,-3.773829340934753418e-02,1.902534626424312592e-02,7.505220919847488403e-02,1.297481060028076172e-01,1.808655858039855957e-01,2.286611944437026978e-01,2.682166695594787598e-01,3.417292833328247070e-01,4.161923229694366455e-01,4.868352115154266357e-01,5.573019385337829590e-01,6.211133003234863281e-01,6.853325366973876953e-01,7.476385235786437988e-01
-4.380347132682800293e-01,-3.813086152076721191e-01,-3.242692649364471436e-01,-2.669023275375366211e-01,-2.105693370103836060e-01,-1.537644416093826294e-01,-9.639737755060195923e-02,-3.913264349102973938e-02,1.785829104483127594e-02,7.347558438777923584e-02,1.288343071937561035e-01,1.813523024320602417e-01,2.304912060499191284e-01,2.724021673202514648e-01,nan,4.077701270580291748e-01,4.793438315391540527e-01,nan,6.137391328811645508e-01,6.783498525619506836e-01,7.396801114082336426e-01
-4.397083520889282227e-01,-3.831331431865692139e-01,-3.260481655597686768e-01,-2.686142027378082275e-01,-2.117240428924560547e-01,-1.550294905900955200e-01,-9.779101610183715820e-02,-4.034441336989402771e-02,1.658250391483306885e-02,7.243163138628005981e-02,1.277997195720672607e-01,1.816322803497314453e-01,2.323571145534515381e-01,2.774585187435150146e-01,3.296338021755218506e-01,3.984543681144714355e-01,4.726502597332000732e-01,5.401114225387573242e-01,6.071880459785461426e-01,6.716534495353698730e-01,7.339484095573425293e-01
-4.414037764072418213e-01,-3.848184049129486084e-01,-3.276771605014801025e-01,-2.702435851097106934e-01,-2.126958966255187988e-01,-1.561689078807830811e-01,-9.901686012744903564e-02,-4.159581288695335388e-02,1.532671693712472916e-02,7.088958472013473511e-02,1.270454227924346924e-01,1.818549036979675293e-01,nan,nan,3.238306939601898193e-01,3.899750113487243652e-01,4.659881293773651123e-01,nan,nan,6.654106378555297852e-01,7.283015847206115723e-01
-4.429748356342315674e-01,-3.862997591495513916e-01,-3.291940093040466309e-01,-2.718169689178466797e-01,-2.141814082860946655e-01,-1.572474837303161621e-01,-1.000705286860466003e-01,-4.278959333896636963e-02,1.390118338167667389e-02,6.975471973419189453e-02,1.263842731714248657e-01,1.818159520626068115e-01,nan,2.846949696540832520e-01,3.251548409461975098e-01,3.897614181041717529e-01,4.588874280452728271e-01,5.262387394905090332e-01,5.954988002777099609e-01,6.596445441246032715e-01,7.226056456565856934e-01
-4.443571269512176514e-01,-3.876408338546752930e-01,-3.306401669979095459e-01,-2.732882797718048096e-01,-2.156069129705429077e-01,-1.581904888153076172e-01,-1.010836884379386902e-01,-4.399230331182479858e-02,1.269581075757741928e-02,6.867096573114395142e-02,1.255844533443450928e-01,1.820765733718872070e-01,nan,2.865898013114929199e-01,3.307034671306610107e-01,3.848195970058441162e-01,4.518534839153289795e-01,5.207833051681518555e-01,5.898240208625793457e-01,6.543045639991760254e-01,7.171388864517211914e-01
-4.455857276916503906e-01,-3.889672756195068359e-01,-3.320150971412658691e-01,-2.746122777462005615e-01,-2.169867455959320068e-01,-1.591699421405792236e-01,-1.021347641944885254e-01,-4.494681581854820251e-02,1.145922206342220306e-02,6.787882745265960693e-02,1.248481571674346924e-01,1.818001121282577515e-01,2.354508191347122192e-01,2.881738245487213135e-01,3.356229662895202637e-01,3.808672428131103516e-01,4.458654224872589111e-01,5.152711868286132812e-01,5.835794210433959961e-01,6.490560770034790039e-01,7.119107246398925781e-01
-4.468629956245422363e-01,-3.902020752429962158e-01,-3.332972228527069092e-01,-2.758902013301849365e-01,-2.182433754205703735e-01,nan,-1.030904650688171387e-01,nan,1.026869472116231918e-02,6.711686402559280396e-02,1.242354139685630798e-01,1.813090741634368896e-01,2.358290106058120728e-01,nan,3.397729396820068359e-01,3.822219371795654297e-01,4.416939616203308105e-01,5.092810988426208496e-01,5.754790306091308594e-01,6.436244249343872070e-01,7.067833542823791504e-01
-4.481444954872131348e-01,-3.913267254829406738e-01,-3.343791961669921875e-01,-2.771165966987609863e-01,-2.194238305091857910e-01,nan,-1.039618998765945435e-01,-4.713055118918418884e-02,9.257603436708450317e-03,6.632743030786514282e-02,1.236973926424980164e-01,1.807620227336883545e-01,2.360585331916809082e-01,2.902122735977172852e-01,3.424740433692932129e-01,3.865676522254943848e-01,4.390939176082611084e-01,5.046187043190002441e-01,5.663895010948181152e-01,6.378556489944458008e-01,7.017301321029663086e-01
-4.492150247097015381e-01,-3.924550116062164307e-01,-3.354853987693786621e-01,-2.782345712184906006e-01,-2.205542176961898804e-01,-1.628122478723526001e-01,-1.051750183105468750e-01,-4.796881973743438721e-02,8.474110625684261322e-03,6.564798951148986816e-02,1.231608837842941284e-01,nan,2.362049072980880737e-01,nan,nan,3.906701207160949707e-01,4.381090104579925537e-01,5.001406073570251465e-01,5.615468621253967285e-01,6.316574215888977051e-01,6.965713500976562500e-01
-4.500464200973510742e-01,-3.935637474060058594e-01,-3.365110456943511963e-01,-2.792933285236358643e-01,-2.216613143682479858e-01,-1.639252901077270508e-01,nan,-4.904844984412193298e-02,7.698708679527044296e-03,6.503631919622421265e-02,1.225516200065612793e-01,1.797666698694229126e-01,nan,2.914584875106811523e-01,3.452427387237548828e-01,3.943567574024200439e-01,4.395739436149597168e-01,4.969191253185272217e-01,5.599095225334167480e-01,6.254979968070983887e-01,6.913510560989379883e-01
-4.509325921535491943e-01,-3.946282267570495605e-01,-3.374023139476776123e-01,nan,-2.226921021938323975e-01,-1.649726629257202148e-01,nan,nan,6.953626405447721481e-03,6.445565074682235718e-02,1.218901425600051880e-01,1.793167740106582642e-01,2.364797890186309814e-01,2.914547622203826904e-01,3.461144268512725830e-01,3.976438641548156738e-01,4.430720210075378418e-01,nan,5.577434897422790527e-01,6.196711063385009766e-01,6.860100030899047852e-01
-4.519669115543365479e-01,-3.954240977764129639e-01,-3.383572697639465332e-01,-2.811261117458343506e-01,-2.236814349889755249e-01,-1.659885495901107788e-01,nan,nan,6.316935177892446518e-03,6.386248022317886353e-02,1.212764456868171692e-01,1.788962930440902710e-01,2.362210452556610107e-01,2.914073765277862549e-01,3.463826775550842285e-01,3.996471762657165527e-01,4.474697113037109375e-01,4.966067373752593994e-01,5.534772276878356934e-01,6.139129400253295898e-01,6.805999875068664551e-01
-4.525569975376129150e-01,-3.961352407932281494e-01,-3.393265008926391602e-01,-2.819776237010955811e-01,-2.246171385049819946e-01,-1.669439971446990967e-01,-1.092491745948791504e-01,-5.200209096074104309e-02,nan,6.321184337139129639e-02,1.207309290766716003e-01,1.784709692001342773e-01,2.358810305595397949e-01,2.916474640369415283e-01,nan,4.013407230377197266e-01,4.516589343547821045e-01,4.978243708610534668e-01,5.530661344528198242e-01,6.120503544807434082e-01,6.751010417938232422e-01
-4.535403251647949219e-01,-3.969409167766571045e-01,-3.402366638183593750e-01,-2.827522158622741699e-01,-2.254779785871505737e-01,-1.677923351526260376e-01,-1.102343946695327759e-01,nan,4.962979350239038467e-03,6.257279217243194580e-02,1.202215552330017090e-01,1.780408769845962524e-01,2.353102415800094604e-01,2.916644811630249023e-01,3.475471436977386475e-01,4.025988578796386719e-01,nan,nan,5.536652803421020508e-01,6.126080155372619629e-01,6.704531908035278320e-01
