# 1st dimension: Re = np.logspace(np.log10(1.4e6), np.log10(1.05e7), 20); 2nd dimension: alpha = np.arange(-5., 5.5, .5)
-1.402628272771835327e-01,-8.585676550865173340e-02,-3.269212692975997925e-02,2.119578234851360321e-02,7.655935734510421753e-02,1.326424628496170044e-01,1.887597739696502686e-01,2.446139156818389893e-01,3.003639280796051025e-01,3.557256758213043213e-01,4.107337594032287598e-01,4.646799564361572266e-01,5.177202820777893066e-01,5.692217350006103516e-01,6.156696677207946777e-01,6.716324687004089355e-01,6.930909156799316406e-01,7.153280973434448242e-01,7.597515583038330078e-01,8.051034212112426758e-01,8.514226675033569336e-01
-1.410517394542694092e-01,-8.645448088645935059e-02,-3.233316540718078613e-02,2.112493477761745453e-02,7.619467377662658691e-02,1.321591585874557495e-01,1.882918775081634521e-01,2.443341910839080811e-01,3.002134561538696289e-01,3.558155894279479980e-01,4.107652604579925537e-01,4.649145305156707764e-01,5.186084508895874023e-01,5.707601308822631836e-01,6.184715032577514648e-01,nan,6.861062645912170410e-01,7.162867188453674316e-01,7.618775367736816406e-01,8.084904551506042480e-01,8.549210429191589355e-01
-1.417193859815597534e-01,-8.664175122976303101e-02,-3.233835473656654358e-02,2.139641344547271729e-02,7.585813105106353760e-02,1.318975538015365601e-01,1.878690123558044434e-01,2.440396994352340698e-01,3.003174662590026855e-01,3.558666110038757324e-01,4.106877446174621582e-01,4.650400280952453613e-01,5.191477537155151367e-01,5.719268918037414551e-01,6.218389272689819336e-01,6.415696144104003906e-01,6.814769506454467773e-01,7.176480889320373535e-01,7.639087438583374023e-01,8.115794062614440918e-01,8.583157658576965332e-01
-1.421477794647216797e-01,-8.699417859315872192e-02,-3.233100473880767822e-02,2.190041728317737579e-02,7.574474811553955078e-02,1.313591450452804565e-01,1.876325309276580811e-01,2.443220317363739014e-01,3.002170026302337646e-01,3.556485474109649658e-01,4.105668067932128906e-01,4.655733406543731689e-01,5.196661949157714844e-01,5.726361870765686035e-01,6.230515837669372559e-01,6.297674179077148438e-01,6.795836091041564941e-01,7.192347049713134766e-01,7.659909725189208984e-01,8.144345283508300781e-01,8.615044355392456055e-01
-1.425987333059310913e-01,-8.724619448184967041e-02,-3.247489407658576965e-02,2.218592539429664612e-02,7.539445161819458008e-02,1.312875747680664062e-01,1.877070069313049316e-01,2.440553307533264160e-01,3.000512123107910156e-01,3.555041551589965820e-01,4.108020365238189697e-01,4.656830430030822754e-01,5.201057791709899902e-01,5.736784934997558594e-01,6.232712864875793457e-01,6.271832585334777832e-01,6.745031476020812988e-01,7.208099961280822754e-01,7.681393623352050781e-01,8.171233534812927246e-01,8.643421530723571777e-01
-1.430397331714630127e-01,-8.774451166391372681e-02,-3.282567858695983887e-02,2.246438339352607727e-02,7.563779503107070923e-02,1.311062276363372803e-01,1.875829994678497314e-01,2.438598126173019409e-01,2.998338937759399414e-01,3.552927970886230469e-01,4.108191430568695068e-01,4.659927785396575928e-01,5.202593803405761719e-01,5.747023224830627441e-01,nan,6.249182820320129395e-01,6.656649112701416016e-01,7.225099205970764160e-01,7.702130675315856934e-01,8.196450471878051758e-01,8.668769001960754395e-01
-1.436881572008132935e-01,-8.822926133871078491e-02,-3.283449634909629822e-02,2.275699563324451447e-02,7.554666697978973389e-02,1.311587542295455933e-01,1.874685138463973999e-01,2.437038421630859375e-01,2.994934320449829102e-01,3.554541170597076416e-01,4.110971987247467041e-01,4.661335647106170654e-01,5.209394693374633789e-01,5.752489566802978516e-01,6.060147285461425781e-01,6.247668862342834473e-01,6.690181493759155273e-01,7.244401574134826660e-01,7.724254727363586426e-01,8.220191001892089844e-01,8.692094683647155762e-01
-1.440958976745605469e-01,-8.833964914083480835e-02,-3.281512483954429626e-02,2.293898351490497589e-02,7.624899595975875854e-02,1.311226785182952881e-01,1.872664541006088257e-01,2.433961480855941772e-01,2.996910512447357178e-01,3.556575477123260498e-01,4.112339913845062256e-01,4.661488234996795654e-01,5.217791795730590820e-01,5.754494667053222656e-01,5.981571078300476074e-01,6.253848075866699219e-01,6.718276739120483398e-01,7.196389436721801758e-01,7.747510075569152832e-01,8.243057727813720703e-01,8.713706135749816895e-01
-1.441770344972610474e-01,-8.840484917163848877e-02,-3.276508301496505737e-02,nan,7.722922414541244507e-02,1.310372203588485718e-01,1.869266182184219360e-01,2.435244768857955933e-01,2.997582256793975830e-01,3.558576405048370361e-01,4.111175835132598877e-01,4.668331146240234375e-01,5.223891735076904297e-01,5.766694545745849609e-01,5.916990041732788086e-01,6.257283091545104980e-01,nan,7.183929681777954102e-01,7.769396305084228516e-01,8.265337944030761719e-01,8.733671903610229492e-01
nan,-8.843209594488143921e-02,-3.278177604079246521e-02,2.315338701009750366e-02,7.775276899337768555e-02,1.309858411550521851e-01,1.870343238115310669e-01,2.436599284410476685e-01,2.999644577503204346e-01,3.557329177856445312e-01,4.113694429397583008e-01,nan,nan,nan,nan,nan,nan,nan,nan,nan,nan
-1.442058533430099487e-01,-8.861713111400604248e-02,-3.305304795503616333e-02,2.285843528807163239e-02,7.804062962532043457e-02,1.311598122119903564e-01,1.873072385787963867e-01,2.438572347164154053e-01,3.000034689903259277e-01,3.556145727634429932e-01,4.120696485042572021e-01,4.681015312671661377e-01,5.229252576828002930e-01,5.720521807670593262e-01,5.837705135345458984e-01,6.274179816246032715e-01,6.772750020027160645e-01,7.269465923309326172e-01,7.702147364616394043e-01,8.305068016052246094e-01,8.768873214721679688e-01
nan,-8.901229500770568848e-02,-3.326511755585670471e-02,2.269237488508224487e-02,7.857541739940643311e-02,1.317134499549865723e-01,1.876609027385711670e-01,2.439738363027572632e-01,2.997637391090393066e-01,nan,4.127896726131439209e-01,4.681358635425567627e-01,5.239391326904296875e-01,5.646461844444274902e-01,5.824459195137023926e-01,6.283161640167236328e-01,6.790305972099304199e-01,7.293176651000976562e-01,7.792124152183532715e-01,8.322607278823852539e-01,8.784500956535339355e-01
-1.447981148958206177e-01,-8.937355875968933105e-02,-3.329473361372947693e-02,2.304779738187789917e-02,7.910314202308654785e-02,1.320485770702362061e-01,1.878979355096817017e-01,2.437124848365783691e-01,3.000731766223907471e-01,3.568648993968963623e-01,4.130445420742034912e-01,4.684123098850250244e-01,5.241124033927917480e-01,5.579178333282470703e-01,nan,6.293316483497619629e-01,6.807330846786499023e-01,7.313630580902099609e-01,7.824180126190185547e-01,8.254538178443908691e-01,8.799715042114257812e-01
-1.450821608304977417e-01,-8.928751945495605469e-02,-3.300526365637779236e-02,2.337736263871192932e-02,7.960364222526550293e-02,1.327101141214370728e-01,1.876799762248992920e-01,2.436834275722503662e-01,3.007094860076904297e-01,3.573478460311889648e-01,4.130395352840423584e-01,4.693254828453063965e-01,5.242462158203125000e-01,5.524236559867858887e-01,5.816919803619384766e-01,6.304028034210205078e-01,6.823849678039550781e-01,7.334846258163452148e-01,7.849177122116088867e-01,8.334734439849853516e-01,8.815432786941528320e-01
-1.448380947113037109e-01,nan,-3.270150348544120789e-02,2.369363047182559967e-02,7.994151115417480469e-02,1.333997547626495361e-01,1.873703300952911377e-01,2.443991005420684814e-01,3.012578189373016357e-01,3.575079739093780518e-01,4.134466350078582764e-01,4.700463712215423584e-01,5.232290029525756836e-01,5.477468371391296387e-01,5.821098685264587402e-01,6.315339803695678711e-01,6.840236186981201172e-01,7.355256080627441406e-01,7.871997952461242676e-01,nan,8.762257695198059082e-01
-1.445557326078414917e-01,nan,-3.240984678268432617e-02,2.391073107719421387e-02,7.995033264160156250e-02,1.338548809289932251e-01,1.878733634948730469e-01,2.450444102287292480e-01,3.015231788158416748e-01,3.574779033660888672e-01,4.142678976058959961e-01,4.697568118572235107e-01,5.192897319793701172e-01,5.439787507057189941e-01,5.827020406723022461e-01,6.328640580177307129e-01,6.856099367141723633e-01,7.374264597892761230e-01,7.893764972686767578e-01,nan,8.850602507591247559e-01
-1.443144232034683228e-01,nan,-3.227992355823516846e-02,2.390469238162040710e-02,7.966827601194381714e-02,1.346250474452972412e-01,1.885376423597335815e-01,2.453738451004028320e-01,3.015567958354949951e-01,3.580419421195983887e-01,4.148607552051544189e-01,4.700956940650939941e-01,5.152234435081481934e-01,5.415170192718505859e-01,5.834273695945739746e-01,6.342419385910034180e-01,nan,7.392496466636657715e-01,7.914448380470275879e-01,nan,nan
nan,nan,-3.232598677277565002e-02,2.368480712175369263e-02,7.960860431194305420e-02,1.356923431158065796e-01,1.890402436256408691e-01,2.453770488500595093e-01,3.015994727611541748e-01,3.587269186973571777e-01,4.148334860801696777e-01,4.670768380165100098e-01,5.116379261016845703e-01,5.396631360054016113e-01,5.841828584671020508e-01,6.354740262031555176e-01,6.883750557899475098e-01,7.410213947296142578e-01,7.934545874595642090e-01,8.448307514190673828e-01,nan
nan,nan,-3.252251073718070984e-02,2.343557216227054596e-02,8.017902821302413940e-02,1.365497112274169922e-01,1.891916394233703613e-01,2.453173398971557617e-01,3.023544251918792725e-01,3.592021167278289795e-01,4.149466753005981445e-01,4.626833200454711914e-01,5.077849030494689941e-01,5.388802886009216309e-01,5.851219296455383301e-01,6.366476416587829590e-01,6.899781227111816406e-01,7.427436709403991699e-01,7.953453660011291504e-01,8.470621109008789062e-01,nan
-1.446461081504821777e-01,-8.879552036523818970e-02,-3.274707496166229248e-02,2.385860681533813477e-02,8.061424642801284790e-02,1.368417888879776001e-01,1.891190409660339355e-01,2.457279860973358154e-01,3.029322028160095215e-01,3.590785264968872070e-01,4.139035940170288086e-01,4.593974947929382324e-01,5.040807127952575684e-01,5.388014316558837891e-01,5.858651399612426758e-01,6.381669044494628906e-01,6.915473341941833496e-01,7.444406151771545410e-01,7.971777319908142090e-01,8.491988778114318848e-01,nan
